Future.ID,Strategy.ID,Strategy,Fuel,Technology,Emission,Season,Year,SpecifiedAnnualDemand,CapacityFactor,OperationalLife,ResidualCapacity,InputActivityRatio,OutputActivityRatio,EmissionActivityRatio,CapitalCost,VariableCost,FixedCost,TotalAnnualMaxCapacity,TotalAnnualMinCapacity,TotalAnnualMaxCapacityInvestment,TotalAnnualMinCapacityInvestment,TotalTechnologyAnnualActivityUpperLimit,TotalTechnologyAnnualActivityLowerLimit,DistanceDriven,UnitCapitalCost (USD),UnitFixedCost (USD),BiofuelShares,FilterFuelType,FilterVehicleType
941,0,BAU,E5_CEM_PRODCEM_PROD,,,,2018,5.05598,,,,,,,,,,,,,,,,,,,,,
941,0,BAU,E5_CEM_PRODCEM_PROD,,,,2019,4.817644518189358,,,,,,,,,,,,,,,,,,,,,
941,0,BAU,E5_CEM_PRODCEM_PROD,,,,2020,3.8519524900047575,,,,,,,,,,,,,,,,,,,,,
941,0,BAU,E5_CEM_PRODCEM_PROD,,,,2021,3.596419425294853,,,,,,,,,,,,,,,,,,,,,
941,0,BAU,E5_CEM_PRODCEM_PROD,,,,2022,4.23956701723206,,,,,,,,,,,,,,,,,,,,,
941,0,BAU,E5_CEM_PRODCEM_PROD,,,,2023,4.45633134877193,,,,,,,,,,,,,,,,,,,,,
941,0,BAU,E5_CEM_PRODCEM_PROD,,,,2024,4.673095680311739,,,,,,,,,,,,,,,,,,,,,
941,0,BAU,E5_CEM_PRODCEM_PROD,,,,2025,4.889860011851609,,,,,,,,,,,,,,,,,,,,,
941,0,BAU,E5_CEM_PRODCEM_PROD,,,,2026,5.1066243433914185,,,,,,,,,,,,,,,,,,,,,
941,0,BAU,E5_CEM_PRODCEM_PROD,,,,2027,5.323388674931288,,,,,,,,,,,,,,,,,,,,,
941,0,BAU,E5_CEM_PRODCEM_PROD,,,,2028,5.5401530064710975,,,,,,,,,,,,,,,,,,,,,
941,0,BAU,E5_CEM_PRODCEM_PROD,,,,2029,5.756917338010967,,,,,,,,,,,,,,,,,,,,,
941,0,BAU,E5_CEM_PRODCEM_PROD,,,,2030,5.973681669550777,,,,,,,,,,,,,,,,,,,,,
941,0,BAU,E5_CEM_PRODCEM_PROD,,,,2031,6.190446001090646,,,,,,,,,,,,,,,,,,,,,
941,0,BAU,E5_CEM_PRODCEM_PROD,,,,2032,6.407210332630515,,,,,,,,,,,,,,,,,,,,,
941,0,BAU,E5_CEM_PRODCEM_PROD,,,,2033,6.623974664170325,,,,,,,,,,,,,,,,,,,,,
941,0,BAU,E5_CEM_PRODCEM_PROD,,,,2034,6.840738995710194,,,,,,,,,,,,,,,,,,,,,
941,0,BAU,E5_CEM_PRODCEM_PROD,,,,2035,7.0575033272500045,,,,,,,,,,,,,,,,,,,,,
941,0,BAU,E5_CEM_PRODCEM_PROD,,,,2036,7.274267658789873,,,,,,,,,,,,,,,,,,,,,
941,0,BAU,E5_CEM_PRODCEM_PROD,,,,2037,7.491031990329683,,,,,,,,,,,,,,,,,,,,,
941,0,BAU,E5_CEM_PRODCEM_PROD,,,,2038,7.707796321869552,,,,,,,,,,,,,,,,,,,,,
941,0,BAU,E5_CEM_PRODCEM_PROD,,,,2039,7.924560653409362,,,,,,,,,,,,,,,,,,,,,
941,0,BAU,E5_CEM_PRODCEM_PROD,,,,2040,8.14132498494923,,,,,,,,,,,,,,,,,,,,,
941,0,BAU,E5_CEM_PRODCEM_PROD,,,,2041,8.35808931648904,,,,,,,,,,,,,,,,,,,,,
941,0,BAU,E5_CEM_PRODCEM_PROD,,,,2042,8.57485364802891,,,,,,,,,,,,,,,,,,,,,
941,0,BAU,E5_CEM_PRODCEM_PROD,,,,2043,8.79161797956872,,,,,,,,,,,,,,,,,,,,,
941,0,BAU,E5_CEM_PRODCEM_PROD,,,,2044,9.008382311108589,,,,,,,,,,,,,,,,,,,,,
941,0,BAU,E5_CEM_PRODCEM_PROD,,,,2045,9.225146642648399,,,,,,,,,,,,,,,,,,,,,
941,0,BAU,E5_CEM_PRODCEM_PROD,,,,2046,9.441910974188268,,,,,,,,,,,,,,,,,,,,,
941,0,BAU,E5_CEM_PRODCEM_PROD,,,,2047,9.658675305728078,,,,,,,,,,,,,,,,,,,,,
941,0,BAU,E5_CEM_PRODCEM_PROD,,,,2048,9.875439637267947,,,,,,,,,,,,,,,,,,,,,
941,0,BAU,E5_CEM_PRODCEM_PROD,,,,2049,10.092203968807816,,,,,,,,,,,,,,,,,,,,,
941,0,BAU,E5_CEM_PRODCEM_PROD,,,,2050,10.308968300347626,,,,,,,,,,,,,,,,,,,,,
941,0,BAU,E5_CEM_PRODCEM_PROD,,,,2051,10.525732631887495,,,,,,,,,,,,,,,,,,,,,
941,0,BAU,E5_CEM_PRODCEM_PROD,,,,2052,10.742496963427305,,,,,,,,,,,,,,,,,,,,,
941,0,BAU,E5_CEM_PRODCEM_PROD,,,,2053,10.959261294967174,,,,,,,,,,,,,,,,,,,,,
941,0,BAU,E5_CEM_PRODCEM_PROD,,,,2054,11.176025626506984,,,,,,,,,,,,,,,,,,,,,
941,0,BAU,E5_CEM_PRODCEM_PROD,,,,2055,11.392789958046853,,,,,,,,,,,,,,,,,,,,,
941,0,BAU,E5_CEM_PRODCEM_PROD,,,,2056,11.609554289586663,,,,,,,,,,,,,,,,,,,,,
941,0,BAU,E5_CEM_PRODCEM_PROD,,,,2057,11.826318621126532,,,,,,,,,,,,,,,,,,,,,
941,0,BAU,E5_CEM_PRODCEM_PROD,,,,2058,12.043082952666342,,,,,,,,,,,,,,,,,,,,,
941,0,BAU,E5_CEM_PRODCEM_PROD,,,,2059,12.259847284206211,,,,,,,,,,,,,,,,,,,,,
941,0,BAU,E5_CEM_PRODCEM_PROD,,,,2060,12.476611615746021,,,,,,,,,,,,,,,,,,,,,
941,0,BAU,E5_CEM_PRODCEM_PROD,,,,2061,12.69337594728589,,,,,,,,,,,,,,,,,,,,,
941,0,BAU,E5_CEM_PRODCEM_PROD,,,,2062,12.9101402788257,,,,,,,,,,,,,,,,,,,,,
941,0,BAU,E5_CEM_PRODCEM_PROD,,,,2063,13.12690461036557,,,,,,,,,,,,,,,,,,,,,
941,0,BAU,E5_CEM_PRODCEM_PROD,,,,2064,13.34366894190538,,,,,,,,,,,,,,,,,,,,,
941,0,BAU,E5_CEM_PRODCEM_PROD,,,,2065,13.560433273445248,,,,,,,,,,,,,,,,,,,,,
941,0,BAU,E5_CEM_PRODCEM_PROD,,,,2066,13.777197604985119,,,,,,,,,,,,,,,,,,,,,
941,0,BAU,E5_CEM_PRODCEM_PROD,,,,2067,13.993961936524927,,,,,,,,,,,,,,,,,,,,,
941,0,BAU,E5_CEM_PRODCEM_PROD,,,,2068,14.210726268064796,,,,,,,,,,,,,,,,,,,,,
941,0,BAU,E5_CEM_PRODCEM_PROD,,,,2069,14.427490599604607,,,,,,,,,,,,,,,,,,,,,
941,0,BAU,E5_CEM_PRODCEM_PROD,,,,2070,14.644254931144477,,,,,,,,,,,,,,,,,,,,,
941,0,BAU,,PROD_CLK_TRAD,,All,2018,,1.0,,,,,,,,,,,,,,,,,,,,
941,0,BAU,,PROD_CLK_TRAD,,All,2019,,1.0,,,,,,,,,,,,,,,,,,,,
941,0,BAU,,PROD_CLK_TRAD,,All,2020,,1.0,,,,,,,,,,,,,,,,,,,,
941,0,BAU,,PROD_CLK_TRAD,,All,2021,,1.0,,,,,,,,,,,,,,,,,,,,
941,0,BAU,,PROD_CLK_TRAD,,All,2022,,1.0,,,,,,,,,,,,,,,,,,,,
941,0,BAU,,PROD_CLK_TRAD,,All,2023,,1.0,,,,,,,,,,,,,,,,,,,,
941,0,BAU,,PROD_CLK_TRAD,,All,2024,,1.0,,,,,,,,,,,,,,,,,,,,
941,0,BAU,,PROD_CLK_TRAD,,All,2025,,1.0,,,,,,,,,,,,,,,,,,,,
941,0,BAU,,PROD_CLK_TRAD,,All,2026,,1.0,,,,,,,,,,,,,,,,,,,,
941,0,BAU,,PROD_CLK_TRAD,,All,2027,,1.0,,,,,,,,,,,,,,,,,,,,
941,0,BAU,,PROD_CLK_TRAD,,All,2028,,1.0,,,,,,,,,,,,,,,,,,,,
941,0,BAU,,PROD_CLK_TRAD,,All,2029,,1.0,,,,,,,,,,,,,,,,,,,,
941,0,BAU,,PROD_CLK_TRAD,,All,2030,,1.0,,,,,,,,,,,,,,,,,,,,
941,0,BAU,,PROD_CLK_TRAD,,All,2031,,1.0,,,,,,,,,,,,,,,,,,,,
941,0,BAU,,PROD_CLK_TRAD,,All,2032,,1.0,,,,,,,,,,,,,,,,,,,,
941,0,BAU,,PROD_CLK_TRAD,,All,2033,,1.0,,,,,,,,,,,,,,,,,,,,
941,0,BAU,,PROD_CLK_TRAD,,All,2034,,1.0,,,,,,,,,,,,,,,,,,,,
941,0,BAU,,PROD_CLK_TRAD,,All,2035,,1.0,,,,,,,,,,,,,,,,,,,,
941,0,BAU,,PROD_CLK_TRAD,,All,2036,,1.0,,,,,,,,,,,,,,,,,,,,
941,0,BAU,,PROD_CLK_TRAD,,All,2037,,1.0,,,,,,,,,,,,,,,,,,,,
941,0,BAU,,PROD_CLK_TRAD,,All,2038,,1.0,,,,,,,,,,,,,,,,,,,,
941,0,BAU,,PROD_CLK_TRAD,,All,2039,,1.0,,,,,,,,,,,,,,,,,,,,
941,0,BAU,,PROD_CLK_TRAD,,All,2040,,1.0,,,,,,,,,,,,,,,,,,,,
941,0,BAU,,PROD_CLK_TRAD,,All,2041,,1.0,,,,,,,,,,,,,,,,,,,,
941,0,BAU,,PROD_CLK_TRAD,,All,2042,,1.0,,,,,,,,,,,,,,,,,,,,
941,0,BAU,,PROD_CLK_TRAD,,All,2043,,1.0,,,,,,,,,,,,,,,,,,,,
941,0,BAU,,PROD_CLK_TRAD,,All,2044,,1.0,,,,,,,,,,,,,,,,,,,,
941,0,BAU,,PROD_CLK_TRAD,,All,2045,,1.0,,,,,,,,,,,,,,,,,,,,
941,0,BAU,,PROD_CLK_TRAD,,All,2046,,1.0,,,,,,,,,,,,,,,,,,,,
941,0,BAU,,PROD_CLK_TRAD,,All,2047,,1.0,,,,,,,,,,,,,,,,,,,,
941,0,BAU,,PROD_CLK_TRAD,,All,2048,,1.0,,,,,,,,,,,,,,,,,,,,
941,0,BAU,,PROD_CLK_TRAD,,All,2049,,1.0,,,,,,,,,,,,,,,,,,,,
941,0,BAU,,PROD_CLK_TRAD,,All,2050,,1.0,,,,,,,,,,,,,,,,,,,,
941,0,BAU,,PROD_CLK_TRAD,,All,2051,,1.0,,,,,,,,,,,,,,,,,,,,
941,0,BAU,,PROD_CLK_TRAD,,All,2052,,1.0,,,,,,,,,,,,,,,,,,,,
941,0,BAU,,PROD_CLK_TRAD,,All,2053,,1.0,,,,,,,,,,,,,,,,,,,,
941,0,BAU,,PROD_CLK_TRAD,,All,2054,,1.0,,,,,,,,,,,,,,,,,,,,
941,0,BAU,,PROD_CLK_TRAD,,All,2055,,1.0,,,,,,,,,,,,,,,,,,,,
941,0,BAU,,PROD_CLK_TRAD,,All,2056,,1.0,,,,,,,,,,,,,,,,,,,,
941,0,BAU,,PROD_CLK_TRAD,,All,2057,,1.0,,,,,,,,,,,,,,,,,,,,
941,0,BAU,,PROD_CLK_TRAD,,All,2058,,1.0,,,,,,,,,,,,,,,,,,,,
941,0,BAU,,PROD_CLK_TRAD,,All,2059,,1.0,,,,,,,,,,,,,,,,,,,,
941,0,BAU,,PROD_CLK_TRAD,,All,2060,,1.0,,,,,,,,,,,,,,,,,,,,
941,0,BAU,,PROD_CLK_TRAD,,All,2061,,1.0,,,,,,,,,,,,,,,,,,,,
941,0,BAU,,PROD_CLK_TRAD,,All,2062,,1.0,,,,,,,,,,,,,,,,,,,,
941,0,BAU,,PROD_CLK_TRAD,,All,2063,,1.0,,,,,,,,,,,,,,,,,,,,
941,0,BAU,,PROD_CLK_TRAD,,All,2064,,1.0,,,,,,,,,,,,,,,,,,,,
941,0,BAU,,PROD_CLK_TRAD,,All,2065,,1.0,,,,,,,,,,,,,,,,,,,,
941,0,BAU,,PROD_CLK_TRAD,,All,2066,,1.0,,,,,,,,,,,,,,,,,,,,
941,0,BAU,,PROD_CLK_TRAD,,All,2067,,1.0,,,,,,,,,,,,,,,,,,,,
941,0,BAU,,PROD_CLK_TRAD,,All,2068,,1.0,,,,,,,,,,,,,,,,,,,,
941,0,BAU,,PROD_CLK_TRAD,,All,2069,,1.0,,,,,,,,,,,,,,,,,,,,
941,0,BAU,,PROD_CLK_TRAD,,All,2070,,1.0,,,,,,,,,,,,,,,,,,,,
941,0,BAU,,PROD_CLK_ELEC,,All,2018,,1.0,,,,,,,,,,,,,,,,,,,,
941,0,BAU,,PROD_CLK_ELEC,,All,2019,,1.0,,,,,,,,,,,,,,,,,,,,
941,0,BAU,,PROD_CLK_ELEC,,All,2020,,1.0,,,,,,,,,,,,,,,,,,,,
941,0,BAU,,PROD_CLK_ELEC,,All,2021,,1.0,,,,,,,,,,,,,,,,,,,,
941,0,BAU,,PROD_CLK_ELEC,,All,2022,,1.0,,,,,,,,,,,,,,,,,,,,
941,0,BAU,,PROD_CLK_ELEC,,All,2023,,1.0,,,,,,,,,,,,,,,,,,,,
941,0,BAU,,PROD_CLK_ELEC,,All,2024,,1.0,,,,,,,,,,,,,,,,,,,,
941,0,BAU,,PROD_CLK_ELEC,,All,2025,,1.0,,,,,,,,,,,,,,,,,,,,
941,0,BAU,,PROD_CLK_ELEC,,All,2026,,1.0,,,,,,,,,,,,,,,,,,,,
941,0,BAU,,PROD_CLK_ELEC,,All,2027,,1.0,,,,,,,,,,,,,,,,,,,,
941,0,BAU,,PROD_CLK_ELEC,,All,2028,,1.0,,,,,,,,,,,,,,,,,,,,
941,0,BAU,,PROD_CLK_ELEC,,All,2029,,1.0,,,,,,,,,,,,,,,,,,,,
941,0,BAU,,PROD_CLK_ELEC,,All,2030,,1.0,,,,,,,,,,,,,,,,,,,,
941,0,BAU,,PROD_CLK_ELEC,,All,2031,,1.0,,,,,,,,,,,,,,,,,,,,
941,0,BAU,,PROD_CLK_ELEC,,All,2032,,1.0,,,,,,,,,,,,,,,,,,,,
941,0,BAU,,PROD_CLK_ELEC,,All,2033,,1.0,,,,,,,,,,,,,,,,,,,,
941,0,BAU,,PROD_CLK_ELEC,,All,2034,,1.0,,,,,,,,,,,,,,,,,,,,
941,0,BAU,,PROD_CLK_ELEC,,All,2035,,1.0,,,,,,,,,,,,,,,,,,,,
941,0,BAU,,PROD_CLK_ELEC,,All,2036,,1.0,,,,,,,,,,,,,,,,,,,,
941,0,BAU,,PROD_CLK_ELEC,,All,2037,,1.0,,,,,,,,,,,,,,,,,,,,
941,0,BAU,,PROD_CLK_ELEC,,All,2038,,1.0,,,,,,,,,,,,,,,,,,,,
941,0,BAU,,PROD_CLK_ELEC,,All,2039,,1.0,,,,,,,,,,,,,,,,,,,,
941,0,BAU,,PROD_CLK_ELEC,,All,2040,,1.0,,,,,,,,,,,,,,,,,,,,
941,0,BAU,,PROD_CLK_ELEC,,All,2041,,1.0,,,,,,,,,,,,,,,,,,,,
941,0,BAU,,PROD_CLK_ELEC,,All,2042,,1.0,,,,,,,,,,,,,,,,,,,,
941,0,BAU,,PROD_CLK_ELEC,,All,2043,,1.0,,,,,,,,,,,,,,,,,,,,
941,0,BAU,,PROD_CLK_ELEC,,All,2044,,1.0,,,,,,,,,,,,,,,,,,,,
941,0,BAU,,PROD_CLK_ELEC,,All,2045,,1.0,,,,,,,,,,,,,,,,,,,,
941,0,BAU,,PROD_CLK_ELEC,,All,2046,,1.0,,,,,,,,,,,,,,,,,,,,
941,0,BAU,,PROD_CLK_ELEC,,All,2047,,1.0,,,,,,,,,,,,,,,,,,,,
941,0,BAU,,PROD_CLK_ELEC,,All,2048,,1.0,,,,,,,,,,,,,,,,,,,,
941,0,BAU,,PROD_CLK_ELEC,,All,2049,,1.0,,,,,,,,,,,,,,,,,,,,
941,0,BAU,,PROD_CLK_ELEC,,All,2050,,1.0,,,,,,,,,,,,,,,,,,,,
941,0,BAU,,PROD_CLK_ELEC,,All,2051,,1.0,,,,,,,,,,,,,,,,,,,,
941,0,BAU,,PROD_CLK_ELEC,,All,2052,,1.0,,,,,,,,,,,,,,,,,,,,
941,0,BAU,,PROD_CLK_ELEC,,All,2053,,1.0,,,,,,,,,,,,,,,,,,,,
941,0,BAU,,PROD_CLK_ELEC,,All,2054,,1.0,,,,,,,,,,,,,,,,,,,,
941,0,BAU,,PROD_CLK_ELEC,,All,2055,,1.0,,,,,,,,,,,,,,,,,,,,
941,0,BAU,,PROD_CLK_ELEC,,All,2056,,1.0,,,,,,,,,,,,,,,,,,,,
941,0,BAU,,PROD_CLK_ELEC,,All,2057,,1.0,,,,,,,,,,,,,,,,,,,,
941,0,BAU,,PROD_CLK_ELEC,,All,2058,,1.0,,,,,,,,,,,,,,,,,,,,
941,0,BAU,,PROD_CLK_ELEC,,All,2059,,1.0,,,,,,,,,,,,,,,,,,,,
941,0,BAU,,PROD_CLK_ELEC,,All,2060,,1.0,,,,,,,,,,,,,,,,,,,,
941,0,BAU,,PROD_CLK_ELEC,,All,2061,,1.0,,,,,,,,,,,,,,,,,,,,
941,0,BAU,,PROD_CLK_ELEC,,All,2062,,1.0,,,,,,,,,,,,,,,,,,,,
941,0,BAU,,PROD_CLK_ELEC,,All,2063,,1.0,,,,,,,,,,,,,,,,,,,,
941,0,BAU,,PROD_CLK_ELEC,,All,2064,,1.0,,,,,,,,,,,,,,,,,,,,
941,0,BAU,,PROD_CLK_ELEC,,All,2065,,1.0,,,,,,,,,,,,,,,,,,,,
941,0,BAU,,PROD_CLK_ELEC,,All,2066,,1.0,,,,,,,,,,,,,,,,,,,,
941,0,BAU,,PROD_CLK_ELEC,,All,2067,,1.0,,,,,,,,,,,,,,,,,,,,
941,0,BAU,,PROD_CLK_ELEC,,All,2068,,1.0,,,,,,,,,,,,,,,,,,,,
941,0,BAU,,PROD_CLK_ELEC,,All,2069,,1.0,,,,,,,,,,,,,,,,,,,,
941,0,BAU,,PROD_CLK_ELEC,,All,2070,,1.0,,,,,,,,,,,,,,,,,,,,
941,0,BAU,,PROD_CEM,,All,2018,,1.0,,,,,,,,,,,,,,,,,,,,
941,0,BAU,,PROD_CEM,,All,2019,,1.0,,,,,,,,,,,,,,,,,,,,
941,0,BAU,,PROD_CEM,,All,2020,,1.0,,,,,,,,,,,,,,,,,,,,
941,0,BAU,,PROD_CEM,,All,2021,,1.0,,,,,,,,,,,,,,,,,,,,
941,0,BAU,,PROD_CEM,,All,2022,,1.0,,,,,,,,,,,,,,,,,,,,
941,0,BAU,,PROD_CEM,,All,2023,,1.0,,,,,,,,,,,,,,,,,,,,
941,0,BAU,,PROD_CEM,,All,2024,,1.0,,,,,,,,,,,,,,,,,,,,
941,0,BAU,,PROD_CEM,,All,2025,,1.0,,,,,,,,,,,,,,,,,,,,
941,0,BAU,,PROD_CEM,,All,2026,,1.0,,,,,,,,,,,,,,,,,,,,
941,0,BAU,,PROD_CEM,,All,2027,,1.0,,,,,,,,,,,,,,,,,,,,
941,0,BAU,,PROD_CEM,,All,2028,,1.0,,,,,,,,,,,,,,,,,,,,
941,0,BAU,,PROD_CEM,,All,2029,,1.0,,,,,,,,,,,,,,,,,,,,
941,0,BAU,,PROD_CEM,,All,2030,,1.0,,,,,,,,,,,,,,,,,,,,
941,0,BAU,,PROD_CEM,,All,2031,,1.0,,,,,,,,,,,,,,,,,,,,
941,0,BAU,,PROD_CEM,,All,2032,,1.0,,,,,,,,,,,,,,,,,,,,
941,0,BAU,,PROD_CEM,,All,2033,,1.0,,,,,,,,,,,,,,,,,,,,
941,0,BAU,,PROD_CEM,,All,2034,,1.0,,,,,,,,,,,,,,,,,,,,
941,0,BAU,,PROD_CEM,,All,2035,,1.0,,,,,,,,,,,,,,,,,,,,
941,0,BAU,,PROD_CEM,,All,2036,,1.0,,,,,,,,,,,,,,,,,,,,
941,0,BAU,,PROD_CEM,,All,2037,,1.0,,,,,,,,,,,,,,,,,,,,
941,0,BAU,,PROD_CEM,,All,2038,,1.0,,,,,,,,,,,,,,,,,,,,
941,0,BAU,,PROD_CEM,,All,2039,,1.0,,,,,,,,,,,,,,,,,,,,
941,0,BAU,,PROD_CEM,,All,2040,,1.0,,,,,,,,,,,,,,,,,,,,
941,0,BAU,,PROD_CEM,,All,2041,,1.0,,,,,,,,,,,,,,,,,,,,
941,0,BAU,,PROD_CEM,,All,2042,,1.0,,,,,,,,,,,,,,,,,,,,
941,0,BAU,,PROD_CEM,,All,2043,,1.0,,,,,,,,,,,,,,,,,,,,
941,0,BAU,,PROD_CEM,,All,2044,,1.0,,,,,,,,,,,,,,,,,,,,
941,0,BAU,,PROD_CEM,,All,2045,,1.0,,,,,,,,,,,,,,,,,,,,
941,0,BAU,,PROD_CEM,,All,2046,,1.0,,,,,,,,,,,,,,,,,,,,
941,0,BAU,,PROD_CEM,,All,2047,,1.0,,,,,,,,,,,,,,,,,,,,
941,0,BAU,,PROD_CEM,,All,2048,,1.0,,,,,,,,,,,,,,,,,,,,
941,0,BAU,,PROD_CEM,,All,2049,,1.0,,,,,,,,,,,,,,,,,,,,
941,0,BAU,,PROD_CEM,,All,2050,,1.0,,,,,,,,,,,,,,,,,,,,
941,0,BAU,,PROD_CEM,,All,2051,,1.0,,,,,,,,,,,,,,,,,,,,
941,0,BAU,,PROD_CEM,,All,2052,,1.0,,,,,,,,,,,,,,,,,,,,
941,0,BAU,,PROD_CEM,,All,2053,,1.0,,,,,,,,,,,,,,,,,,,,
941,0,BAU,,PROD_CEM,,All,2054,,1.0,,,,,,,,,,,,,,,,,,,,
941,0,BAU,,PROD_CEM,,All,2055,,1.0,,,,,,,,,,,,,,,,,,,,
941,0,BAU,,PROD_CEM,,All,2056,,1.0,,,,,,,,,,,,,,,,,,,,
941,0,BAU,,PROD_CEM,,All,2057,,1.0,,,,,,,,,,,,,,,,,,,,
941,0,BAU,,PROD_CEM,,All,2058,,1.0,,,,,,,,,,,,,,,,,,,,
941,0,BAU,,PROD_CEM,,All,2059,,1.0,,,,,,,,,,,,,,,,,,,,
941,0,BAU,,PROD_CEM,,All,2060,,1.0,,,,,,,,,,,,,,,,,,,,
941,0,BAU,,PROD_CEM,,All,2061,,1.0,,,,,,,,,,,,,,,,,,,,
941,0,BAU,,PROD_CEM,,All,2062,,1.0,,,,,,,,,,,,,,,,,,,,
941,0,BAU,,PROD_CEM,,All,2063,,1.0,,,,,,,,,,,,,,,,,,,,
941,0,BAU,,PROD_CEM,,All,2064,,1.0,,,,,,,,,,,,,,,,,,,,
941,0,BAU,,PROD_CEM,,All,2065,,1.0,,,,,,,,,,,,,,,,,,,,
941,0,BAU,,PROD_CEM,,All,2066,,1.0,,,,,,,,,,,,,,,,,,,,
941,0,BAU,,PROD_CEM,,All,2067,,1.0,,,,,,,,,,,,,,,,,,,,
941,0,BAU,,PROD_CEM,,All,2068,,1.0,,,,,,,,,,,,,,,,,,,,
941,0,BAU,,PROD_CEM,,All,2069,,1.0,,,,,,,,,,,,,,,,,,,,
941,0,BAU,,PROD_CEM,,All,2070,,1.0,,,,,,,,,,,,,,,,,,,,
941,0,BAU,,ENE_TERM,,,,,,100.0,,,,,,,,,,,,,,,,,,,
941,0,BAU,,RAW_MAT_CLK,,,,,,100.0,,,,,,,,,,,,,,,,,,,
941,0,BAU,,ELEC_TERM,,,,,,100.0,,,,,,,,,,,,,,,,,,,
941,0,BAU,,ELEC_CEM,,,,,,100.0,,,,,,,,,,,,,,,,,,,
941,0,BAU,,RAW_MAT_CEM,,,,,,100.0,,,,,,,,,,,,,,,,,,,
941,0,BAU,,PROD_CLK_TRAD,,,,,,40.0,,,,,,,,,,,,,,,,,,,
941,0,BAU,,PROD_CLK_ELEC,,,,,,30.0,,,,,,,,,,,,,,,,,,,
941,0,BAU,,PROD_CEM,,,,,,100.0,,,,,,,,,,,,,,,,,,,
941,0,BAU,,T5CEM_PRODCEM_PROD,,,,,,100.0,,,,,,,,,,,,,,,,,,,
941,0,BAU,,PROD_CLK_TRAD,,,2018,,,,4.802,,,,0.0,0.0,0.0,,,,,,0.0,,,,,,
941,0,BAU,,PROD_CLK_TRAD,,,2019,,,,4.61,,,,0.0,0.0,0.0,,,,,,0.0,,,,,,
941,0,BAU,,PROD_CLK_TRAD,,,2020,,,,4.4179,,,,0.0,0.0,0.0,,,,,,0.0,,,,,,
941,0,BAU,,PROD_CLK_TRAD,,,2021,,,,4.2258,,,,0.0,0.0,0.0,,,,,,0.0,,,,,,
941,0,BAU,,PROD_CLK_TRAD,,,2022,,,,4.0337,,,,0.0,0.0,0.0,,,,,,0.0,,,,,,
941,0,BAU,,PROD_CLK_TRAD,,,2023,,,,3.8416,,,,0.0,0.0,0.0,,,,,,0.0,,,,,,
941,0,BAU,,PROD_CLK_TRAD,,,2024,,,,3.6495,,,,0.0,0.0,0.0,,,,,,0.0,,,,,,
941,0,BAU,,PROD_CLK_TRAD,,,2025,,,,3.4575,,,,0.0,0.0,0.0,,,,,,0.0,,,,,,
941,0,BAU,,PROD_CLK_TRAD,,,2026,,,,3.2654,,,,0.0,0.0,0.0,,,,,,0.0,,,,,,
941,0,BAU,,PROD_CLK_TRAD,,,2027,,,,3.0733,,,,0.0,0.0,0.0,,,,,,0.0,,,,,,
941,0,BAU,,PROD_CLK_TRAD,,,2028,,,,2.8812,,,,0.0,0.0,0.0,,,,,,0.0,,,,,,
941,0,BAU,,PROD_CLK_TRAD,,,2029,,,,2.6891,,,,0.0,0.0,0.0,,,,,,0.0,,,,,,
941,0,BAU,,PROD_CLK_TRAD,,,2030,,,,2.4971,,,,0.0,0.0,0.0,,,,,,0.0,,,,,,
941,0,BAU,,PROD_CLK_TRAD,,,2031,,,,2.305,,,,0.0,0.0,0.0,,,,,,0.0,,,,,,
941,0,BAU,,PROD_CLK_TRAD,,,2032,,,,2.1129,,,,0.0,0.0,0.0,,,,,,0.0,,,,,,
941,0,BAU,,PROD_CLK_TRAD,,,2033,,,,1.9208,,,,0.0,0.0,0.0,,,,,,0.0,,,,,,
941,0,BAU,,PROD_CLK_TRAD,,,2034,,,,1.7287,,,,0.0,0.0,0.0,,,,,,0.0,,,,,,
941,0,BAU,,PROD_CLK_TRAD,,,2035,,,,1.5367,,,,0.0,0.0,0.0,,,,,,0.0,,,,,,
941,0,BAU,,PROD_CLK_TRAD,,,2036,,,,1.3446,,,,0.0,0.0,0.0,,,,,,0.0,,,,,,
941,0,BAU,,PROD_CLK_TRAD,,,2037,,,,1.1525,,,,0.0,0.0,0.0,,,,,,0.0,,,,,,
941,0,BAU,,PROD_CLK_TRAD,,,2038,,,,0.9604,,,,0.0,0.0,0.0,,,,,,0.0,,,,,,
941,0,BAU,,PROD_CLK_TRAD,,,2039,,,,0.7683,,,,0.0,0.0,0.0,,,,,,0.0,,,,,,
941,0,BAU,,PROD_CLK_TRAD,,,2040,,,,0.5762,,,,0.0,0.0,0.0,,,,,,0.0,,,,,,
941,0,BAU,,PROD_CLK_TRAD,,,2041,,,,0.3842,,,,0.0,0.0,0.0,,,,,,0.0,,,,,,
941,0,BAU,,PROD_CLK_TRAD,,,2042,,,,0.1921,,,,0.0,0.0,0.0,,,,,,0.0,,,,,,
941,0,BAU,,PROD_CLK_TRAD,,,2043,,,,0.0,,,,0.0,0.0,0.0,,,,,,0.0,,,,,,
941,0,BAU,,PROD_CLK_TRAD,,,2044,,,,0.0,,,,0.0,0.0,0.0,,,,,,0.0,,,,,,
941,0,BAU,,PROD_CLK_TRAD,,,2045,,,,0.0,,,,0.0,0.0,0.0,,,,,,0.0,,,,,,
941,0,BAU,,PROD_CLK_TRAD,,,2046,,,,0.0,,,,0.0,0.0,0.0,,,,,,0.0,,,,,,
941,0,BAU,,PROD_CLK_TRAD,,,2047,,,,0.0,,,,0.0,0.0,0.0,,,,,,0.0,,,,,,
941,0,BAU,,PROD_CLK_TRAD,,,2048,,,,0.0,,,,0.0,0.0,0.0,,,,,,0.0,,,,,,
941,0,BAU,,PROD_CLK_TRAD,,,2049,,,,0.0,,,,0.0,0.0,0.0,,,,,,0.0,,,,,,
941,0,BAU,,PROD_CLK_TRAD,,,2050,,,,0.0,,,,0.0,0.0,0.0,,,,,,0.0,,,,,,
941,0,BAU,,PROD_CLK_TRAD,,,2051,,,,0.0,,,,0.0,0.0,0.0,,,,,,0.0,,,,,,
941,0,BAU,,PROD_CLK_TRAD,,,2052,,,,0.0,,,,0.0,0.0,0.0,,,,,,0.0,,,,,,
941,0,BAU,,PROD_CLK_TRAD,,,2053,,,,0.0,,,,0.0,0.0,0.0,,,,,,0.0,,,,,,
941,0,BAU,,PROD_CLK_TRAD,,,2054,,,,0.0,,,,0.0,0.0,0.0,,,,,,0.0,,,,,,
941,0,BAU,,PROD_CLK_TRAD,,,2055,,,,0.0,,,,0.0,0.0,0.0,,,,,,0.0,,,,,,
941,0,BAU,,PROD_CLK_TRAD,,,2056,,,,0.0,,,,0.0,0.0,0.0,,,,,,0.0,,,,,,
941,0,BAU,,PROD_CLK_TRAD,,,2057,,,,0.0,,,,0.0,0.0,0.0,,,,,,0.0,,,,,,
941,0,BAU,,PROD_CLK_TRAD,,,2058,,,,0.0,,,,0.0,0.0,0.0,,,,,,0.0,,,,,,
941,0,BAU,,PROD_CLK_TRAD,,,2059,,,,0.0,,,,0.0,0.0,0.0,,,,,,0.0,,,,,,
941,0,BAU,,PROD_CLK_TRAD,,,2060,,,,0.0,,,,0.0,0.0,0.0,,,,,,0.0,,,,,,
941,0,BAU,,PROD_CLK_TRAD,,,2061,,,,0.0,,,,0.0,0.0,0.0,,,,,,0.0,,,,,,
941,0,BAU,,PROD_CLK_TRAD,,,2062,,,,0.0,,,,0.0,0.0,0.0,,,,,,0.0,,,,,,
941,0,BAU,,PROD_CLK_TRAD,,,2063,,,,0.0,,,,0.0,0.0,0.0,,,,,,0.0,,,,,,
941,0,BAU,,PROD_CLK_TRAD,,,2064,,,,0.0,,,,0.0,0.0,0.0,,,,,,0.0,,,,,,
941,0,BAU,,PROD_CLK_TRAD,,,2065,,,,0.0,,,,0.0,0.0,0.0,,,,,,0.0,,,,,,
941,0,BAU,,PROD_CLK_TRAD,,,2066,,,,0.0,,,,0.0,0.0,0.0,,,,,,0.0,,,,,,
941,0,BAU,,PROD_CLK_TRAD,,,2067,,,,0.0,,,,0.0,0.0,0.0,,,,,,0.0,,,,,,
941,0,BAU,,PROD_CLK_TRAD,,,2068,,,,0.0,,,,0.0,0.0,0.0,,,,,,0.0,,,,,,
941,0,BAU,,PROD_CLK_TRAD,,,2069,,,,0.0,,,,0.0,0.0,0.0,,,,,,0.0,,,,,,
941,0,BAU,,PROD_CLK_TRAD,,,2070,,,,0.0,,,,0.0,0.0,0.0,,,,,,0.0,,,,,,
941,0,BAU,,PROD_CLK_ELEC,,,2018,,,,0.0,,,,0.0,0.0,0.0,0.0,,,,0.0,0.0,,,,,,
941,0,BAU,,PROD_CLK_ELEC,,,2019,,,,0.0,,,,0.0,0.0,0.0,0.0,,,,0.0,0.0,,,,,,
941,0,BAU,,PROD_CLK_ELEC,,,2020,,,,0.0,,,,0.0,0.0,0.0,0.0,,,,0.0,0.0,,,,,,
941,0,BAU,,PROD_CLK_ELEC,,,2021,,,,0.0,,,,0.0,0.0,0.0,0.0,,,,0.0,0.0,,,,,,
941,0,BAU,,PROD_CLK_ELEC,,,2022,,,,0.0,,,,0.0,0.0,0.0,0.0,,,,0.0,0.0,,,,,,
941,0,BAU,,PROD_CLK_ELEC,,,2023,,,,0.0,,,,0.0,0.0,0.0,0.0,,,,0.0,0.0,,,,,,
941,0,BAU,,PROD_CLK_ELEC,,,2024,,,,0.0,,,,0.0,0.0,0.0,0.0,,,,0.0,0.0,,,,,,
941,0,BAU,,PROD_CLK_ELEC,,,2025,,,,0.0,,,,0.0,0.0,0.0,0.0,,,,0.0,0.0,,,,,,
941,0,BAU,,PROD_CLK_ELEC,,,2026,,,,0.0,,,,0.0,0.0,0.0,0.0,,,,0.0,0.0,,,,,,
941,0,BAU,,PROD_CLK_ELEC,,,2027,,,,0.0,,,,0.0,0.0,0.0,0.0,,,,0.0,0.0,,,,,,
941,0,BAU,,PROD_CLK_ELEC,,,2028,,,,0.0,,,,0.0,0.0,0.0,0.0,,,,0.0,0.0,,,,,,
941,0,BAU,,PROD_CLK_ELEC,,,2029,,,,0.0,,,,0.0,0.0,0.0,0.0,,,,0.0,0.0,,,,,,
941,0,BAU,,PROD_CLK_ELEC,,,2030,,,,0.0,,,,0.0,0.0,0.0,0.0,,,,0.0,0.0,,,,,,
941,0,BAU,,PROD_CLK_ELEC,,,2031,,,,0.0,,,,0.0,0.0,0.0,0.0,,,,0.0,0.0,,,,,,
941,0,BAU,,PROD_CLK_ELEC,,,2032,,,,0.0,,,,0.0,0.0,0.0,0.0,,,,0.0,0.0,,,,,,
941,0,BAU,,PROD_CLK_ELEC,,,2033,,,,0.0,,,,0.0,0.0,0.0,0.0,,,,0.0,0.0,,,,,,
941,0,BAU,,PROD_CLK_ELEC,,,2034,,,,0.0,,,,0.0,0.0,0.0,0.0,,,,0.0,0.0,,,,,,
941,0,BAU,,PROD_CLK_ELEC,,,2035,,,,0.0,,,,0.0,0.0,0.0,0.0,,,,0.0,0.0,,,,,,
941,0,BAU,,PROD_CLK_ELEC,,,2036,,,,0.0,,,,0.0,0.0,0.0,0.0,,,,0.0,0.0,,,,,,
941,0,BAU,,PROD_CLK_ELEC,,,2037,,,,0.0,,,,0.0,0.0,0.0,0.0,,,,0.0,0.0,,,,,,
941,0,BAU,,PROD_CLK_ELEC,,,2038,,,,0.0,,,,0.0,0.0,0.0,0.0,,,,0.0,0.0,,,,,,
941,0,BAU,,PROD_CLK_ELEC,,,2039,,,,0.0,,,,0.0,0.0,0.0,0.0,,,,0.0,0.0,,,,,,
941,0,BAU,,PROD_CLK_ELEC,,,2040,,,,0.0,,,,0.0,0.0,0.0,0.0,,,,0.0,0.0,,,,,,
941,0,BAU,,PROD_CLK_ELEC,,,2041,,,,0.0,,,,0.0,0.0,0.0,0.0,,,,0.0,0.0,,,,,,
941,0,BAU,,PROD_CLK_ELEC,,,2042,,,,0.0,,,,0.0,0.0,0.0,0.0,,,,0.0,0.0,,,,,,
941,0,BAU,,PROD_CLK_ELEC,,,2043,,,,0.0,,,,0.0,0.0,0.0,0.0,,,,0.0,0.0,,,,,,
941,0,BAU,,PROD_CLK_ELEC,,,2044,,,,0.0,,,,0.0,0.0,0.0,0.0,,,,0.0,0.0,,,,,,
941,0,BAU,,PROD_CLK_ELEC,,,2045,,,,0.0,,,,0.0,0.0,0.0,0.0,,,,0.0,0.0,,,,,,
941,0,BAU,,PROD_CLK_ELEC,,,2046,,,,0.0,,,,0.0,0.0,0.0,0.0,,,,0.0,0.0,,,,,,
941,0,BAU,,PROD_CLK_ELEC,,,2047,,,,0.0,,,,0.0,0.0,0.0,0.0,,,,0.0,0.0,,,,,,
941,0,BAU,,PROD_CLK_ELEC,,,2048,,,,0.0,,,,0.0,0.0,0.0,0.0,,,,0.0,0.0,,,,,,
941,0,BAU,,PROD_CLK_ELEC,,,2049,,,,0.0,,,,0.0,0.0,0.0,0.0,,,,0.0,0.0,,,,,,
941,0,BAU,,PROD_CLK_ELEC,,,2050,,,,0.0,,,,0.0,0.0,0.0,0.0,,,,0.0,0.0,,,,,,
941,0,BAU,,PROD_CLK_ELEC,,,2051,,,,0.0,,,,0.0,0.0,0.0,0.0,,,,0.0,0.0,,,,,,
941,0,BAU,,PROD_CLK_ELEC,,,2052,,,,0.0,,,,0.0,0.0,0.0,0.0,,,,0.0,0.0,,,,,,
941,0,BAU,,PROD_CLK_ELEC,,,2053,,,,0.0,,,,0.0,0.0,0.0,0.0,,,,0.0,0.0,,,,,,
941,0,BAU,,PROD_CLK_ELEC,,,2054,,,,0.0,,,,0.0,0.0,0.0,0.0,,,,0.0,0.0,,,,,,
941,0,BAU,,PROD_CLK_ELEC,,,2055,,,,0.0,,,,0.0,0.0,0.0,0.0,,,,0.0,0.0,,,,,,
941,0,BAU,,PROD_CLK_ELEC,,,2056,,,,0.0,,,,0.0,0.0,0.0,0.0,,,,0.0,0.0,,,,,,
941,0,BAU,,PROD_CLK_ELEC,,,2057,,,,0.0,,,,0.0,0.0,0.0,0.0,,,,0.0,0.0,,,,,,
941,0,BAU,,PROD_CLK_ELEC,,,2058,,,,0.0,,,,0.0,0.0,0.0,0.0,,,,0.0,0.0,,,,,,
941,0,BAU,,PROD_CLK_ELEC,,,2059,,,,0.0,,,,0.0,0.0,0.0,0.0,,,,0.0,0.0,,,,,,
941,0,BAU,,PROD_CLK_ELEC,,,2060,,,,0.0,,,,0.0,0.0,0.0,0.0,,,,0.0,0.0,,,,,,
941,0,BAU,,PROD_CLK_ELEC,,,2061,,,,0.0,,,,0.0,0.0,0.0,0.0,,,,0.0,0.0,,,,,,
941,0,BAU,,PROD_CLK_ELEC,,,2062,,,,0.0,,,,0.0,0.0,0.0,0.0,,,,0.0,0.0,,,,,,
941,0,BAU,,PROD_CLK_ELEC,,,2063,,,,0.0,,,,0.0,0.0,0.0,0.0,,,,0.0,0.0,,,,,,
941,0,BAU,,PROD_CLK_ELEC,,,2064,,,,0.0,,,,0.0,0.0,0.0,0.0,,,,0.0,0.0,,,,,,
941,0,BAU,,PROD_CLK_ELEC,,,2065,,,,0.0,,,,0.0,0.0,0.0,0.0,,,,0.0,0.0,,,,,,
941,0,BAU,,PROD_CLK_ELEC,,,2066,,,,0.0,,,,0.0,0.0,0.0,0.0,,,,0.0,0.0,,,,,,
941,0,BAU,,PROD_CLK_ELEC,,,2067,,,,0.0,,,,0.0,0.0,0.0,0.0,,,,0.0,0.0,,,,,,
941,0,BAU,,PROD_CLK_ELEC,,,2068,,,,0.0,,,,0.0,0.0,0.0,0.0,,,,0.0,0.0,,,,,,
941,0,BAU,,PROD_CLK_ELEC,,,2069,,,,0.0,,,,0.0,0.0,0.0,0.0,,,,0.0,0.0,,,,,,
941,0,BAU,,PROD_CLK_ELEC,,,2070,,,,0.0,,,,0.0,0.0,0.0,0.0,,,,0.0,0.0,,,,,,
941,0,BAU,,PROD_CEM,,,2018,,,,6.4,,,,0.0,0.0,0.0,,,,,,0.0,,,,,,
941,0,BAU,,PROD_CEM,,,2019,,,,6.144,,,,0.0,0.0,0.0,,,,,,0.0,,,,,,
941,0,BAU,,PROD_CEM,,,2020,,,,5.888,,,,0.0,0.0,0.0,,,,,,0.0,,,,,,
941,0,BAU,,PROD_CEM,,,2021,,,,5.632,,,,0.0,0.0,0.0,,,,,,0.0,,,,,,
941,0,BAU,,PROD_CEM,,,2022,,,,5.376,,,,0.0,0.0,0.0,,,,,,0.0,,,,,,
941,0,BAU,,PROD_CEM,,,2023,,,,5.12,,,,0.0,0.0,0.0,,,,,,0.0,,,,,,
941,0,BAU,,PROD_CEM,,,2024,,,,4.864,,,,0.0,0.0,0.0,,,,,,0.0,,,,,,
941,0,BAU,,PROD_CEM,,,2025,,,,4.608,,,,0.0,0.0,0.0,,,,,,0.0,,,,,,
941,0,BAU,,PROD_CEM,,,2026,,,,4.352,,,,0.0,0.0,0.0,,,,,,0.0,,,,,,
941,0,BAU,,PROD_CEM,,,2027,,,,4.096,,,,0.0,0.0,0.0,,,,,,0.0,,,,,,
941,0,BAU,,PROD_CEM,,,2028,,,,3.84,,,,0.0,0.0,0.0,,,,,,0.0,,,,,,
941,0,BAU,,PROD_CEM,,,2029,,,,3.584,,,,0.0,0.0,0.0,,,,,,0.0,,,,,,
941,0,BAU,,PROD_CEM,,,2030,,,,3.328,,,,0.0,0.0,0.0,,,,,,0.0,,,,,,
941,0,BAU,,PROD_CEM,,,2031,,,,3.072,,,,0.0,0.0,0.0,,,,,,0.0,,,,,,
941,0,BAU,,PROD_CEM,,,2032,,,,2.816,,,,0.0,0.0,0.0,,,,,,0.0,,,,,,
941,0,BAU,,PROD_CEM,,,2033,,,,2.56,,,,0.0,0.0,0.0,,,,,,0.0,,,,,,
941,0,BAU,,PROD_CEM,,,2034,,,,2.304,,,,0.0,0.0,0.0,,,,,,0.0,,,,,,
941,0,BAU,,PROD_CEM,,,2035,,,,2.048,,,,0.0,0.0,0.0,,,,,,0.0,,,,,,
941,0,BAU,,PROD_CEM,,,2036,,,,1.792,,,,0.0,0.0,0.0,,,,,,0.0,,,,,,
941,0,BAU,,PROD_CEM,,,2037,,,,1.536,,,,0.0,0.0,0.0,,,,,,0.0,,,,,,
941,0,BAU,,PROD_CEM,,,2038,,,,1.28,,,,0.0,0.0,0.0,,,,,,0.0,,,,,,
941,0,BAU,,PROD_CEM,,,2039,,,,1.024,,,,0.0,0.0,0.0,,,,,,0.0,,,,,,
941,0,BAU,,PROD_CEM,,,2040,,,,0.768,,,,0.0,0.0,0.0,,,,,,0.0,,,,,,
941,0,BAU,,PROD_CEM,,,2041,,,,0.512,,,,0.0,0.0,0.0,,,,,,0.0,,,,,,
941,0,BAU,,PROD_CEM,,,2042,,,,0.256,,,,0.0,0.0,0.0,,,,,,0.0,,,,,,
941,0,BAU,,PROD_CEM,,,2043,,,,0.0,,,,0.0,0.0,0.0,,,,,,0.0,,,,,,
941,0,BAU,,PROD_CEM,,,2044,,,,0.0,,,,0.0,0.0,0.0,,,,,,0.0,,,,,,
941,0,BAU,,PROD_CEM,,,2045,,,,0.0,,,,0.0,0.0,0.0,,,,,,0.0,,,,,,
941,0,BAU,,PROD_CEM,,,2046,,,,0.0,,,,0.0,0.0,0.0,,,,,,0.0,,,,,,
941,0,BAU,,PROD_CEM,,,2047,,,,0.0,,,,0.0,0.0,0.0,,,,,,0.0,,,,,,
941,0,BAU,,PROD_CEM,,,2048,,,,0.0,,,,0.0,0.0,0.0,,,,,,0.0,,,,,,
941,0,BAU,,PROD_CEM,,,2049,,,,0.0,,,,0.0,0.0,0.0,,,,,,0.0,,,,,,
941,0,BAU,,PROD_CEM,,,2050,,,,0.0,,,,0.0,0.0,0.0,,,,,,0.0,,,,,,
941,0,BAU,,PROD_CEM,,,2051,,,,0.0,,,,0.0,0.0,0.0,,,,,,0.0,,,,,,
941,0,BAU,,PROD_CEM,,,2052,,,,0.0,,,,0.0,0.0,0.0,,,,,,0.0,,,,,,
941,0,BAU,,PROD_CEM,,,2053,,,,0.0,,,,0.0,0.0,0.0,,,,,,0.0,,,,,,
941,0,BAU,,PROD_CEM,,,2054,,,,0.0,,,,0.0,0.0,0.0,,,,,,0.0,,,,,,
941,0,BAU,,PROD_CEM,,,2055,,,,0.0,,,,0.0,0.0,0.0,,,,,,0.0,,,,,,
941,0,BAU,,PROD_CEM,,,2056,,,,0.0,,,,0.0,0.0,0.0,,,,,,0.0,,,,,,
941,0,BAU,,PROD_CEM,,,2057,,,,0.0,,,,0.0,0.0,0.0,,,,,,0.0,,,,,,
941,0,BAU,,PROD_CEM,,,2058,,,,0.0,,,,0.0,0.0,0.0,,,,,,0.0,,,,,,
941,0,BAU,,PROD_CEM,,,2059,,,,0.0,,,,0.0,0.0,0.0,,,,,,0.0,,,,,,
941,0,BAU,,PROD_CEM,,,2060,,,,0.0,,,,0.0,0.0,0.0,,,,,,0.0,,,,,,
941,0,BAU,,PROD_CEM,,,2061,,,,0.0,,,,0.0,0.0,0.0,,,,,,0.0,,,,,,
941,0,BAU,,PROD_CEM,,,2062,,,,0.0,,,,0.0,0.0,0.0,,,,,,0.0,,,,,,
941,0,BAU,,PROD_CEM,,,2063,,,,0.0,,,,0.0,0.0,0.0,,,,,,0.0,,,,,,
941,0,BAU,,PROD_CEM,,,2064,,,,0.0,,,,0.0,0.0,0.0,,,,,,0.0,,,,,,
941,0,BAU,,PROD_CEM,,,2065,,,,0.0,,,,0.0,0.0,0.0,,,,,,0.0,,,,,,
941,0,BAU,,PROD_CEM,,,2066,,,,0.0,,,,0.0,0.0,0.0,,,,,,0.0,,,,,,
941,0,BAU,,PROD_CEM,,,2067,,,,0.0,,,,0.0,0.0,0.0,,,,,,0.0,,,,,,
941,0,BAU,,PROD_CEM,,,2068,,,,0.0,,,,0.0,0.0,0.0,,,,,,0.0,,,,,,
941,0,BAU,,PROD_CEM,,,2069,,,,0.0,,,,0.0,0.0,0.0,,,,,,0.0,,,,,,
941,0,BAU,,PROD_CEM,,,2070,,,,0.0,,,,0.0,0.0,0.0,,,,,,0.0,,,,,,
941,0,BAU,ENE_TERM,PROD_CLK_TRAD,,,2018,,,,,3.51,,,,,,,,,,,,,,,,,
941,0,BAU,ENE_TERM,PROD_CLK_TRAD,,,2019,,,,,3.51,,,,,,,,,,,,,,,,,
941,0,BAU,ENE_TERM,PROD_CLK_TRAD,,,2020,,,,,3.51,,,,,,,,,,,,,,,,,
941,0,BAU,ENE_TERM,PROD_CLK_TRAD,,,2021,,,,,3.51,,,,,,,,,,,,,,,,,
941,0,BAU,ENE_TERM,PROD_CLK_TRAD,,,2022,,,,,3.51,,,,,,,,,,,,,,,,,
941,0,BAU,ENE_TERM,PROD_CLK_TRAD,,,2023,,,,,3.51,,,,,,,,,,,,,,,,,
941,0,BAU,ENE_TERM,PROD_CLK_TRAD,,,2024,,,,,3.51,,,,,,,,,,,,,,,,,
941,0,BAU,ENE_TERM,PROD_CLK_TRAD,,,2025,,,,,3.51,,,,,,,,,,,,,,,,,
941,0,BAU,ENE_TERM,PROD_CLK_TRAD,,,2026,,,,,3.51,,,,,,,,,,,,,,,,,
941,0,BAU,ENE_TERM,PROD_CLK_TRAD,,,2027,,,,,3.51,,,,,,,,,,,,,,,,,
941,0,BAU,ENE_TERM,PROD_CLK_TRAD,,,2028,,,,,3.51,,,,,,,,,,,,,,,,,
941,0,BAU,ENE_TERM,PROD_CLK_TRAD,,,2029,,,,,3.51,,,,,,,,,,,,,,,,,
941,0,BAU,ENE_TERM,PROD_CLK_TRAD,,,2030,,,,,3.51,,,,,,,,,,,,,,,,,
941,0,BAU,ENE_TERM,PROD_CLK_TRAD,,,2031,,,,,3.51,,,,,,,,,,,,,,,,,
941,0,BAU,ENE_TERM,PROD_CLK_TRAD,,,2032,,,,,3.51,,,,,,,,,,,,,,,,,
941,0,BAU,ENE_TERM,PROD_CLK_TRAD,,,2033,,,,,3.51,,,,,,,,,,,,,,,,,
941,0,BAU,ENE_TERM,PROD_CLK_TRAD,,,2034,,,,,3.51,,,,,,,,,,,,,,,,,
941,0,BAU,ENE_TERM,PROD_CLK_TRAD,,,2035,,,,,3.51,,,,,,,,,,,,,,,,,
941,0,BAU,ENE_TERM,PROD_CLK_TRAD,,,2036,,,,,3.51,,,,,,,,,,,,,,,,,
941,0,BAU,ENE_TERM,PROD_CLK_TRAD,,,2037,,,,,3.51,,,,,,,,,,,,,,,,,
941,0,BAU,ENE_TERM,PROD_CLK_TRAD,,,2038,,,,,3.51,,,,,,,,,,,,,,,,,
941,0,BAU,ENE_TERM,PROD_CLK_TRAD,,,2039,,,,,3.51,,,,,,,,,,,,,,,,,
941,0,BAU,ENE_TERM,PROD_CLK_TRAD,,,2040,,,,,3.51,,,,,,,,,,,,,,,,,
941,0,BAU,ENE_TERM,PROD_CLK_TRAD,,,2041,,,,,3.51,,,,,,,,,,,,,,,,,
941,0,BAU,ENE_TERM,PROD_CLK_TRAD,,,2042,,,,,3.51,,,,,,,,,,,,,,,,,
941,0,BAU,ENE_TERM,PROD_CLK_TRAD,,,2043,,,,,3.51,,,,,,,,,,,,,,,,,
941,0,BAU,ENE_TERM,PROD_CLK_TRAD,,,2044,,,,,3.51,,,,,,,,,,,,,,,,,
941,0,BAU,ENE_TERM,PROD_CLK_TRAD,,,2045,,,,,3.51,,,,,,,,,,,,,,,,,
941,0,BAU,ENE_TERM,PROD_CLK_TRAD,,,2046,,,,,3.51,,,,,,,,,,,,,,,,,
941,0,BAU,ENE_TERM,PROD_CLK_TRAD,,,2047,,,,,3.51,,,,,,,,,,,,,,,,,
941,0,BAU,ENE_TERM,PROD_CLK_TRAD,,,2048,,,,,3.51,,,,,,,,,,,,,,,,,
941,0,BAU,ENE_TERM,PROD_CLK_TRAD,,,2049,,,,,3.51,,,,,,,,,,,,,,,,,
941,0,BAU,ENE_TERM,PROD_CLK_TRAD,,,2050,,,,,3.51,,,,,,,,,,,,,,,,,
941,0,BAU,ENE_TERM,PROD_CLK_TRAD,,,2051,,,,,3.51,,,,,,,,,,,,,,,,,
941,0,BAU,ENE_TERM,PROD_CLK_TRAD,,,2052,,,,,3.51,,,,,,,,,,,,,,,,,
941,0,BAU,ENE_TERM,PROD_CLK_TRAD,,,2053,,,,,3.51,,,,,,,,,,,,,,,,,
941,0,BAU,ENE_TERM,PROD_CLK_TRAD,,,2054,,,,,3.51,,,,,,,,,,,,,,,,,
941,0,BAU,ENE_TERM,PROD_CLK_TRAD,,,2055,,,,,3.51,,,,,,,,,,,,,,,,,
941,0,BAU,ENE_TERM,PROD_CLK_TRAD,,,2056,,,,,3.51,,,,,,,,,,,,,,,,,
941,0,BAU,ENE_TERM,PROD_CLK_TRAD,,,2057,,,,,3.51,,,,,,,,,,,,,,,,,
941,0,BAU,ENE_TERM,PROD_CLK_TRAD,,,2058,,,,,3.51,,,,,,,,,,,,,,,,,
941,0,BAU,ENE_TERM,PROD_CLK_TRAD,,,2059,,,,,3.51,,,,,,,,,,,,,,,,,
941,0,BAU,ENE_TERM,PROD_CLK_TRAD,,,2060,,,,,3.51,,,,,,,,,,,,,,,,,
941,0,BAU,ENE_TERM,PROD_CLK_TRAD,,,2061,,,,,3.51,,,,,,,,,,,,,,,,,
941,0,BAU,ENE_TERM,PROD_CLK_TRAD,,,2062,,,,,3.51,,,,,,,,,,,,,,,,,
941,0,BAU,ENE_TERM,PROD_CLK_TRAD,,,2063,,,,,3.51,,,,,,,,,,,,,,,,,
941,0,BAU,ENE_TERM,PROD_CLK_TRAD,,,2064,,,,,3.51,,,,,,,,,,,,,,,,,
941,0,BAU,ENE_TERM,PROD_CLK_TRAD,,,2065,,,,,3.51,,,,,,,,,,,,,,,,,
941,0,BAU,ENE_TERM,PROD_CLK_TRAD,,,2066,,,,,3.51,,,,,,,,,,,,,,,,,
941,0,BAU,ENE_TERM,PROD_CLK_TRAD,,,2067,,,,,3.51,,,,,,,,,,,,,,,,,
941,0,BAU,ENE_TERM,PROD_CLK_TRAD,,,2068,,,,,3.51,,,,,,,,,,,,,,,,,
941,0,BAU,ENE_TERM,PROD_CLK_TRAD,,,2069,,,,,3.51,,,,,,,,,,,,,,,,,
941,0,BAU,ENE_TERM,PROD_CLK_TRAD,,,2070,,,,,3.51,,,,,,,,,,,,,,,,,
941,0,BAU,RAW_MAT_CLK,PROD_CLK_TRAD,,,2018,,,,,1.0,,,,,,,,,,,,,,,,,
941,0,BAU,RAW_MAT_CLK,PROD_CLK_TRAD,,,2019,,,,,1.0,,,,,,,,,,,,,,,,,
941,0,BAU,RAW_MAT_CLK,PROD_CLK_TRAD,,,2020,,,,,1.0,,,,,,,,,,,,,,,,,
941,0,BAU,RAW_MAT_CLK,PROD_CLK_TRAD,,,2021,,,,,1.0,,,,,,,,,,,,,,,,,
941,0,BAU,RAW_MAT_CLK,PROD_CLK_TRAD,,,2022,,,,,1.0,,,,,,,,,,,,,,,,,
941,0,BAU,RAW_MAT_CLK,PROD_CLK_TRAD,,,2023,,,,,1.0,,,,,,,,,,,,,,,,,
941,0,BAU,RAW_MAT_CLK,PROD_CLK_TRAD,,,2024,,,,,1.0,,,,,,,,,,,,,,,,,
941,0,BAU,RAW_MAT_CLK,PROD_CLK_TRAD,,,2025,,,,,1.0,,,,,,,,,,,,,,,,,
941,0,BAU,RAW_MAT_CLK,PROD_CLK_TRAD,,,2026,,,,,1.0,,,,,,,,,,,,,,,,,
941,0,BAU,RAW_MAT_CLK,PROD_CLK_TRAD,,,2027,,,,,1.0,,,,,,,,,,,,,,,,,
941,0,BAU,RAW_MAT_CLK,PROD_CLK_TRAD,,,2028,,,,,1.0,,,,,,,,,,,,,,,,,
941,0,BAU,RAW_MAT_CLK,PROD_CLK_TRAD,,,2029,,,,,1.0,,,,,,,,,,,,,,,,,
941,0,BAU,RAW_MAT_CLK,PROD_CLK_TRAD,,,2030,,,,,1.0,,,,,,,,,,,,,,,,,
941,0,BAU,RAW_MAT_CLK,PROD_CLK_TRAD,,,2031,,,,,1.0,,,,,,,,,,,,,,,,,
941,0,BAU,RAW_MAT_CLK,PROD_CLK_TRAD,,,2032,,,,,1.0,,,,,,,,,,,,,,,,,
941,0,BAU,RAW_MAT_CLK,PROD_CLK_TRAD,,,2033,,,,,1.0,,,,,,,,,,,,,,,,,
941,0,BAU,RAW_MAT_CLK,PROD_CLK_TRAD,,,2034,,,,,1.0,,,,,,,,,,,,,,,,,
941,0,BAU,RAW_MAT_CLK,PROD_CLK_TRAD,,,2035,,,,,1.0,,,,,,,,,,,,,,,,,
941,0,BAU,RAW_MAT_CLK,PROD_CLK_TRAD,,,2036,,,,,1.0,,,,,,,,,,,,,,,,,
941,0,BAU,RAW_MAT_CLK,PROD_CLK_TRAD,,,2037,,,,,1.0,,,,,,,,,,,,,,,,,
941,0,BAU,RAW_MAT_CLK,PROD_CLK_TRAD,,,2038,,,,,1.0,,,,,,,,,,,,,,,,,
941,0,BAU,RAW_MAT_CLK,PROD_CLK_TRAD,,,2039,,,,,1.0,,,,,,,,,,,,,,,,,
941,0,BAU,RAW_MAT_CLK,PROD_CLK_TRAD,,,2040,,,,,1.0,,,,,,,,,,,,,,,,,
941,0,BAU,RAW_MAT_CLK,PROD_CLK_TRAD,,,2041,,,,,1.0,,,,,,,,,,,,,,,,,
941,0,BAU,RAW_MAT_CLK,PROD_CLK_TRAD,,,2042,,,,,1.0,,,,,,,,,,,,,,,,,
941,0,BAU,RAW_MAT_CLK,PROD_CLK_TRAD,,,2043,,,,,1.0,,,,,,,,,,,,,,,,,
941,0,BAU,RAW_MAT_CLK,PROD_CLK_TRAD,,,2044,,,,,1.0,,,,,,,,,,,,,,,,,
941,0,BAU,RAW_MAT_CLK,PROD_CLK_TRAD,,,2045,,,,,1.0,,,,,,,,,,,,,,,,,
941,0,BAU,RAW_MAT_CLK,PROD_CLK_TRAD,,,2046,,,,,1.0,,,,,,,,,,,,,,,,,
941,0,BAU,RAW_MAT_CLK,PROD_CLK_TRAD,,,2047,,,,,1.0,,,,,,,,,,,,,,,,,
941,0,BAU,RAW_MAT_CLK,PROD_CLK_TRAD,,,2048,,,,,1.0,,,,,,,,,,,,,,,,,
941,0,BAU,RAW_MAT_CLK,PROD_CLK_TRAD,,,2049,,,,,1.0,,,,,,,,,,,,,,,,,
941,0,BAU,RAW_MAT_CLK,PROD_CLK_TRAD,,,2050,,,,,1.0,,,,,,,,,,,,,,,,,
941,0,BAU,RAW_MAT_CLK,PROD_CLK_TRAD,,,2051,,,,,1.0,,,,,,,,,,,,,,,,,
941,0,BAU,RAW_MAT_CLK,PROD_CLK_TRAD,,,2052,,,,,1.0,,,,,,,,,,,,,,,,,
941,0,BAU,RAW_MAT_CLK,PROD_CLK_TRAD,,,2053,,,,,1.0,,,,,,,,,,,,,,,,,
941,0,BAU,RAW_MAT_CLK,PROD_CLK_TRAD,,,2054,,,,,1.0,,,,,,,,,,,,,,,,,
941,0,BAU,RAW_MAT_CLK,PROD_CLK_TRAD,,,2055,,,,,1.0,,,,,,,,,,,,,,,,,
941,0,BAU,RAW_MAT_CLK,PROD_CLK_TRAD,,,2056,,,,,1.0,,,,,,,,,,,,,,,,,
941,0,BAU,RAW_MAT_CLK,PROD_CLK_TRAD,,,2057,,,,,1.0,,,,,,,,,,,,,,,,,
941,0,BAU,RAW_MAT_CLK,PROD_CLK_TRAD,,,2058,,,,,1.0,,,,,,,,,,,,,,,,,
941,0,BAU,RAW_MAT_CLK,PROD_CLK_TRAD,,,2059,,,,,1.0,,,,,,,,,,,,,,,,,
941,0,BAU,RAW_MAT_CLK,PROD_CLK_TRAD,,,2060,,,,,1.0,,,,,,,,,,,,,,,,,
941,0,BAU,RAW_MAT_CLK,PROD_CLK_TRAD,,,2061,,,,,1.0,,,,,,,,,,,,,,,,,
941,0,BAU,RAW_MAT_CLK,PROD_CLK_TRAD,,,2062,,,,,1.0,,,,,,,,,,,,,,,,,
941,0,BAU,RAW_MAT_CLK,PROD_CLK_TRAD,,,2063,,,,,1.0,,,,,,,,,,,,,,,,,
941,0,BAU,RAW_MAT_CLK,PROD_CLK_TRAD,,,2064,,,,,1.0,,,,,,,,,,,,,,,,,
941,0,BAU,RAW_MAT_CLK,PROD_CLK_TRAD,,,2065,,,,,1.0,,,,,,,,,,,,,,,,,
941,0,BAU,RAW_MAT_CLK,PROD_CLK_TRAD,,,2066,,,,,1.0,,,,,,,,,,,,,,,,,
941,0,BAU,RAW_MAT_CLK,PROD_CLK_TRAD,,,2067,,,,,1.0,,,,,,,,,,,,,,,,,
941,0,BAU,RAW_MAT_CLK,PROD_CLK_TRAD,,,2068,,,,,1.0,,,,,,,,,,,,,,,,,
941,0,BAU,RAW_MAT_CLK,PROD_CLK_TRAD,,,2069,,,,,1.0,,,,,,,,,,,,,,,,,
941,0,BAU,RAW_MAT_CLK,PROD_CLK_TRAD,,,2070,,,,,1.0,,,,,,,,,,,,,,,,,
941,0,BAU,ELE_TERM,PROD_CLK_ELEC,,,2018,,,,,5.51,,,,,,,,,,,,,,,,,
941,0,BAU,ELE_TERM,PROD_CLK_ELEC,,,2019,,,,,5.51,,,,,,,,,,,,,,,,,
941,0,BAU,ELE_TERM,PROD_CLK_ELEC,,,2020,,,,,5.51,,,,,,,,,,,,,,,,,
941,0,BAU,ELE_TERM,PROD_CLK_ELEC,,,2021,,,,,5.51,,,,,,,,,,,,,,,,,
941,0,BAU,ELE_TERM,PROD_CLK_ELEC,,,2022,,,,,5.51,,,,,,,,,,,,,,,,,
941,0,BAU,ELE_TERM,PROD_CLK_ELEC,,,2023,,,,,5.51,,,,,,,,,,,,,,,,,
941,0,BAU,ELE_TERM,PROD_CLK_ELEC,,,2024,,,,,5.51,,,,,,,,,,,,,,,,,
941,0,BAU,ELE_TERM,PROD_CLK_ELEC,,,2025,,,,,5.51,,,,,,,,,,,,,,,,,
941,0,BAU,ELE_TERM,PROD_CLK_ELEC,,,2026,,,,,5.51,,,,,,,,,,,,,,,,,
941,0,BAU,ELE_TERM,PROD_CLK_ELEC,,,2027,,,,,5.51,,,,,,,,,,,,,,,,,
941,0,BAU,ELE_TERM,PROD_CLK_ELEC,,,2028,,,,,5.51,,,,,,,,,,,,,,,,,
941,0,BAU,ELE_TERM,PROD_CLK_ELEC,,,2029,,,,,5.51,,,,,,,,,,,,,,,,,
941,0,BAU,ELE_TERM,PROD_CLK_ELEC,,,2030,,,,,5.51,,,,,,,,,,,,,,,,,
941,0,BAU,ELE_TERM,PROD_CLK_ELEC,,,2031,,,,,5.51,,,,,,,,,,,,,,,,,
941,0,BAU,ELE_TERM,PROD_CLK_ELEC,,,2032,,,,,5.51,,,,,,,,,,,,,,,,,
941,0,BAU,ELE_TERM,PROD_CLK_ELEC,,,2033,,,,,5.51,,,,,,,,,,,,,,,,,
941,0,BAU,ELE_TERM,PROD_CLK_ELEC,,,2034,,,,,5.51,,,,,,,,,,,,,,,,,
941,0,BAU,ELE_TERM,PROD_CLK_ELEC,,,2035,,,,,5.51,,,,,,,,,,,,,,,,,
941,0,BAU,ELE_TERM,PROD_CLK_ELEC,,,2036,,,,,5.51,,,,,,,,,,,,,,,,,
941,0,BAU,ELE_TERM,PROD_CLK_ELEC,,,2037,,,,,5.51,,,,,,,,,,,,,,,,,
941,0,BAU,ELE_TERM,PROD_CLK_ELEC,,,2038,,,,,5.51,,,,,,,,,,,,,,,,,
941,0,BAU,ELE_TERM,PROD_CLK_ELEC,,,2039,,,,,5.51,,,,,,,,,,,,,,,,,
941,0,BAU,ELE_TERM,PROD_CLK_ELEC,,,2040,,,,,5.51,,,,,,,,,,,,,,,,,
941,0,BAU,ELE_TERM,PROD_CLK_ELEC,,,2041,,,,,5.51,,,,,,,,,,,,,,,,,
941,0,BAU,ELE_TERM,PROD_CLK_ELEC,,,2042,,,,,5.51,,,,,,,,,,,,,,,,,
941,0,BAU,ELE_TERM,PROD_CLK_ELEC,,,2043,,,,,5.51,,,,,,,,,,,,,,,,,
941,0,BAU,ELE_TERM,PROD_CLK_ELEC,,,2044,,,,,5.51,,,,,,,,,,,,,,,,,
941,0,BAU,ELE_TERM,PROD_CLK_ELEC,,,2045,,,,,5.51,,,,,,,,,,,,,,,,,
941,0,BAU,ELE_TERM,PROD_CLK_ELEC,,,2046,,,,,5.51,,,,,,,,,,,,,,,,,
941,0,BAU,ELE_TERM,PROD_CLK_ELEC,,,2047,,,,,5.51,,,,,,,,,,,,,,,,,
941,0,BAU,ELE_TERM,PROD_CLK_ELEC,,,2048,,,,,5.51,,,,,,,,,,,,,,,,,
941,0,BAU,ELE_TERM,PROD_CLK_ELEC,,,2049,,,,,5.51,,,,,,,,,,,,,,,,,
941,0,BAU,ELE_TERM,PROD_CLK_ELEC,,,2050,,,,,5.51,,,,,,,,,,,,,,,,,
941,0,BAU,ELE_TERM,PROD_CLK_ELEC,,,2051,,,,,5.51,,,,,,,,,,,,,,,,,
941,0,BAU,ELE_TERM,PROD_CLK_ELEC,,,2052,,,,,5.51,,,,,,,,,,,,,,,,,
941,0,BAU,ELE_TERM,PROD_CLK_ELEC,,,2053,,,,,5.51,,,,,,,,,,,,,,,,,
941,0,BAU,ELE_TERM,PROD_CLK_ELEC,,,2054,,,,,5.51,,,,,,,,,,,,,,,,,
941,0,BAU,ELE_TERM,PROD_CLK_ELEC,,,2055,,,,,5.51,,,,,,,,,,,,,,,,,
941,0,BAU,ELE_TERM,PROD_CLK_ELEC,,,2056,,,,,5.51,,,,,,,,,,,,,,,,,
941,0,BAU,ELE_TERM,PROD_CLK_ELEC,,,2057,,,,,5.51,,,,,,,,,,,,,,,,,
941,0,BAU,ELE_TERM,PROD_CLK_ELEC,,,2058,,,,,5.51,,,,,,,,,,,,,,,,,
941,0,BAU,ELE_TERM,PROD_CLK_ELEC,,,2059,,,,,5.51,,,,,,,,,,,,,,,,,
941,0,BAU,ELE_TERM,PROD_CLK_ELEC,,,2060,,,,,5.51,,,,,,,,,,,,,,,,,
941,0,BAU,ELE_TERM,PROD_CLK_ELEC,,,2061,,,,,5.51,,,,,,,,,,,,,,,,,
941,0,BAU,ELE_TERM,PROD_CLK_ELEC,,,2062,,,,,5.51,,,,,,,,,,,,,,,,,
941,0,BAU,ELE_TERM,PROD_CLK_ELEC,,,2063,,,,,5.51,,,,,,,,,,,,,,,,,
941,0,BAU,ELE_TERM,PROD_CLK_ELEC,,,2064,,,,,5.51,,,,,,,,,,,,,,,,,
941,0,BAU,ELE_TERM,PROD_CLK_ELEC,,,2065,,,,,5.51,,,,,,,,,,,,,,,,,
941,0,BAU,ELE_TERM,PROD_CLK_ELEC,,,2066,,,,,5.51,,,,,,,,,,,,,,,,,
941,0,BAU,ELE_TERM,PROD_CLK_ELEC,,,2067,,,,,5.51,,,,,,,,,,,,,,,,,
941,0,BAU,ELE_TERM,PROD_CLK_ELEC,,,2068,,,,,5.51,,,,,,,,,,,,,,,,,
941,0,BAU,ELE_TERM,PROD_CLK_ELEC,,,2069,,,,,5.51,,,,,,,,,,,,,,,,,
941,0,BAU,ELE_TERM,PROD_CLK_ELEC,,,2070,,,,,5.51,,,,,,,,,,,,,,,,,
941,0,BAU,RAW_MAT_CLK,PROD_CLK_ELEC,,,2018,,,,,1.0,,,,,,,,,,,,,,,,,
941,0,BAU,RAW_MAT_CLK,PROD_CLK_ELEC,,,2019,,,,,1.0,,,,,,,,,,,,,,,,,
941,0,BAU,RAW_MAT_CLK,PROD_CLK_ELEC,,,2020,,,,,1.0,,,,,,,,,,,,,,,,,
941,0,BAU,RAW_MAT_CLK,PROD_CLK_ELEC,,,2021,,,,,1.0,,,,,,,,,,,,,,,,,
941,0,BAU,RAW_MAT_CLK,PROD_CLK_ELEC,,,2022,,,,,1.0,,,,,,,,,,,,,,,,,
941,0,BAU,RAW_MAT_CLK,PROD_CLK_ELEC,,,2023,,,,,1.0,,,,,,,,,,,,,,,,,
941,0,BAU,RAW_MAT_CLK,PROD_CLK_ELEC,,,2024,,,,,1.0,,,,,,,,,,,,,,,,,
941,0,BAU,RAW_MAT_CLK,PROD_CLK_ELEC,,,2025,,,,,1.0,,,,,,,,,,,,,,,,,
941,0,BAU,RAW_MAT_CLK,PROD_CLK_ELEC,,,2026,,,,,1.0,,,,,,,,,,,,,,,,,
941,0,BAU,RAW_MAT_CLK,PROD_CLK_ELEC,,,2027,,,,,1.0,,,,,,,,,,,,,,,,,
941,0,BAU,RAW_MAT_CLK,PROD_CLK_ELEC,,,2028,,,,,1.0,,,,,,,,,,,,,,,,,
941,0,BAU,RAW_MAT_CLK,PROD_CLK_ELEC,,,2029,,,,,1.0,,,,,,,,,,,,,,,,,
941,0,BAU,RAW_MAT_CLK,PROD_CLK_ELEC,,,2030,,,,,1.0,,,,,,,,,,,,,,,,,
941,0,BAU,RAW_MAT_CLK,PROD_CLK_ELEC,,,2031,,,,,1.0,,,,,,,,,,,,,,,,,
941,0,BAU,RAW_MAT_CLK,PROD_CLK_ELEC,,,2032,,,,,1.0,,,,,,,,,,,,,,,,,
941,0,BAU,RAW_MAT_CLK,PROD_CLK_ELEC,,,2033,,,,,1.0,,,,,,,,,,,,,,,,,
941,0,BAU,RAW_MAT_CLK,PROD_CLK_ELEC,,,2034,,,,,1.0,,,,,,,,,,,,,,,,,
941,0,BAU,RAW_MAT_CLK,PROD_CLK_ELEC,,,2035,,,,,1.0,,,,,,,,,,,,,,,,,
941,0,BAU,RAW_MAT_CLK,PROD_CLK_ELEC,,,2036,,,,,1.0,,,,,,,,,,,,,,,,,
941,0,BAU,RAW_MAT_CLK,PROD_CLK_ELEC,,,2037,,,,,1.0,,,,,,,,,,,,,,,,,
941,0,BAU,RAW_MAT_CLK,PROD_CLK_ELEC,,,2038,,,,,1.0,,,,,,,,,,,,,,,,,
941,0,BAU,RAW_MAT_CLK,PROD_CLK_ELEC,,,2039,,,,,1.0,,,,,,,,,,,,,,,,,
941,0,BAU,RAW_MAT_CLK,PROD_CLK_ELEC,,,2040,,,,,1.0,,,,,,,,,,,,,,,,,
941,0,BAU,RAW_MAT_CLK,PROD_CLK_ELEC,,,2041,,,,,1.0,,,,,,,,,,,,,,,,,
941,0,BAU,RAW_MAT_CLK,PROD_CLK_ELEC,,,2042,,,,,1.0,,,,,,,,,,,,,,,,,
941,0,BAU,RAW_MAT_CLK,PROD_CLK_ELEC,,,2043,,,,,1.0,,,,,,,,,,,,,,,,,
941,0,BAU,RAW_MAT_CLK,PROD_CLK_ELEC,,,2044,,,,,1.0,,,,,,,,,,,,,,,,,
941,0,BAU,RAW_MAT_CLK,PROD_CLK_ELEC,,,2045,,,,,1.0,,,,,,,,,,,,,,,,,
941,0,BAU,RAW_MAT_CLK,PROD_CLK_ELEC,,,2046,,,,,1.0,,,,,,,,,,,,,,,,,
941,0,BAU,RAW_MAT_CLK,PROD_CLK_ELEC,,,2047,,,,,1.0,,,,,,,,,,,,,,,,,
941,0,BAU,RAW_MAT_CLK,PROD_CLK_ELEC,,,2048,,,,,1.0,,,,,,,,,,,,,,,,,
941,0,BAU,RAW_MAT_CLK,PROD_CLK_ELEC,,,2049,,,,,1.0,,,,,,,,,,,,,,,,,
941,0,BAU,RAW_MAT_CLK,PROD_CLK_ELEC,,,2050,,,,,1.0,,,,,,,,,,,,,,,,,
941,0,BAU,RAW_MAT_CLK,PROD_CLK_ELEC,,,2051,,,,,1.0,,,,,,,,,,,,,,,,,
941,0,BAU,RAW_MAT_CLK,PROD_CLK_ELEC,,,2052,,,,,1.0,,,,,,,,,,,,,,,,,
941,0,BAU,RAW_MAT_CLK,PROD_CLK_ELEC,,,2053,,,,,1.0,,,,,,,,,,,,,,,,,
941,0,BAU,RAW_MAT_CLK,PROD_CLK_ELEC,,,2054,,,,,1.0,,,,,,,,,,,,,,,,,
941,0,BAU,RAW_MAT_CLK,PROD_CLK_ELEC,,,2055,,,,,1.0,,,,,,,,,,,,,,,,,
941,0,BAU,RAW_MAT_CLK,PROD_CLK_ELEC,,,2056,,,,,1.0,,,,,,,,,,,,,,,,,
941,0,BAU,RAW_MAT_CLK,PROD_CLK_ELEC,,,2057,,,,,1.0,,,,,,,,,,,,,,,,,
941,0,BAU,RAW_MAT_CLK,PROD_CLK_ELEC,,,2058,,,,,1.0,,,,,,,,,,,,,,,,,
941,0,BAU,RAW_MAT_CLK,PROD_CLK_ELEC,,,2059,,,,,1.0,,,,,,,,,,,,,,,,,
941,0,BAU,RAW_MAT_CLK,PROD_CLK_ELEC,,,2060,,,,,1.0,,,,,,,,,,,,,,,,,
941,0,BAU,RAW_MAT_CLK,PROD_CLK_ELEC,,,2061,,,,,1.0,,,,,,,,,,,,,,,,,
941,0,BAU,RAW_MAT_CLK,PROD_CLK_ELEC,,,2062,,,,,1.0,,,,,,,,,,,,,,,,,
941,0,BAU,RAW_MAT_CLK,PROD_CLK_ELEC,,,2063,,,,,1.0,,,,,,,,,,,,,,,,,
941,0,BAU,RAW_MAT_CLK,PROD_CLK_ELEC,,,2064,,,,,1.0,,,,,,,,,,,,,,,,,
941,0,BAU,RAW_MAT_CLK,PROD_CLK_ELEC,,,2065,,,,,1.0,,,,,,,,,,,,,,,,,
941,0,BAU,RAW_MAT_CLK,PROD_CLK_ELEC,,,2066,,,,,1.0,,,,,,,,,,,,,,,,,
941,0,BAU,RAW_MAT_CLK,PROD_CLK_ELEC,,,2067,,,,,1.0,,,,,,,,,,,,,,,,,
941,0,BAU,RAW_MAT_CLK,PROD_CLK_ELEC,,,2068,,,,,1.0,,,,,,,,,,,,,,,,,
941,0,BAU,RAW_MAT_CLK,PROD_CLK_ELEC,,,2069,,,,,1.0,,,,,,,,,,,,,,,,,
941,0,BAU,RAW_MAT_CLK,PROD_CLK_ELEC,,,2070,,,,,1.0,,,,,,,,,,,,,,,,,
941,0,BAU,CLK_PROD,PROD_CEM,,,2018,,,,,0.750317465267582,,,,,,,,,,,,,,,,,
941,0,BAU,CLK_PROD,PROD_CEM,,,2019,,,,,0.84,,,,,,,,,,,,,,,,,
941,0,BAU,CLK_PROD,PROD_CEM,,,2020,,,,,0.79,,,,,,,,,,,,,,,,,
941,0,BAU,CLK_PROD,PROD_CEM,,,2021,,,,,0.88,,,,,,,,,,,,,,,,,
941,0,BAU,CLK_PROD,PROD_CEM,,,2022,,,,,0.88,,,,,,,,,,,,,,,,,
941,0,BAU,CLK_PROD,PROD_CEM,,,2023,,,,,0.88,,,,,,,,,,,,,,,,,
941,0,BAU,CLK_PROD,PROD_CEM,,,2024,,,,,0.88,,,,,,,,,,,,,,,,,
941,0,BAU,CLK_PROD,PROD_CEM,,,2025,,,,,0.88,,,,,,,,,,,,,,,,,
941,0,BAU,CLK_PROD,PROD_CEM,,,2026,,,,,0.88,,,,,,,,,,,,,,,,,
941,0,BAU,CLK_PROD,PROD_CEM,,,2027,,,,,0.88,,,,,,,,,,,,,,,,,
941,0,BAU,CLK_PROD,PROD_CEM,,,2028,,,,,0.88,,,,,,,,,,,,,,,,,
941,0,BAU,CLK_PROD,PROD_CEM,,,2029,,,,,0.88,,,,,,,,,,,,,,,,,
941,0,BAU,CLK_PROD,PROD_CEM,,,2030,,,,,0.88,,,,,,,,,,,,,,,,,
941,0,BAU,CLK_PROD,PROD_CEM,,,2031,,,,,0.88,,,,,,,,,,,,,,,,,
941,0,BAU,CLK_PROD,PROD_CEM,,,2032,,,,,0.88,,,,,,,,,,,,,,,,,
941,0,BAU,CLK_PROD,PROD_CEM,,,2033,,,,,0.88,,,,,,,,,,,,,,,,,
941,0,BAU,CLK_PROD,PROD_CEM,,,2034,,,,,0.88,,,,,,,,,,,,,,,,,
941,0,BAU,CLK_PROD,PROD_CEM,,,2035,,,,,0.88,,,,,,,,,,,,,,,,,
941,0,BAU,CLK_PROD,PROD_CEM,,,2036,,,,,0.88,,,,,,,,,,,,,,,,,
941,0,BAU,CLK_PROD,PROD_CEM,,,2037,,,,,0.88,,,,,,,,,,,,,,,,,
941,0,BAU,CLK_PROD,PROD_CEM,,,2038,,,,,0.88,,,,,,,,,,,,,,,,,
941,0,BAU,CLK_PROD,PROD_CEM,,,2039,,,,,0.88,,,,,,,,,,,,,,,,,
941,0,BAU,CLK_PROD,PROD_CEM,,,2040,,,,,0.88,,,,,,,,,,,,,,,,,
941,0,BAU,CLK_PROD,PROD_CEM,,,2041,,,,,0.88,,,,,,,,,,,,,,,,,
941,0,BAU,CLK_PROD,PROD_CEM,,,2042,,,,,0.88,,,,,,,,,,,,,,,,,
941,0,BAU,CLK_PROD,PROD_CEM,,,2043,,,,,0.88,,,,,,,,,,,,,,,,,
941,0,BAU,CLK_PROD,PROD_CEM,,,2044,,,,,0.88,,,,,,,,,,,,,,,,,
941,0,BAU,CLK_PROD,PROD_CEM,,,2045,,,,,0.88,,,,,,,,,,,,,,,,,
941,0,BAU,CLK_PROD,PROD_CEM,,,2046,,,,,0.88,,,,,,,,,,,,,,,,,
941,0,BAU,CLK_PROD,PROD_CEM,,,2047,,,,,0.88,,,,,,,,,,,,,,,,,
941,0,BAU,CLK_PROD,PROD_CEM,,,2048,,,,,0.88,,,,,,,,,,,,,,,,,
941,0,BAU,CLK_PROD,PROD_CEM,,,2049,,,,,0.88,,,,,,,,,,,,,,,,,
941,0,BAU,CLK_PROD,PROD_CEM,,,2050,,,,,0.88,,,,,,,,,,,,,,,,,
941,0,BAU,CLK_PROD,PROD_CEM,,,2051,,,,,0.88,,,,,,,,,,,,,,,,,
941,0,BAU,CLK_PROD,PROD_CEM,,,2052,,,,,0.88,,,,,,,,,,,,,,,,,
941,0,BAU,CLK_PROD,PROD_CEM,,,2053,,,,,0.88,,,,,,,,,,,,,,,,,
941,0,BAU,CLK_PROD,PROD_CEM,,,2054,,,,,0.88,,,,,,,,,,,,,,,,,
941,0,BAU,CLK_PROD,PROD_CEM,,,2055,,,,,0.88,,,,,,,,,,,,,,,,,
941,0,BAU,CLK_PROD,PROD_CEM,,,2056,,,,,0.88,,,,,,,,,,,,,,,,,
941,0,BAU,CLK_PROD,PROD_CEM,,,2057,,,,,0.88,,,,,,,,,,,,,,,,,
941,0,BAU,CLK_PROD,PROD_CEM,,,2058,,,,,0.88,,,,,,,,,,,,,,,,,
941,0,BAU,CLK_PROD,PROD_CEM,,,2059,,,,,0.88,,,,,,,,,,,,,,,,,
941,0,BAU,CLK_PROD,PROD_CEM,,,2060,,,,,0.88,,,,,,,,,,,,,,,,,
941,0,BAU,CLK_PROD,PROD_CEM,,,2061,,,,,0.88,,,,,,,,,,,,,,,,,
941,0,BAU,CLK_PROD,PROD_CEM,,,2062,,,,,0.88,,,,,,,,,,,,,,,,,
941,0,BAU,CLK_PROD,PROD_CEM,,,2063,,,,,0.88,,,,,,,,,,,,,,,,,
941,0,BAU,CLK_PROD,PROD_CEM,,,2064,,,,,0.88,,,,,,,,,,,,,,,,,
941,0,BAU,CLK_PROD,PROD_CEM,,,2065,,,,,0.88,,,,,,,,,,,,,,,,,
941,0,BAU,CLK_PROD,PROD_CEM,,,2066,,,,,0.88,,,,,,,,,,,,,,,,,
941,0,BAU,CLK_PROD,PROD_CEM,,,2067,,,,,0.88,,,,,,,,,,,,,,,,,
941,0,BAU,CLK_PROD,PROD_CEM,,,2068,,,,,0.88,,,,,,,,,,,,,,,,,
941,0,BAU,CLK_PROD,PROD_CEM,,,2069,,,,,0.88,,,,,,,,,,,,,,,,,
941,0,BAU,CLK_PROD,PROD_CEM,,,2070,,,,,0.88,,,,,,,,,,,,,,,,,
941,0,BAU,ELEC_CEM,PROD_CEM,,,2018,,,,,0.3636,,,,,,,,,,,,,,,,,
941,0,BAU,ELEC_CEM,PROD_CEM,,,2019,,,,,0.3636,,,,,,,,,,,,,,,,,
941,0,BAU,ELEC_CEM,PROD_CEM,,,2020,,,,,0.3636,,,,,,,,,,,,,,,,,
941,0,BAU,ELEC_CEM,PROD_CEM,,,2021,,,,,0.3636,,,,,,,,,,,,,,,,,
941,0,BAU,ELEC_CEM,PROD_CEM,,,2022,,,,,0.3636,,,,,,,,,,,,,,,,,
941,0,BAU,ELEC_CEM,PROD_CEM,,,2023,,,,,0.3636,,,,,,,,,,,,,,,,,
941,0,BAU,ELEC_CEM,PROD_CEM,,,2024,,,,,0.3636,,,,,,,,,,,,,,,,,
941,0,BAU,ELEC_CEM,PROD_CEM,,,2025,,,,,0.3636,,,,,,,,,,,,,,,,,
941,0,BAU,ELEC_CEM,PROD_CEM,,,2026,,,,,0.3636,,,,,,,,,,,,,,,,,
941,0,BAU,ELEC_CEM,PROD_CEM,,,2027,,,,,0.3636,,,,,,,,,,,,,,,,,
941,0,BAU,ELEC_CEM,PROD_CEM,,,2028,,,,,0.3636,,,,,,,,,,,,,,,,,
941,0,BAU,ELEC_CEM,PROD_CEM,,,2029,,,,,0.3636,,,,,,,,,,,,,,,,,
941,0,BAU,ELEC_CEM,PROD_CEM,,,2030,,,,,0.3636,,,,,,,,,,,,,,,,,
941,0,BAU,ELEC_CEM,PROD_CEM,,,2031,,,,,0.3636,,,,,,,,,,,,,,,,,
941,0,BAU,ELEC_CEM,PROD_CEM,,,2032,,,,,0.3636,,,,,,,,,,,,,,,,,
941,0,BAU,ELEC_CEM,PROD_CEM,,,2033,,,,,0.3636,,,,,,,,,,,,,,,,,
941,0,BAU,ELEC_CEM,PROD_CEM,,,2034,,,,,0.3636,,,,,,,,,,,,,,,,,
941,0,BAU,ELEC_CEM,PROD_CEM,,,2035,,,,,0.3636,,,,,,,,,,,,,,,,,
941,0,BAU,ELEC_CEM,PROD_CEM,,,2036,,,,,0.3636,,,,,,,,,,,,,,,,,
941,0,BAU,ELEC_CEM,PROD_CEM,,,2037,,,,,0.3636,,,,,,,,,,,,,,,,,
941,0,BAU,ELEC_CEM,PROD_CEM,,,2038,,,,,0.3636,,,,,,,,,,,,,,,,,
941,0,BAU,ELEC_CEM,PROD_CEM,,,2039,,,,,0.3636,,,,,,,,,,,,,,,,,
941,0,BAU,ELEC_CEM,PROD_CEM,,,2040,,,,,0.3636,,,,,,,,,,,,,,,,,
941,0,BAU,ELEC_CEM,PROD_CEM,,,2041,,,,,0.3636,,,,,,,,,,,,,,,,,
941,0,BAU,ELEC_CEM,PROD_CEM,,,2042,,,,,0.3636,,,,,,,,,,,,,,,,,
941,0,BAU,ELEC_CEM,PROD_CEM,,,2043,,,,,0.3636,,,,,,,,,,,,,,,,,
941,0,BAU,ELEC_CEM,PROD_CEM,,,2044,,,,,0.3636,,,,,,,,,,,,,,,,,
941,0,BAU,ELEC_CEM,PROD_CEM,,,2045,,,,,0.3636,,,,,,,,,,,,,,,,,
941,0,BAU,ELEC_CEM,PROD_CEM,,,2046,,,,,0.3636,,,,,,,,,,,,,,,,,
941,0,BAU,ELEC_CEM,PROD_CEM,,,2047,,,,,0.3636,,,,,,,,,,,,,,,,,
941,0,BAU,ELEC_CEM,PROD_CEM,,,2048,,,,,0.3636,,,,,,,,,,,,,,,,,
941,0,BAU,ELEC_CEM,PROD_CEM,,,2049,,,,,0.3636,,,,,,,,,,,,,,,,,
941,0,BAU,ELEC_CEM,PROD_CEM,,,2050,,,,,0.3636,,,,,,,,,,,,,,,,,
941,0,BAU,ELEC_CEM,PROD_CEM,,,2051,,,,,0.3636,,,,,,,,,,,,,,,,,
941,0,BAU,ELEC_CEM,PROD_CEM,,,2052,,,,,0.3636,,,,,,,,,,,,,,,,,
941,0,BAU,ELEC_CEM,PROD_CEM,,,2053,,,,,0.3636,,,,,,,,,,,,,,,,,
941,0,BAU,ELEC_CEM,PROD_CEM,,,2054,,,,,0.3636,,,,,,,,,,,,,,,,,
941,0,BAU,ELEC_CEM,PROD_CEM,,,2055,,,,,0.3636,,,,,,,,,,,,,,,,,
941,0,BAU,ELEC_CEM,PROD_CEM,,,2056,,,,,0.3636,,,,,,,,,,,,,,,,,
941,0,BAU,ELEC_CEM,PROD_CEM,,,2057,,,,,0.3636,,,,,,,,,,,,,,,,,
941,0,BAU,ELEC_CEM,PROD_CEM,,,2058,,,,,0.3636,,,,,,,,,,,,,,,,,
941,0,BAU,ELEC_CEM,PROD_CEM,,,2059,,,,,0.3636,,,,,,,,,,,,,,,,,
941,0,BAU,ELEC_CEM,PROD_CEM,,,2060,,,,,0.3636,,,,,,,,,,,,,,,,,
941,0,BAU,ELEC_CEM,PROD_CEM,,,2061,,,,,0.3636,,,,,,,,,,,,,,,,,
941,0,BAU,ELEC_CEM,PROD_CEM,,,2062,,,,,0.3636,,,,,,,,,,,,,,,,,
941,0,BAU,ELEC_CEM,PROD_CEM,,,2063,,,,,0.3636,,,,,,,,,,,,,,,,,
941,0,BAU,ELEC_CEM,PROD_CEM,,,2064,,,,,0.3636,,,,,,,,,,,,,,,,,
941,0,BAU,ELEC_CEM,PROD_CEM,,,2065,,,,,0.3636,,,,,,,,,,,,,,,,,
941,0,BAU,ELEC_CEM,PROD_CEM,,,2066,,,,,0.3636,,,,,,,,,,,,,,,,,
941,0,BAU,ELEC_CEM,PROD_CEM,,,2067,,,,,0.3636,,,,,,,,,,,,,,,,,
941,0,BAU,ELEC_CEM,PROD_CEM,,,2068,,,,,0.3636,,,,,,,,,,,,,,,,,
941,0,BAU,ELEC_CEM,PROD_CEM,,,2069,,,,,0.3636,,,,,,,,,,,,,,,,,
941,0,BAU,ELEC_CEM,PROD_CEM,,,2070,,,,,0.3636,,,,,,,,,,,,,,,,,
941,0,BAU,RAW_MAT_CEM,PROD_CEM,,,2018,,,,,0.249682534732418,,,,,,,,,,,,,,,,,
941,0,BAU,RAW_MAT_CEM,PROD_CEM,,,2019,,,,,0.16,,,,,,,,,,,,,,,,,
941,0,BAU,RAW_MAT_CEM,PROD_CEM,,,2020,,,,,0.21,,,,,,,,,,,,,,,,,
941,0,BAU,RAW_MAT_CEM,PROD_CEM,,,2021,,,,,0.12,,,,,,,,,,,,,,,,,
941,0,BAU,RAW_MAT_CEM,PROD_CEM,,,2022,,,,,0.12,,,,,,,,,,,,,,,,,
941,0,BAU,RAW_MAT_CEM,PROD_CEM,,,2023,,,,,0.12,,,,,,,,,,,,,,,,,
941,0,BAU,RAW_MAT_CEM,PROD_CEM,,,2024,,,,,0.12,,,,,,,,,,,,,,,,,
941,0,BAU,RAW_MAT_CEM,PROD_CEM,,,2025,,,,,0.12,,,,,,,,,,,,,,,,,
941,0,BAU,RAW_MAT_CEM,PROD_CEM,,,2026,,,,,0.12,,,,,,,,,,,,,,,,,
941,0,BAU,RAW_MAT_CEM,PROD_CEM,,,2027,,,,,0.12,,,,,,,,,,,,,,,,,
941,0,BAU,RAW_MAT_CEM,PROD_CEM,,,2028,,,,,0.12,,,,,,,,,,,,,,,,,
941,0,BAU,RAW_MAT_CEM,PROD_CEM,,,2029,,,,,0.12,,,,,,,,,,,,,,,,,
941,0,BAU,RAW_MAT_CEM,PROD_CEM,,,2030,,,,,0.12,,,,,,,,,,,,,,,,,
941,0,BAU,RAW_MAT_CEM,PROD_CEM,,,2031,,,,,0.12,,,,,,,,,,,,,,,,,
941,0,BAU,RAW_MAT_CEM,PROD_CEM,,,2032,,,,,0.12,,,,,,,,,,,,,,,,,
941,0,BAU,RAW_MAT_CEM,PROD_CEM,,,2033,,,,,0.12,,,,,,,,,,,,,,,,,
941,0,BAU,RAW_MAT_CEM,PROD_CEM,,,2034,,,,,0.12,,,,,,,,,,,,,,,,,
941,0,BAU,RAW_MAT_CEM,PROD_CEM,,,2035,,,,,0.12,,,,,,,,,,,,,,,,,
941,0,BAU,RAW_MAT_CEM,PROD_CEM,,,2036,,,,,0.12,,,,,,,,,,,,,,,,,
941,0,BAU,RAW_MAT_CEM,PROD_CEM,,,2037,,,,,0.12,,,,,,,,,,,,,,,,,
941,0,BAU,RAW_MAT_CEM,PROD_CEM,,,2038,,,,,0.12,,,,,,,,,,,,,,,,,
941,0,BAU,RAW_MAT_CEM,PROD_CEM,,,2039,,,,,0.12,,,,,,,,,,,,,,,,,
941,0,BAU,RAW_MAT_CEM,PROD_CEM,,,2040,,,,,0.12,,,,,,,,,,,,,,,,,
941,0,BAU,RAW_MAT_CEM,PROD_CEM,,,2041,,,,,0.12,,,,,,,,,,,,,,,,,
941,0,BAU,RAW_MAT_CEM,PROD_CEM,,,2042,,,,,0.12,,,,,,,,,,,,,,,,,
941,0,BAU,RAW_MAT_CEM,PROD_CEM,,,2043,,,,,0.12,,,,,,,,,,,,,,,,,
941,0,BAU,RAW_MAT_CEM,PROD_CEM,,,2044,,,,,0.12,,,,,,,,,,,,,,,,,
941,0,BAU,RAW_MAT_CEM,PROD_CEM,,,2045,,,,,0.12,,,,,,,,,,,,,,,,,
941,0,BAU,RAW_MAT_CEM,PROD_CEM,,,2046,,,,,0.12,,,,,,,,,,,,,,,,,
941,0,BAU,RAW_MAT_CEM,PROD_CEM,,,2047,,,,,0.12,,,,,,,,,,,,,,,,,
941,0,BAU,RAW_MAT_CEM,PROD_CEM,,,2048,,,,,0.12,,,,,,,,,,,,,,,,,
941,0,BAU,RAW_MAT_CEM,PROD_CEM,,,2049,,,,,0.12,,,,,,,,,,,,,,,,,
941,0,BAU,RAW_MAT_CEM,PROD_CEM,,,2050,,,,,0.12,,,,,,,,,,,,,,,,,
941,0,BAU,RAW_MAT_CEM,PROD_CEM,,,2051,,,,,0.12,,,,,,,,,,,,,,,,,
941,0,BAU,RAW_MAT_CEM,PROD_CEM,,,2052,,,,,0.12,,,,,,,,,,,,,,,,,
941,0,BAU,RAW_MAT_CEM,PROD_CEM,,,2053,,,,,0.12,,,,,,,,,,,,,,,,,
941,0,BAU,RAW_MAT_CEM,PROD_CEM,,,2054,,,,,0.12,,,,,,,,,,,,,,,,,
941,0,BAU,RAW_MAT_CEM,PROD_CEM,,,2055,,,,,0.12,,,,,,,,,,,,,,,,,
941,0,BAU,RAW_MAT_CEM,PROD_CEM,,,2056,,,,,0.12,,,,,,,,,,,,,,,,,
941,0,BAU,RAW_MAT_CEM,PROD_CEM,,,2057,,,,,0.12,,,,,,,,,,,,,,,,,
941,0,BAU,RAW_MAT_CEM,PROD_CEM,,,2058,,,,,0.12,,,,,,,,,,,,,,,,,
941,0,BAU,RAW_MAT_CEM,PROD_CEM,,,2059,,,,,0.12,,,,,,,,,,,,,,,,,
941,0,BAU,RAW_MAT_CEM,PROD_CEM,,,2060,,,,,0.12,,,,,,,,,,,,,,,,,
941,0,BAU,RAW_MAT_CEM,PROD_CEM,,,2061,,,,,0.12,,,,,,,,,,,,,,,,,
941,0,BAU,RAW_MAT_CEM,PROD_CEM,,,2062,,,,,0.12,,,,,,,,,,,,,,,,,
941,0,BAU,RAW_MAT_CEM,PROD_CEM,,,2063,,,,,0.12,,,,,,,,,,,,,,,,,
941,0,BAU,RAW_MAT_CEM,PROD_CEM,,,2064,,,,,0.12,,,,,,,,,,,,,,,,,
941,0,BAU,RAW_MAT_CEM,PROD_CEM,,,2065,,,,,0.12,,,,,,,,,,,,,,,,,
941,0,BAU,RAW_MAT_CEM,PROD_CEM,,,2066,,,,,0.12,,,,,,,,,,,,,,,,,
941,0,BAU,RAW_MAT_CEM,PROD_CEM,,,2067,,,,,0.12,,,,,,,,,,,,,,,,,
941,0,BAU,RAW_MAT_CEM,PROD_CEM,,,2068,,,,,0.12,,,,,,,,,,,,,,,,,
941,0,BAU,RAW_MAT_CEM,PROD_CEM,,,2069,,,,,0.12,,,,,,,,,,,,,,,,,
941,0,BAU,RAW_MAT_CEM,PROD_CEM,,,2070,,,,,0.12,,,,,,,,,,,,,,,,,
941,0,BAU,CEM_PROD,T5CEM_PRODCEM_PROD,,,2018,,,,,1.0,,,,,,,,,,,,,,,,,
941,0,BAU,CEM_PROD,T5CEM_PRODCEM_PROD,,,2019,,,,,1.0,,,,,,,,,,,,,,,,,
941,0,BAU,CEM_PROD,T5CEM_PRODCEM_PROD,,,2020,,,,,1.0,,,,,,,,,,,,,,,,,
941,0,BAU,CEM_PROD,T5CEM_PRODCEM_PROD,,,2021,,,,,1.0,,,,,,,,,,,,,,,,,
941,0,BAU,CEM_PROD,T5CEM_PRODCEM_PROD,,,2022,,,,,1.0,,,,,,,,,,,,,,,,,
941,0,BAU,CEM_PROD,T5CEM_PRODCEM_PROD,,,2023,,,,,1.0,,,,,,,,,,,,,,,,,
941,0,BAU,CEM_PROD,T5CEM_PRODCEM_PROD,,,2024,,,,,1.0,,,,,,,,,,,,,,,,,
941,0,BAU,CEM_PROD,T5CEM_PRODCEM_PROD,,,2025,,,,,1.0,,,,,,,,,,,,,,,,,
941,0,BAU,CEM_PROD,T5CEM_PRODCEM_PROD,,,2026,,,,,1.0,,,,,,,,,,,,,,,,,
941,0,BAU,CEM_PROD,T5CEM_PRODCEM_PROD,,,2027,,,,,1.0,,,,,,,,,,,,,,,,,
941,0,BAU,CEM_PROD,T5CEM_PRODCEM_PROD,,,2028,,,,,1.0,,,,,,,,,,,,,,,,,
941,0,BAU,CEM_PROD,T5CEM_PRODCEM_PROD,,,2029,,,,,1.0,,,,,,,,,,,,,,,,,
941,0,BAU,CEM_PROD,T5CEM_PRODCEM_PROD,,,2030,,,,,1.0,,,,,,,,,,,,,,,,,
941,0,BAU,CEM_PROD,T5CEM_PRODCEM_PROD,,,2031,,,,,1.0,,,,,,,,,,,,,,,,,
941,0,BAU,CEM_PROD,T5CEM_PRODCEM_PROD,,,2032,,,,,1.0,,,,,,,,,,,,,,,,,
941,0,BAU,CEM_PROD,T5CEM_PRODCEM_PROD,,,2033,,,,,1.0,,,,,,,,,,,,,,,,,
941,0,BAU,CEM_PROD,T5CEM_PRODCEM_PROD,,,2034,,,,,1.0,,,,,,,,,,,,,,,,,
941,0,BAU,CEM_PROD,T5CEM_PRODCEM_PROD,,,2035,,,,,1.0,,,,,,,,,,,,,,,,,
941,0,BAU,CEM_PROD,T5CEM_PRODCEM_PROD,,,2036,,,,,1.0,,,,,,,,,,,,,,,,,
941,0,BAU,CEM_PROD,T5CEM_PRODCEM_PROD,,,2037,,,,,1.0,,,,,,,,,,,,,,,,,
941,0,BAU,CEM_PROD,T5CEM_PRODCEM_PROD,,,2038,,,,,1.0,,,,,,,,,,,,,,,,,
941,0,BAU,CEM_PROD,T5CEM_PRODCEM_PROD,,,2039,,,,,1.0,,,,,,,,,,,,,,,,,
941,0,BAU,CEM_PROD,T5CEM_PRODCEM_PROD,,,2040,,,,,1.0,,,,,,,,,,,,,,,,,
941,0,BAU,CEM_PROD,T5CEM_PRODCEM_PROD,,,2041,,,,,1.0,,,,,,,,,,,,,,,,,
941,0,BAU,CEM_PROD,T5CEM_PRODCEM_PROD,,,2042,,,,,1.0,,,,,,,,,,,,,,,,,
941,0,BAU,CEM_PROD,T5CEM_PRODCEM_PROD,,,2043,,,,,1.0,,,,,,,,,,,,,,,,,
941,0,BAU,CEM_PROD,T5CEM_PRODCEM_PROD,,,2044,,,,,1.0,,,,,,,,,,,,,,,,,
941,0,BAU,CEM_PROD,T5CEM_PRODCEM_PROD,,,2045,,,,,1.0,,,,,,,,,,,,,,,,,
941,0,BAU,CEM_PROD,T5CEM_PRODCEM_PROD,,,2046,,,,,1.0,,,,,,,,,,,,,,,,,
941,0,BAU,CEM_PROD,T5CEM_PRODCEM_PROD,,,2047,,,,,1.0,,,,,,,,,,,,,,,,,
941,0,BAU,CEM_PROD,T5CEM_PRODCEM_PROD,,,2048,,,,,1.0,,,,,,,,,,,,,,,,,
941,0,BAU,CEM_PROD,T5CEM_PRODCEM_PROD,,,2049,,,,,1.0,,,,,,,,,,,,,,,,,
941,0,BAU,CEM_PROD,T5CEM_PRODCEM_PROD,,,2050,,,,,1.0,,,,,,,,,,,,,,,,,
941,0,BAU,CEM_PROD,T5CEM_PRODCEM_PROD,,,2051,,,,,1.0,,,,,,,,,,,,,,,,,
941,0,BAU,CEM_PROD,T5CEM_PRODCEM_PROD,,,2052,,,,,1.0,,,,,,,,,,,,,,,,,
941,0,BAU,CEM_PROD,T5CEM_PRODCEM_PROD,,,2053,,,,,1.0,,,,,,,,,,,,,,,,,
941,0,BAU,CEM_PROD,T5CEM_PRODCEM_PROD,,,2054,,,,,1.0,,,,,,,,,,,,,,,,,
941,0,BAU,CEM_PROD,T5CEM_PRODCEM_PROD,,,2055,,,,,1.0,,,,,,,,,,,,,,,,,
941,0,BAU,CEM_PROD,T5CEM_PRODCEM_PROD,,,2056,,,,,1.0,,,,,,,,,,,,,,,,,
941,0,BAU,CEM_PROD,T5CEM_PRODCEM_PROD,,,2057,,,,,1.0,,,,,,,,,,,,,,,,,
941,0,BAU,CEM_PROD,T5CEM_PRODCEM_PROD,,,2058,,,,,1.0,,,,,,,,,,,,,,,,,
941,0,BAU,CEM_PROD,T5CEM_PRODCEM_PROD,,,2059,,,,,1.0,,,,,,,,,,,,,,,,,
941,0,BAU,CEM_PROD,T5CEM_PRODCEM_PROD,,,2060,,,,,1.0,,,,,,,,,,,,,,,,,
941,0,BAU,CEM_PROD,T5CEM_PRODCEM_PROD,,,2061,,,,,1.0,,,,,,,,,,,,,,,,,
941,0,BAU,CEM_PROD,T5CEM_PRODCEM_PROD,,,2062,,,,,1.0,,,,,,,,,,,,,,,,,
941,0,BAU,CEM_PROD,T5CEM_PRODCEM_PROD,,,2063,,,,,1.0,,,,,,,,,,,,,,,,,
941,0,BAU,CEM_PROD,T5CEM_PRODCEM_PROD,,,2064,,,,,1.0,,,,,,,,,,,,,,,,,
941,0,BAU,CEM_PROD,T5CEM_PRODCEM_PROD,,,2065,,,,,1.0,,,,,,,,,,,,,,,,,
941,0,BAU,CEM_PROD,T5CEM_PRODCEM_PROD,,,2066,,,,,1.0,,,,,,,,,,,,,,,,,
941,0,BAU,CEM_PROD,T5CEM_PRODCEM_PROD,,,2067,,,,,1.0,,,,,,,,,,,,,,,,,
941,0,BAU,CEM_PROD,T5CEM_PRODCEM_PROD,,,2068,,,,,1.0,,,,,,,,,,,,,,,,,
941,0,BAU,CEM_PROD,T5CEM_PRODCEM_PROD,,,2069,,,,,1.0,,,,,,,,,,,,,,,,,
941,0,BAU,CEM_PROD,T5CEM_PRODCEM_PROD,,,2070,,,,,1.0,,,,,,,,,,,,,,,,,
941,0,BAU,ENE_TERM,ENE_TERM,,,2018,,,,,,1.0,,,,,,,,,,,,,,,,
941,0,BAU,ENE_TERM,ENE_TERM,,,2019,,,,,,1.0,,,,,,,,,,,,,,,,
941,0,BAU,ENE_TERM,ENE_TERM,,,2020,,,,,,1.0,,,,,,,,,,,,,,,,
941,0,BAU,ENE_TERM,ENE_TERM,,,2021,,,,,,1.0,,,,,,,,,,,,,,,,
941,0,BAU,ENE_TERM,ENE_TERM,,,2022,,,,,,1.0,,,,,,,,,,,,,,,,
941,0,BAU,ENE_TERM,ENE_TERM,,,2023,,,,,,1.0,,,,,,,,,,,,,,,,
941,0,BAU,ENE_TERM,ENE_TERM,,,2024,,,,,,1.0,,,,,,,,,,,,,,,,
941,0,BAU,ENE_TERM,ENE_TERM,,,2025,,,,,,1.0,,,,,,,,,,,,,,,,
941,0,BAU,ENE_TERM,ENE_TERM,,,2026,,,,,,1.0,,,,,,,,,,,,,,,,
941,0,BAU,ENE_TERM,ENE_TERM,,,2027,,,,,,1.0,,,,,,,,,,,,,,,,
941,0,BAU,ENE_TERM,ENE_TERM,,,2028,,,,,,1.0,,,,,,,,,,,,,,,,
941,0,BAU,ENE_TERM,ENE_TERM,,,2029,,,,,,1.0,,,,,,,,,,,,,,,,
941,0,BAU,ENE_TERM,ENE_TERM,,,2030,,,,,,1.0,,,,,,,,,,,,,,,,
941,0,BAU,ENE_TERM,ENE_TERM,,,2031,,,,,,1.0,,,,,,,,,,,,,,,,
941,0,BAU,ENE_TERM,ENE_TERM,,,2032,,,,,,1.0,,,,,,,,,,,,,,,,
941,0,BAU,ENE_TERM,ENE_TERM,,,2033,,,,,,1.0,,,,,,,,,,,,,,,,
941,0,BAU,ENE_TERM,ENE_TERM,,,2034,,,,,,1.0,,,,,,,,,,,,,,,,
941,0,BAU,ENE_TERM,ENE_TERM,,,2035,,,,,,1.0,,,,,,,,,,,,,,,,
941,0,BAU,ENE_TERM,ENE_TERM,,,2036,,,,,,1.0,,,,,,,,,,,,,,,,
941,0,BAU,ENE_TERM,ENE_TERM,,,2037,,,,,,1.0,,,,,,,,,,,,,,,,
941,0,BAU,ENE_TERM,ENE_TERM,,,2038,,,,,,1.0,,,,,,,,,,,,,,,,
941,0,BAU,ENE_TERM,ENE_TERM,,,2039,,,,,,1.0,,,,,,,,,,,,,,,,
941,0,BAU,ENE_TERM,ENE_TERM,,,2040,,,,,,1.0,,,,,,,,,,,,,,,,
941,0,BAU,ENE_TERM,ENE_TERM,,,2041,,,,,,1.0,,,,,,,,,,,,,,,,
941,0,BAU,ENE_TERM,ENE_TERM,,,2042,,,,,,1.0,,,,,,,,,,,,,,,,
941,0,BAU,ENE_TERM,ENE_TERM,,,2043,,,,,,1.0,,,,,,,,,,,,,,,,
941,0,BAU,ENE_TERM,ENE_TERM,,,2044,,,,,,1.0,,,,,,,,,,,,,,,,
941,0,BAU,ENE_TERM,ENE_TERM,,,2045,,,,,,1.0,,,,,,,,,,,,,,,,
941,0,BAU,ENE_TERM,ENE_TERM,,,2046,,,,,,1.0,,,,,,,,,,,,,,,,
941,0,BAU,ENE_TERM,ENE_TERM,,,2047,,,,,,1.0,,,,,,,,,,,,,,,,
941,0,BAU,ENE_TERM,ENE_TERM,,,2048,,,,,,1.0,,,,,,,,,,,,,,,,
941,0,BAU,ENE_TERM,ENE_TERM,,,2049,,,,,,1.0,,,,,,,,,,,,,,,,
941,0,BAU,ENE_TERM,ENE_TERM,,,2050,,,,,,1.0,,,,,,,,,,,,,,,,
941,0,BAU,ENE_TERM,ENE_TERM,,,2051,,,,,,1.0,,,,,,,,,,,,,,,,
941,0,BAU,ENE_TERM,ENE_TERM,,,2052,,,,,,1.0,,,,,,,,,,,,,,,,
941,0,BAU,ENE_TERM,ENE_TERM,,,2053,,,,,,1.0,,,,,,,,,,,,,,,,
941,0,BAU,ENE_TERM,ENE_TERM,,,2054,,,,,,1.0,,,,,,,,,,,,,,,,
941,0,BAU,ENE_TERM,ENE_TERM,,,2055,,,,,,1.0,,,,,,,,,,,,,,,,
941,0,BAU,ENE_TERM,ENE_TERM,,,2056,,,,,,1.0,,,,,,,,,,,,,,,,
941,0,BAU,ENE_TERM,ENE_TERM,,,2057,,,,,,1.0,,,,,,,,,,,,,,,,
941,0,BAU,ENE_TERM,ENE_TERM,,,2058,,,,,,1.0,,,,,,,,,,,,,,,,
941,0,BAU,ENE_TERM,ENE_TERM,,,2059,,,,,,1.0,,,,,,,,,,,,,,,,
941,0,BAU,ENE_TERM,ENE_TERM,,,2060,,,,,,1.0,,,,,,,,,,,,,,,,
941,0,BAU,ENE_TERM,ENE_TERM,,,2061,,,,,,1.0,,,,,,,,,,,,,,,,
941,0,BAU,ENE_TERM,ENE_TERM,,,2062,,,,,,1.0,,,,,,,,,,,,,,,,
941,0,BAU,ENE_TERM,ENE_TERM,,,2063,,,,,,1.0,,,,,,,,,,,,,,,,
941,0,BAU,ENE_TERM,ENE_TERM,,,2064,,,,,,1.0,,,,,,,,,,,,,,,,
941,0,BAU,ENE_TERM,ENE_TERM,,,2065,,,,,,1.0,,,,,,,,,,,,,,,,
941,0,BAU,ENE_TERM,ENE_TERM,,,2066,,,,,,1.0,,,,,,,,,,,,,,,,
941,0,BAU,ENE_TERM,ENE_TERM,,,2067,,,,,,1.0,,,,,,,,,,,,,,,,
941,0,BAU,ENE_TERM,ENE_TERM,,,2068,,,,,,1.0,,,,,,,,,,,,,,,,
941,0,BAU,ENE_TERM,ENE_TERM,,,2069,,,,,,1.0,,,,,,,,,,,,,,,,
941,0,BAU,ENE_TERM,ENE_TERM,,,2070,,,,,,1.0,,,,,,,,,,,,,,,,
941,0,BAU,RAW_MAT_CLK,RAW_MAT_CLK,,,2018,,,,,,1.0,,,,,,,,,,,,,,,,
941,0,BAU,RAW_MAT_CLK,RAW_MAT_CLK,,,2019,,,,,,1.0,,,,,,,,,,,,,,,,
941,0,BAU,RAW_MAT_CLK,RAW_MAT_CLK,,,2020,,,,,,1.0,,,,,,,,,,,,,,,,
941,0,BAU,RAW_MAT_CLK,RAW_MAT_CLK,,,2021,,,,,,1.0,,,,,,,,,,,,,,,,
941,0,BAU,RAW_MAT_CLK,RAW_MAT_CLK,,,2022,,,,,,1.0,,,,,,,,,,,,,,,,
941,0,BAU,RAW_MAT_CLK,RAW_MAT_CLK,,,2023,,,,,,1.0,,,,,,,,,,,,,,,,
941,0,BAU,RAW_MAT_CLK,RAW_MAT_CLK,,,2024,,,,,,1.0,,,,,,,,,,,,,,,,
941,0,BAU,RAW_MAT_CLK,RAW_MAT_CLK,,,2025,,,,,,1.0,,,,,,,,,,,,,,,,
941,0,BAU,RAW_MAT_CLK,RAW_MAT_CLK,,,2026,,,,,,1.0,,,,,,,,,,,,,,,,
941,0,BAU,RAW_MAT_CLK,RAW_MAT_CLK,,,2027,,,,,,1.0,,,,,,,,,,,,,,,,
941,0,BAU,RAW_MAT_CLK,RAW_MAT_CLK,,,2028,,,,,,1.0,,,,,,,,,,,,,,,,
941,0,BAU,RAW_MAT_CLK,RAW_MAT_CLK,,,2029,,,,,,1.0,,,,,,,,,,,,,,,,
941,0,BAU,RAW_MAT_CLK,RAW_MAT_CLK,,,2030,,,,,,1.0,,,,,,,,,,,,,,,,
941,0,BAU,RAW_MAT_CLK,RAW_MAT_CLK,,,2031,,,,,,1.0,,,,,,,,,,,,,,,,
941,0,BAU,RAW_MAT_CLK,RAW_MAT_CLK,,,2032,,,,,,1.0,,,,,,,,,,,,,,,,
941,0,BAU,RAW_MAT_CLK,RAW_MAT_CLK,,,2033,,,,,,1.0,,,,,,,,,,,,,,,,
941,0,BAU,RAW_MAT_CLK,RAW_MAT_CLK,,,2034,,,,,,1.0,,,,,,,,,,,,,,,,
941,0,BAU,RAW_MAT_CLK,RAW_MAT_CLK,,,2035,,,,,,1.0,,,,,,,,,,,,,,,,
941,0,BAU,RAW_MAT_CLK,RAW_MAT_CLK,,,2036,,,,,,1.0,,,,,,,,,,,,,,,,
941,0,BAU,RAW_MAT_CLK,RAW_MAT_CLK,,,2037,,,,,,1.0,,,,,,,,,,,,,,,,
941,0,BAU,RAW_MAT_CLK,RAW_MAT_CLK,,,2038,,,,,,1.0,,,,,,,,,,,,,,,,
941,0,BAU,RAW_MAT_CLK,RAW_MAT_CLK,,,2039,,,,,,1.0,,,,,,,,,,,,,,,,
941,0,BAU,RAW_MAT_CLK,RAW_MAT_CLK,,,2040,,,,,,1.0,,,,,,,,,,,,,,,,
941,0,BAU,RAW_MAT_CLK,RAW_MAT_CLK,,,2041,,,,,,1.0,,,,,,,,,,,,,,,,
941,0,BAU,RAW_MAT_CLK,RAW_MAT_CLK,,,2042,,,,,,1.0,,,,,,,,,,,,,,,,
941,0,BAU,RAW_MAT_CLK,RAW_MAT_CLK,,,2043,,,,,,1.0,,,,,,,,,,,,,,,,
941,0,BAU,RAW_MAT_CLK,RAW_MAT_CLK,,,2044,,,,,,1.0,,,,,,,,,,,,,,,,
941,0,BAU,RAW_MAT_CLK,RAW_MAT_CLK,,,2045,,,,,,1.0,,,,,,,,,,,,,,,,
941,0,BAU,RAW_MAT_CLK,RAW_MAT_CLK,,,2046,,,,,,1.0,,,,,,,,,,,,,,,,
941,0,BAU,RAW_MAT_CLK,RAW_MAT_CLK,,,2047,,,,,,1.0,,,,,,,,,,,,,,,,
941,0,BAU,RAW_MAT_CLK,RAW_MAT_CLK,,,2048,,,,,,1.0,,,,,,,,,,,,,,,,
941,0,BAU,RAW_MAT_CLK,RAW_MAT_CLK,,,2049,,,,,,1.0,,,,,,,,,,,,,,,,
941,0,BAU,RAW_MAT_CLK,RAW_MAT_CLK,,,2050,,,,,,1.0,,,,,,,,,,,,,,,,
941,0,BAU,RAW_MAT_CLK,RAW_MAT_CLK,,,2051,,,,,,1.0,,,,,,,,,,,,,,,,
941,0,BAU,RAW_MAT_CLK,RAW_MAT_CLK,,,2052,,,,,,1.0,,,,,,,,,,,,,,,,
941,0,BAU,RAW_MAT_CLK,RAW_MAT_CLK,,,2053,,,,,,1.0,,,,,,,,,,,,,,,,
941,0,BAU,RAW_MAT_CLK,RAW_MAT_CLK,,,2054,,,,,,1.0,,,,,,,,,,,,,,,,
941,0,BAU,RAW_MAT_CLK,RAW_MAT_CLK,,,2055,,,,,,1.0,,,,,,,,,,,,,,,,
941,0,BAU,RAW_MAT_CLK,RAW_MAT_CLK,,,2056,,,,,,1.0,,,,,,,,,,,,,,,,
941,0,BAU,RAW_MAT_CLK,RAW_MAT_CLK,,,2057,,,,,,1.0,,,,,,,,,,,,,,,,
941,0,BAU,RAW_MAT_CLK,RAW_MAT_CLK,,,2058,,,,,,1.0,,,,,,,,,,,,,,,,
941,0,BAU,RAW_MAT_CLK,RAW_MAT_CLK,,,2059,,,,,,1.0,,,,,,,,,,,,,,,,
941,0,BAU,RAW_MAT_CLK,RAW_MAT_CLK,,,2060,,,,,,1.0,,,,,,,,,,,,,,,,
941,0,BAU,RAW_MAT_CLK,RAW_MAT_CLK,,,2061,,,,,,1.0,,,,,,,,,,,,,,,,
941,0,BAU,RAW_MAT_CLK,RAW_MAT_CLK,,,2062,,,,,,1.0,,,,,,,,,,,,,,,,
941,0,BAU,RAW_MAT_CLK,RAW_MAT_CLK,,,2063,,,,,,1.0,,,,,,,,,,,,,,,,
941,0,BAU,RAW_MAT_CLK,RAW_MAT_CLK,,,2064,,,,,,1.0,,,,,,,,,,,,,,,,
941,0,BAU,RAW_MAT_CLK,RAW_MAT_CLK,,,2065,,,,,,1.0,,,,,,,,,,,,,,,,
941,0,BAU,RAW_MAT_CLK,RAW_MAT_CLK,,,2066,,,,,,1.0,,,,,,,,,,,,,,,,
941,0,BAU,RAW_MAT_CLK,RAW_MAT_CLK,,,2067,,,,,,1.0,,,,,,,,,,,,,,,,
941,0,BAU,RAW_MAT_CLK,RAW_MAT_CLK,,,2068,,,,,,1.0,,,,,,,,,,,,,,,,
941,0,BAU,RAW_MAT_CLK,RAW_MAT_CLK,,,2069,,,,,,1.0,,,,,,,,,,,,,,,,
941,0,BAU,RAW_MAT_CLK,RAW_MAT_CLK,,,2070,,,,,,1.0,,,,,,,,,,,,,,,,
941,0,BAU,ELEC_TERM,ELEC_TERM,,,2018,,,,,,1.0,,,,,,,,,,,,,,,,
941,0,BAU,ELEC_TERM,ELEC_TERM,,,2019,,,,,,1.0,,,,,,,,,,,,,,,,
941,0,BAU,ELEC_TERM,ELEC_TERM,,,2020,,,,,,1.0,,,,,,,,,,,,,,,,
941,0,BAU,ELEC_TERM,ELEC_TERM,,,2021,,,,,,1.0,,,,,,,,,,,,,,,,
941,0,BAU,ELEC_TERM,ELEC_TERM,,,2022,,,,,,1.0,,,,,,,,,,,,,,,,
941,0,BAU,ELEC_TERM,ELEC_TERM,,,2023,,,,,,1.0,,,,,,,,,,,,,,,,
941,0,BAU,ELEC_TERM,ELEC_TERM,,,2024,,,,,,1.0,,,,,,,,,,,,,,,,
941,0,BAU,ELEC_TERM,ELEC_TERM,,,2025,,,,,,1.0,,,,,,,,,,,,,,,,
941,0,BAU,ELEC_TERM,ELEC_TERM,,,2026,,,,,,1.0,,,,,,,,,,,,,,,,
941,0,BAU,ELEC_TERM,ELEC_TERM,,,2027,,,,,,1.0,,,,,,,,,,,,,,,,
941,0,BAU,ELEC_TERM,ELEC_TERM,,,2028,,,,,,1.0,,,,,,,,,,,,,,,,
941,0,BAU,ELEC_TERM,ELEC_TERM,,,2029,,,,,,1.0,,,,,,,,,,,,,,,,
941,0,BAU,ELEC_TERM,ELEC_TERM,,,2030,,,,,,1.0,,,,,,,,,,,,,,,,
941,0,BAU,ELEC_TERM,ELEC_TERM,,,2031,,,,,,1.0,,,,,,,,,,,,,,,,
941,0,BAU,ELEC_TERM,ELEC_TERM,,,2032,,,,,,1.0,,,,,,,,,,,,,,,,
941,0,BAU,ELEC_TERM,ELEC_TERM,,,2033,,,,,,1.0,,,,,,,,,,,,,,,,
941,0,BAU,ELEC_TERM,ELEC_TERM,,,2034,,,,,,1.0,,,,,,,,,,,,,,,,
941,0,BAU,ELEC_TERM,ELEC_TERM,,,2035,,,,,,1.0,,,,,,,,,,,,,,,,
941,0,BAU,ELEC_TERM,ELEC_TERM,,,2036,,,,,,1.0,,,,,,,,,,,,,,,,
941,0,BAU,ELEC_TERM,ELEC_TERM,,,2037,,,,,,1.0,,,,,,,,,,,,,,,,
941,0,BAU,ELEC_TERM,ELEC_TERM,,,2038,,,,,,1.0,,,,,,,,,,,,,,,,
941,0,BAU,ELEC_TERM,ELEC_TERM,,,2039,,,,,,1.0,,,,,,,,,,,,,,,,
941,0,BAU,ELEC_TERM,ELEC_TERM,,,2040,,,,,,1.0,,,,,,,,,,,,,,,,
941,0,BAU,ELEC_TERM,ELEC_TERM,,,2041,,,,,,1.0,,,,,,,,,,,,,,,,
941,0,BAU,ELEC_TERM,ELEC_TERM,,,2042,,,,,,1.0,,,,,,,,,,,,,,,,
941,0,BAU,ELEC_TERM,ELEC_TERM,,,2043,,,,,,1.0,,,,,,,,,,,,,,,,
941,0,BAU,ELEC_TERM,ELEC_TERM,,,2044,,,,,,1.0,,,,,,,,,,,,,,,,
941,0,BAU,ELEC_TERM,ELEC_TERM,,,2045,,,,,,1.0,,,,,,,,,,,,,,,,
941,0,BAU,ELEC_TERM,ELEC_TERM,,,2046,,,,,,1.0,,,,,,,,,,,,,,,,
941,0,BAU,ELEC_TERM,ELEC_TERM,,,2047,,,,,,1.0,,,,,,,,,,,,,,,,
941,0,BAU,ELEC_TERM,ELEC_TERM,,,2048,,,,,,1.0,,,,,,,,,,,,,,,,
941,0,BAU,ELEC_TERM,ELEC_TERM,,,2049,,,,,,1.0,,,,,,,,,,,,,,,,
941,0,BAU,ELEC_TERM,ELEC_TERM,,,2050,,,,,,1.0,,,,,,,,,,,,,,,,
941,0,BAU,ELEC_TERM,ELEC_TERM,,,2051,,,,,,1.0,,,,,,,,,,,,,,,,
941,0,BAU,ELEC_TERM,ELEC_TERM,,,2052,,,,,,1.0,,,,,,,,,,,,,,,,
941,0,BAU,ELEC_TERM,ELEC_TERM,,,2053,,,,,,1.0,,,,,,,,,,,,,,,,
941,0,BAU,ELEC_TERM,ELEC_TERM,,,2054,,,,,,1.0,,,,,,,,,,,,,,,,
941,0,BAU,ELEC_TERM,ELEC_TERM,,,2055,,,,,,1.0,,,,,,,,,,,,,,,,
941,0,BAU,ELEC_TERM,ELEC_TERM,,,2056,,,,,,1.0,,,,,,,,,,,,,,,,
941,0,BAU,ELEC_TERM,ELEC_TERM,,,2057,,,,,,1.0,,,,,,,,,,,,,,,,
941,0,BAU,ELEC_TERM,ELEC_TERM,,,2058,,,,,,1.0,,,,,,,,,,,,,,,,
941,0,BAU,ELEC_TERM,ELEC_TERM,,,2059,,,,,,1.0,,,,,,,,,,,,,,,,
941,0,BAU,ELEC_TERM,ELEC_TERM,,,2060,,,,,,1.0,,,,,,,,,,,,,,,,
941,0,BAU,ELEC_TERM,ELEC_TERM,,,2061,,,,,,1.0,,,,,,,,,,,,,,,,
941,0,BAU,ELEC_TERM,ELEC_TERM,,,2062,,,,,,1.0,,,,,,,,,,,,,,,,
941,0,BAU,ELEC_TERM,ELEC_TERM,,,2063,,,,,,1.0,,,,,,,,,,,,,,,,
941,0,BAU,ELEC_TERM,ELEC_TERM,,,2064,,,,,,1.0,,,,,,,,,,,,,,,,
941,0,BAU,ELEC_TERM,ELEC_TERM,,,2065,,,,,,1.0,,,,,,,,,,,,,,,,
941,0,BAU,ELEC_TERM,ELEC_TERM,,,2066,,,,,,1.0,,,,,,,,,,,,,,,,
941,0,BAU,ELEC_TERM,ELEC_TERM,,,2067,,,,,,1.0,,,,,,,,,,,,,,,,
941,0,BAU,ELEC_TERM,ELEC_TERM,,,2068,,,,,,1.0,,,,,,,,,,,,,,,,
941,0,BAU,ELEC_TERM,ELEC_TERM,,,2069,,,,,,1.0,,,,,,,,,,,,,,,,
941,0,BAU,ELEC_TERM,ELEC_TERM,,,2070,,,,,,1.0,,,,,,,,,,,,,,,,
941,0,BAU,ELEC_CEM,ELEC_CEM,,,2018,,,,,,1.0,,,,,,,,,,,,,,,,
941,0,BAU,ELEC_CEM,ELEC_CEM,,,2019,,,,,,1.0,,,,,,,,,,,,,,,,
941,0,BAU,ELEC_CEM,ELEC_CEM,,,2020,,,,,,1.0,,,,,,,,,,,,,,,,
941,0,BAU,ELEC_CEM,ELEC_CEM,,,2021,,,,,,1.0,,,,,,,,,,,,,,,,
941,0,BAU,ELEC_CEM,ELEC_CEM,,,2022,,,,,,1.0,,,,,,,,,,,,,,,,
941,0,BAU,ELEC_CEM,ELEC_CEM,,,2023,,,,,,1.0,,,,,,,,,,,,,,,,
941,0,BAU,ELEC_CEM,ELEC_CEM,,,2024,,,,,,1.0,,,,,,,,,,,,,,,,
941,0,BAU,ELEC_CEM,ELEC_CEM,,,2025,,,,,,1.0,,,,,,,,,,,,,,,,
941,0,BAU,ELEC_CEM,ELEC_CEM,,,2026,,,,,,1.0,,,,,,,,,,,,,,,,
941,0,BAU,ELEC_CEM,ELEC_CEM,,,2027,,,,,,1.0,,,,,,,,,,,,,,,,
941,0,BAU,ELEC_CEM,ELEC_CEM,,,2028,,,,,,1.0,,,,,,,,,,,,,,,,
941,0,BAU,ELEC_CEM,ELEC_CEM,,,2029,,,,,,1.0,,,,,,,,,,,,,,,,
941,0,BAU,ELEC_CEM,ELEC_CEM,,,2030,,,,,,1.0,,,,,,,,,,,,,,,,
941,0,BAU,ELEC_CEM,ELEC_CEM,,,2031,,,,,,1.0,,,,,,,,,,,,,,,,
941,0,BAU,ELEC_CEM,ELEC_CEM,,,2032,,,,,,1.0,,,,,,,,,,,,,,,,
941,0,BAU,ELEC_CEM,ELEC_CEM,,,2033,,,,,,1.0,,,,,,,,,,,,,,,,
941,0,BAU,ELEC_CEM,ELEC_CEM,,,2034,,,,,,1.0,,,,,,,,,,,,,,,,
941,0,BAU,ELEC_CEM,ELEC_CEM,,,2035,,,,,,1.0,,,,,,,,,,,,,,,,
941,0,BAU,ELEC_CEM,ELEC_CEM,,,2036,,,,,,1.0,,,,,,,,,,,,,,,,
941,0,BAU,ELEC_CEM,ELEC_CEM,,,2037,,,,,,1.0,,,,,,,,,,,,,,,,
941,0,BAU,ELEC_CEM,ELEC_CEM,,,2038,,,,,,1.0,,,,,,,,,,,,,,,,
941,0,BAU,ELEC_CEM,ELEC_CEM,,,2039,,,,,,1.0,,,,,,,,,,,,,,,,
941,0,BAU,ELEC_CEM,ELEC_CEM,,,2040,,,,,,1.0,,,,,,,,,,,,,,,,
941,0,BAU,ELEC_CEM,ELEC_CEM,,,2041,,,,,,1.0,,,,,,,,,,,,,,,,
941,0,BAU,ELEC_CEM,ELEC_CEM,,,2042,,,,,,1.0,,,,,,,,,,,,,,,,
941,0,BAU,ELEC_CEM,ELEC_CEM,,,2043,,,,,,1.0,,,,,,,,,,,,,,,,
941,0,BAU,ELEC_CEM,ELEC_CEM,,,2044,,,,,,1.0,,,,,,,,,,,,,,,,
941,0,BAU,ELEC_CEM,ELEC_CEM,,,2045,,,,,,1.0,,,,,,,,,,,,,,,,
941,0,BAU,ELEC_CEM,ELEC_CEM,,,2046,,,,,,1.0,,,,,,,,,,,,,,,,
941,0,BAU,ELEC_CEM,ELEC_CEM,,,2047,,,,,,1.0,,,,,,,,,,,,,,,,
941,0,BAU,ELEC_CEM,ELEC_CEM,,,2048,,,,,,1.0,,,,,,,,,,,,,,,,
941,0,BAU,ELEC_CEM,ELEC_CEM,,,2049,,,,,,1.0,,,,,,,,,,,,,,,,
941,0,BAU,ELEC_CEM,ELEC_CEM,,,2050,,,,,,1.0,,,,,,,,,,,,,,,,
941,0,BAU,ELEC_CEM,ELEC_CEM,,,2051,,,,,,1.0,,,,,,,,,,,,,,,,
941,0,BAU,ELEC_CEM,ELEC_CEM,,,2052,,,,,,1.0,,,,,,,,,,,,,,,,
941,0,BAU,ELEC_CEM,ELEC_CEM,,,2053,,,,,,1.0,,,,,,,,,,,,,,,,
941,0,BAU,ELEC_CEM,ELEC_CEM,,,2054,,,,,,1.0,,,,,,,,,,,,,,,,
941,0,BAU,ELEC_CEM,ELEC_CEM,,,2055,,,,,,1.0,,,,,,,,,,,,,,,,
941,0,BAU,ELEC_CEM,ELEC_CEM,,,2056,,,,,,1.0,,,,,,,,,,,,,,,,
941,0,BAU,ELEC_CEM,ELEC_CEM,,,2057,,,,,,1.0,,,,,,,,,,,,,,,,
941,0,BAU,ELEC_CEM,ELEC_CEM,,,2058,,,,,,1.0,,,,,,,,,,,,,,,,
941,0,BAU,ELEC_CEM,ELEC_CEM,,,2059,,,,,,1.0,,,,,,,,,,,,,,,,
941,0,BAU,ELEC_CEM,ELEC_CEM,,,2060,,,,,,1.0,,,,,,,,,,,,,,,,
941,0,BAU,ELEC_CEM,ELEC_CEM,,,2061,,,,,,1.0,,,,,,,,,,,,,,,,
941,0,BAU,ELEC_CEM,ELEC_CEM,,,2062,,,,,,1.0,,,,,,,,,,,,,,,,
941,0,BAU,ELEC_CEM,ELEC_CEM,,,2063,,,,,,1.0,,,,,,,,,,,,,,,,
941,0,BAU,ELEC_CEM,ELEC_CEM,,,2064,,,,,,1.0,,,,,,,,,,,,,,,,
941,0,BAU,ELEC_CEM,ELEC_CEM,,,2065,,,,,,1.0,,,,,,,,,,,,,,,,
941,0,BAU,ELEC_CEM,ELEC_CEM,,,2066,,,,,,1.0,,,,,,,,,,,,,,,,
941,0,BAU,ELEC_CEM,ELEC_CEM,,,2067,,,,,,1.0,,,,,,,,,,,,,,,,
941,0,BAU,ELEC_CEM,ELEC_CEM,,,2068,,,,,,1.0,,,,,,,,,,,,,,,,
941,0,BAU,ELEC_CEM,ELEC_CEM,,,2069,,,,,,1.0,,,,,,,,,,,,,,,,
941,0,BAU,ELEC_CEM,ELEC_CEM,,,2070,,,,,,1.0,,,,,,,,,,,,,,,,
941,0,BAU,RAW_MAT_CEM,RAW_MAT_CEM,,,2018,,,,,,1.0,,,,,,,,,,,,,,,,
941,0,BAU,RAW_MAT_CEM,RAW_MAT_CEM,,,2019,,,,,,1.0,,,,,,,,,,,,,,,,
941,0,BAU,RAW_MAT_CEM,RAW_MAT_CEM,,,2020,,,,,,1.0,,,,,,,,,,,,,,,,
941,0,BAU,RAW_MAT_CEM,RAW_MAT_CEM,,,2021,,,,,,1.0,,,,,,,,,,,,,,,,
941,0,BAU,RAW_MAT_CEM,RAW_MAT_CEM,,,2022,,,,,,1.0,,,,,,,,,,,,,,,,
941,0,BAU,RAW_MAT_CEM,RAW_MAT_CEM,,,2023,,,,,,1.0,,,,,,,,,,,,,,,,
941,0,BAU,RAW_MAT_CEM,RAW_MAT_CEM,,,2024,,,,,,1.0,,,,,,,,,,,,,,,,
941,0,BAU,RAW_MAT_CEM,RAW_MAT_CEM,,,2025,,,,,,1.0,,,,,,,,,,,,,,,,
941,0,BAU,RAW_MAT_CEM,RAW_MAT_CEM,,,2026,,,,,,1.0,,,,,,,,,,,,,,,,
941,0,BAU,RAW_MAT_CEM,RAW_MAT_CEM,,,2027,,,,,,1.0,,,,,,,,,,,,,,,,
941,0,BAU,RAW_MAT_CEM,RAW_MAT_CEM,,,2028,,,,,,1.0,,,,,,,,,,,,,,,,
941,0,BAU,RAW_MAT_CEM,RAW_MAT_CEM,,,2029,,,,,,1.0,,,,,,,,,,,,,,,,
941,0,BAU,RAW_MAT_CEM,RAW_MAT_CEM,,,2030,,,,,,1.0,,,,,,,,,,,,,,,,
941,0,BAU,RAW_MAT_CEM,RAW_MAT_CEM,,,2031,,,,,,1.0,,,,,,,,,,,,,,,,
941,0,BAU,RAW_MAT_CEM,RAW_MAT_CEM,,,2032,,,,,,1.0,,,,,,,,,,,,,,,,
941,0,BAU,RAW_MAT_CEM,RAW_MAT_CEM,,,2033,,,,,,1.0,,,,,,,,,,,,,,,,
941,0,BAU,RAW_MAT_CEM,RAW_MAT_CEM,,,2034,,,,,,1.0,,,,,,,,,,,,,,,,
941,0,BAU,RAW_MAT_CEM,RAW_MAT_CEM,,,2035,,,,,,1.0,,,,,,,,,,,,,,,,
941,0,BAU,RAW_MAT_CEM,RAW_MAT_CEM,,,2036,,,,,,1.0,,,,,,,,,,,,,,,,
941,0,BAU,RAW_MAT_CEM,RAW_MAT_CEM,,,2037,,,,,,1.0,,,,,,,,,,,,,,,,
941,0,BAU,RAW_MAT_CEM,RAW_MAT_CEM,,,2038,,,,,,1.0,,,,,,,,,,,,,,,,
941,0,BAU,RAW_MAT_CEM,RAW_MAT_CEM,,,2039,,,,,,1.0,,,,,,,,,,,,,,,,
941,0,BAU,RAW_MAT_CEM,RAW_MAT_CEM,,,2040,,,,,,1.0,,,,,,,,,,,,,,,,
941,0,BAU,RAW_MAT_CEM,RAW_MAT_CEM,,,2041,,,,,,1.0,,,,,,,,,,,,,,,,
941,0,BAU,RAW_MAT_CEM,RAW_MAT_CEM,,,2042,,,,,,1.0,,,,,,,,,,,,,,,,
941,0,BAU,RAW_MAT_CEM,RAW_MAT_CEM,,,2043,,,,,,1.0,,,,,,,,,,,,,,,,
941,0,BAU,RAW_MAT_CEM,RAW_MAT_CEM,,,2044,,,,,,1.0,,,,,,,,,,,,,,,,
941,0,BAU,RAW_MAT_CEM,RAW_MAT_CEM,,,2045,,,,,,1.0,,,,,,,,,,,,,,,,
941,0,BAU,RAW_MAT_CEM,RAW_MAT_CEM,,,2046,,,,,,1.0,,,,,,,,,,,,,,,,
941,0,BAU,RAW_MAT_CEM,RAW_MAT_CEM,,,2047,,,,,,1.0,,,,,,,,,,,,,,,,
941,0,BAU,RAW_MAT_CEM,RAW_MAT_CEM,,,2048,,,,,,1.0,,,,,,,,,,,,,,,,
941,0,BAU,RAW_MAT_CEM,RAW_MAT_CEM,,,2049,,,,,,1.0,,,,,,,,,,,,,,,,
941,0,BAU,RAW_MAT_CEM,RAW_MAT_CEM,,,2050,,,,,,1.0,,,,,,,,,,,,,,,,
941,0,BAU,RAW_MAT_CEM,RAW_MAT_CEM,,,2051,,,,,,1.0,,,,,,,,,,,,,,,,
941,0,BAU,RAW_MAT_CEM,RAW_MAT_CEM,,,2052,,,,,,1.0,,,,,,,,,,,,,,,,
941,0,BAU,RAW_MAT_CEM,RAW_MAT_CEM,,,2053,,,,,,1.0,,,,,,,,,,,,,,,,
941,0,BAU,RAW_MAT_CEM,RAW_MAT_CEM,,,2054,,,,,,1.0,,,,,,,,,,,,,,,,
941,0,BAU,RAW_MAT_CEM,RAW_MAT_CEM,,,2055,,,,,,1.0,,,,,,,,,,,,,,,,
941,0,BAU,RAW_MAT_CEM,RAW_MAT_CEM,,,2056,,,,,,1.0,,,,,,,,,,,,,,,,
941,0,BAU,RAW_MAT_CEM,RAW_MAT_CEM,,,2057,,,,,,1.0,,,,,,,,,,,,,,,,
941,0,BAU,RAW_MAT_CEM,RAW_MAT_CEM,,,2058,,,,,,1.0,,,,,,,,,,,,,,,,
941,0,BAU,RAW_MAT_CEM,RAW_MAT_CEM,,,2059,,,,,,1.0,,,,,,,,,,,,,,,,
941,0,BAU,RAW_MAT_CEM,RAW_MAT_CEM,,,2060,,,,,,1.0,,,,,,,,,,,,,,,,
941,0,BAU,RAW_MAT_CEM,RAW_MAT_CEM,,,2061,,,,,,1.0,,,,,,,,,,,,,,,,
941,0,BAU,RAW_MAT_CEM,RAW_MAT_CEM,,,2062,,,,,,1.0,,,,,,,,,,,,,,,,
941,0,BAU,RAW_MAT_CEM,RAW_MAT_CEM,,,2063,,,,,,1.0,,,,,,,,,,,,,,,,
941,0,BAU,RAW_MAT_CEM,RAW_MAT_CEM,,,2064,,,,,,1.0,,,,,,,,,,,,,,,,
941,0,BAU,RAW_MAT_CEM,RAW_MAT_CEM,,,2065,,,,,,1.0,,,,,,,,,,,,,,,,
941,0,BAU,RAW_MAT_CEM,RAW_MAT_CEM,,,2066,,,,,,1.0,,,,,,,,,,,,,,,,
941,0,BAU,RAW_MAT_CEM,RAW_MAT_CEM,,,2067,,,,,,1.0,,,,,,,,,,,,,,,,
941,0,BAU,RAW_MAT_CEM,RAW_MAT_CEM,,,2068,,,,,,1.0,,,,,,,,,,,,,,,,
941,0,BAU,RAW_MAT_CEM,RAW_MAT_CEM,,,2069,,,,,,1.0,,,,,,,,,,,,,,,,
941,0,BAU,RAW_MAT_CEM,RAW_MAT_CEM,,,2070,,,,,,1.0,,,,,,,,,,,,,,,,
941,0,BAU,CLK_PROD,PROD_CLK_TRAD,,,2018,,,,,,1.0,,,,,,,,,,,,,,,,
941,0,BAU,CLK_PROD,PROD_CLK_TRAD,,,2019,,,,,,1.0,,,,,,,,,,,,,,,,
941,0,BAU,CLK_PROD,PROD_CLK_TRAD,,,2020,,,,,,1.0,,,,,,,,,,,,,,,,
941,0,BAU,CLK_PROD,PROD_CLK_TRAD,,,2021,,,,,,1.0,,,,,,,,,,,,,,,,
941,0,BAU,CLK_PROD,PROD_CLK_TRAD,,,2022,,,,,,1.0,,,,,,,,,,,,,,,,
941,0,BAU,CLK_PROD,PROD_CLK_TRAD,,,2023,,,,,,1.0,,,,,,,,,,,,,,,,
941,0,BAU,CLK_PROD,PROD_CLK_TRAD,,,2024,,,,,,1.0,,,,,,,,,,,,,,,,
941,0,BAU,CLK_PROD,PROD_CLK_TRAD,,,2025,,,,,,1.0,,,,,,,,,,,,,,,,
941,0,BAU,CLK_PROD,PROD_CLK_TRAD,,,2026,,,,,,1.0,,,,,,,,,,,,,,,,
941,0,BAU,CLK_PROD,PROD_CLK_TRAD,,,2027,,,,,,1.0,,,,,,,,,,,,,,,,
941,0,BAU,CLK_PROD,PROD_CLK_TRAD,,,2028,,,,,,1.0,,,,,,,,,,,,,,,,
941,0,BAU,CLK_PROD,PROD_CLK_TRAD,,,2029,,,,,,1.0,,,,,,,,,,,,,,,,
941,0,BAU,CLK_PROD,PROD_CLK_TRAD,,,2030,,,,,,1.0,,,,,,,,,,,,,,,,
941,0,BAU,CLK_PROD,PROD_CLK_TRAD,,,2031,,,,,,1.0,,,,,,,,,,,,,,,,
941,0,BAU,CLK_PROD,PROD_CLK_TRAD,,,2032,,,,,,1.0,,,,,,,,,,,,,,,,
941,0,BAU,CLK_PROD,PROD_CLK_TRAD,,,2033,,,,,,1.0,,,,,,,,,,,,,,,,
941,0,BAU,CLK_PROD,PROD_CLK_TRAD,,,2034,,,,,,1.0,,,,,,,,,,,,,,,,
941,0,BAU,CLK_PROD,PROD_CLK_TRAD,,,2035,,,,,,1.0,,,,,,,,,,,,,,,,
941,0,BAU,CLK_PROD,PROD_CLK_TRAD,,,2036,,,,,,1.0,,,,,,,,,,,,,,,,
941,0,BAU,CLK_PROD,PROD_CLK_TRAD,,,2037,,,,,,1.0,,,,,,,,,,,,,,,,
941,0,BAU,CLK_PROD,PROD_CLK_TRAD,,,2038,,,,,,1.0,,,,,,,,,,,,,,,,
941,0,BAU,CLK_PROD,PROD_CLK_TRAD,,,2039,,,,,,1.0,,,,,,,,,,,,,,,,
941,0,BAU,CLK_PROD,PROD_CLK_TRAD,,,2040,,,,,,1.0,,,,,,,,,,,,,,,,
941,0,BAU,CLK_PROD,PROD_CLK_TRAD,,,2041,,,,,,1.0,,,,,,,,,,,,,,,,
941,0,BAU,CLK_PROD,PROD_CLK_TRAD,,,2042,,,,,,1.0,,,,,,,,,,,,,,,,
941,0,BAU,CLK_PROD,PROD_CLK_TRAD,,,2043,,,,,,1.0,,,,,,,,,,,,,,,,
941,0,BAU,CLK_PROD,PROD_CLK_TRAD,,,2044,,,,,,1.0,,,,,,,,,,,,,,,,
941,0,BAU,CLK_PROD,PROD_CLK_TRAD,,,2045,,,,,,1.0,,,,,,,,,,,,,,,,
941,0,BAU,CLK_PROD,PROD_CLK_TRAD,,,2046,,,,,,1.0,,,,,,,,,,,,,,,,
941,0,BAU,CLK_PROD,PROD_CLK_TRAD,,,2047,,,,,,1.0,,,,,,,,,,,,,,,,
941,0,BAU,CLK_PROD,PROD_CLK_TRAD,,,2048,,,,,,1.0,,,,,,,,,,,,,,,,
941,0,BAU,CLK_PROD,PROD_CLK_TRAD,,,2049,,,,,,1.0,,,,,,,,,,,,,,,,
941,0,BAU,CLK_PROD,PROD_CLK_TRAD,,,2050,,,,,,1.0,,,,,,,,,,,,,,,,
941,0,BAU,CLK_PROD,PROD_CLK_TRAD,,,2051,,,,,,1.0,,,,,,,,,,,,,,,,
941,0,BAU,CLK_PROD,PROD_CLK_TRAD,,,2052,,,,,,1.0,,,,,,,,,,,,,,,,
941,0,BAU,CLK_PROD,PROD_CLK_TRAD,,,2053,,,,,,1.0,,,,,,,,,,,,,,,,
941,0,BAU,CLK_PROD,PROD_CLK_TRAD,,,2054,,,,,,1.0,,,,,,,,,,,,,,,,
941,0,BAU,CLK_PROD,PROD_CLK_TRAD,,,2055,,,,,,1.0,,,,,,,,,,,,,,,,
941,0,BAU,CLK_PROD,PROD_CLK_TRAD,,,2056,,,,,,1.0,,,,,,,,,,,,,,,,
941,0,BAU,CLK_PROD,PROD_CLK_TRAD,,,2057,,,,,,1.0,,,,,,,,,,,,,,,,
941,0,BAU,CLK_PROD,PROD_CLK_TRAD,,,2058,,,,,,1.0,,,,,,,,,,,,,,,,
941,0,BAU,CLK_PROD,PROD_CLK_TRAD,,,2059,,,,,,1.0,,,,,,,,,,,,,,,,
941,0,BAU,CLK_PROD,PROD_CLK_TRAD,,,2060,,,,,,1.0,,,,,,,,,,,,,,,,
941,0,BAU,CLK_PROD,PROD_CLK_TRAD,,,2061,,,,,,1.0,,,,,,,,,,,,,,,,
941,0,BAU,CLK_PROD,PROD_CLK_TRAD,,,2062,,,,,,1.0,,,,,,,,,,,,,,,,
941,0,BAU,CLK_PROD,PROD_CLK_TRAD,,,2063,,,,,,1.0,,,,,,,,,,,,,,,,
941,0,BAU,CLK_PROD,PROD_CLK_TRAD,,,2064,,,,,,1.0,,,,,,,,,,,,,,,,
941,0,BAU,CLK_PROD,PROD_CLK_TRAD,,,2065,,,,,,1.0,,,,,,,,,,,,,,,,
941,0,BAU,CLK_PROD,PROD_CLK_TRAD,,,2066,,,,,,1.0,,,,,,,,,,,,,,,,
941,0,BAU,CLK_PROD,PROD_CLK_TRAD,,,2067,,,,,,1.0,,,,,,,,,,,,,,,,
941,0,BAU,CLK_PROD,PROD_CLK_TRAD,,,2068,,,,,,1.0,,,,,,,,,,,,,,,,
941,0,BAU,CLK_PROD,PROD_CLK_TRAD,,,2069,,,,,,1.0,,,,,,,,,,,,,,,,
941,0,BAU,CLK_PROD,PROD_CLK_TRAD,,,2070,,,,,,1.0,,,,,,,,,,,,,,,,
941,0,BAU,CLK_PROD,PROD_CLK_ELEC,,,2018,,,,,,1.0,,,,,,,,,,,,,,,,
941,0,BAU,CLK_PROD,PROD_CLK_ELEC,,,2019,,,,,,1.0,,,,,,,,,,,,,,,,
941,0,BAU,CLK_PROD,PROD_CLK_ELEC,,,2020,,,,,,1.0,,,,,,,,,,,,,,,,
941,0,BAU,CLK_PROD,PROD_CLK_ELEC,,,2021,,,,,,1.0,,,,,,,,,,,,,,,,
941,0,BAU,CLK_PROD,PROD_CLK_ELEC,,,2022,,,,,,1.0,,,,,,,,,,,,,,,,
941,0,BAU,CLK_PROD,PROD_CLK_ELEC,,,2023,,,,,,1.0,,,,,,,,,,,,,,,,
941,0,BAU,CLK_PROD,PROD_CLK_ELEC,,,2024,,,,,,1.0,,,,,,,,,,,,,,,,
941,0,BAU,CLK_PROD,PROD_CLK_ELEC,,,2025,,,,,,1.0,,,,,,,,,,,,,,,,
941,0,BAU,CLK_PROD,PROD_CLK_ELEC,,,2026,,,,,,1.0,,,,,,,,,,,,,,,,
941,0,BAU,CLK_PROD,PROD_CLK_ELEC,,,2027,,,,,,1.0,,,,,,,,,,,,,,,,
941,0,BAU,CLK_PROD,PROD_CLK_ELEC,,,2028,,,,,,1.0,,,,,,,,,,,,,,,,
941,0,BAU,CLK_PROD,PROD_CLK_ELEC,,,2029,,,,,,1.0,,,,,,,,,,,,,,,,
941,0,BAU,CLK_PROD,PROD_CLK_ELEC,,,2030,,,,,,1.0,,,,,,,,,,,,,,,,
941,0,BAU,CLK_PROD,PROD_CLK_ELEC,,,2031,,,,,,1.0,,,,,,,,,,,,,,,,
941,0,BAU,CLK_PROD,PROD_CLK_ELEC,,,2032,,,,,,1.0,,,,,,,,,,,,,,,,
941,0,BAU,CLK_PROD,PROD_CLK_ELEC,,,2033,,,,,,1.0,,,,,,,,,,,,,,,,
941,0,BAU,CLK_PROD,PROD_CLK_ELEC,,,2034,,,,,,1.0,,,,,,,,,,,,,,,,
941,0,BAU,CLK_PROD,PROD_CLK_ELEC,,,2035,,,,,,1.0,,,,,,,,,,,,,,,,
941,0,BAU,CLK_PROD,PROD_CLK_ELEC,,,2036,,,,,,1.0,,,,,,,,,,,,,,,,
941,0,BAU,CLK_PROD,PROD_CLK_ELEC,,,2037,,,,,,1.0,,,,,,,,,,,,,,,,
941,0,BAU,CLK_PROD,PROD_CLK_ELEC,,,2038,,,,,,1.0,,,,,,,,,,,,,,,,
941,0,BAU,CLK_PROD,PROD_CLK_ELEC,,,2039,,,,,,1.0,,,,,,,,,,,,,,,,
941,0,BAU,CLK_PROD,PROD_CLK_ELEC,,,2040,,,,,,1.0,,,,,,,,,,,,,,,,
941,0,BAU,CLK_PROD,PROD_CLK_ELEC,,,2041,,,,,,1.0,,,,,,,,,,,,,,,,
941,0,BAU,CLK_PROD,PROD_CLK_ELEC,,,2042,,,,,,1.0,,,,,,,,,,,,,,,,
941,0,BAU,CLK_PROD,PROD_CLK_ELEC,,,2043,,,,,,1.0,,,,,,,,,,,,,,,,
941,0,BAU,CLK_PROD,PROD_CLK_ELEC,,,2044,,,,,,1.0,,,,,,,,,,,,,,,,
941,0,BAU,CLK_PROD,PROD_CLK_ELEC,,,2045,,,,,,1.0,,,,,,,,,,,,,,,,
941,0,BAU,CLK_PROD,PROD_CLK_ELEC,,,2046,,,,,,1.0,,,,,,,,,,,,,,,,
941,0,BAU,CLK_PROD,PROD_CLK_ELEC,,,2047,,,,,,1.0,,,,,,,,,,,,,,,,
941,0,BAU,CLK_PROD,PROD_CLK_ELEC,,,2048,,,,,,1.0,,,,,,,,,,,,,,,,
941,0,BAU,CLK_PROD,PROD_CLK_ELEC,,,2049,,,,,,1.0,,,,,,,,,,,,,,,,
941,0,BAU,CLK_PROD,PROD_CLK_ELEC,,,2050,,,,,,1.0,,,,,,,,,,,,,,,,
941,0,BAU,CLK_PROD,PROD_CLK_ELEC,,,2051,,,,,,1.0,,,,,,,,,,,,,,,,
941,0,BAU,CLK_PROD,PROD_CLK_ELEC,,,2052,,,,,,1.0,,,,,,,,,,,,,,,,
941,0,BAU,CLK_PROD,PROD_CLK_ELEC,,,2053,,,,,,1.0,,,,,,,,,,,,,,,,
941,0,BAU,CLK_PROD,PROD_CLK_ELEC,,,2054,,,,,,1.0,,,,,,,,,,,,,,,,
941,0,BAU,CLK_PROD,PROD_CLK_ELEC,,,2055,,,,,,1.0,,,,,,,,,,,,,,,,
941,0,BAU,CLK_PROD,PROD_CLK_ELEC,,,2056,,,,,,1.0,,,,,,,,,,,,,,,,
941,0,BAU,CLK_PROD,PROD_CLK_ELEC,,,2057,,,,,,1.0,,,,,,,,,,,,,,,,
941,0,BAU,CLK_PROD,PROD_CLK_ELEC,,,2058,,,,,,1.0,,,,,,,,,,,,,,,,
941,0,BAU,CLK_PROD,PROD_CLK_ELEC,,,2059,,,,,,1.0,,,,,,,,,,,,,,,,
941,0,BAU,CLK_PROD,PROD_CLK_ELEC,,,2060,,,,,,1.0,,,,,,,,,,,,,,,,
941,0,BAU,CLK_PROD,PROD_CLK_ELEC,,,2061,,,,,,1.0,,,,,,,,,,,,,,,,
941,0,BAU,CLK_PROD,PROD_CLK_ELEC,,,2062,,,,,,1.0,,,,,,,,,,,,,,,,
941,0,BAU,CLK_PROD,PROD_CLK_ELEC,,,2063,,,,,,1.0,,,,,,,,,,,,,,,,
941,0,BAU,CLK_PROD,PROD_CLK_ELEC,,,2064,,,,,,1.0,,,,,,,,,,,,,,,,
941,0,BAU,CLK_PROD,PROD_CLK_ELEC,,,2065,,,,,,1.0,,,,,,,,,,,,,,,,
941,0,BAU,CLK_PROD,PROD_CLK_ELEC,,,2066,,,,,,1.0,,,,,,,,,,,,,,,,
941,0,BAU,CLK_PROD,PROD_CLK_ELEC,,,2067,,,,,,1.0,,,,,,,,,,,,,,,,
941,0,BAU,CLK_PROD,PROD_CLK_ELEC,,,2068,,,,,,1.0,,,,,,,,,,,,,,,,
941,0,BAU,CLK_PROD,PROD_CLK_ELEC,,,2069,,,,,,1.0,,,,,,,,,,,,,,,,
941,0,BAU,CLK_PROD,PROD_CLK_ELEC,,,2070,,,,,,1.0,,,,,,,,,,,,,,,,
941,0,BAU,CEM_PROD,PROD_CEM,,,2018,,,,,,1.0,,,,,,,,,,,,,,,,
941,0,BAU,CEM_PROD,PROD_CEM,,,2019,,,,,,1.0,,,,,,,,,,,,,,,,
941,0,BAU,CEM_PROD,PROD_CEM,,,2020,,,,,,1.0,,,,,,,,,,,,,,,,
941,0,BAU,CEM_PROD,PROD_CEM,,,2021,,,,,,1.0,,,,,,,,,,,,,,,,
941,0,BAU,CEM_PROD,PROD_CEM,,,2022,,,,,,1.0,,,,,,,,,,,,,,,,
941,0,BAU,CEM_PROD,PROD_CEM,,,2023,,,,,,1.0,,,,,,,,,,,,,,,,
941,0,BAU,CEM_PROD,PROD_CEM,,,2024,,,,,,1.0,,,,,,,,,,,,,,,,
941,0,BAU,CEM_PROD,PROD_CEM,,,2025,,,,,,1.0,,,,,,,,,,,,,,,,
941,0,BAU,CEM_PROD,PROD_CEM,,,2026,,,,,,1.0,,,,,,,,,,,,,,,,
941,0,BAU,CEM_PROD,PROD_CEM,,,2027,,,,,,1.0,,,,,,,,,,,,,,,,
941,0,BAU,CEM_PROD,PROD_CEM,,,2028,,,,,,1.0,,,,,,,,,,,,,,,,
941,0,BAU,CEM_PROD,PROD_CEM,,,2029,,,,,,1.0,,,,,,,,,,,,,,,,
941,0,BAU,CEM_PROD,PROD_CEM,,,2030,,,,,,1.0,,,,,,,,,,,,,,,,
941,0,BAU,CEM_PROD,PROD_CEM,,,2031,,,,,,1.0,,,,,,,,,,,,,,,,
941,0,BAU,CEM_PROD,PROD_CEM,,,2032,,,,,,1.0,,,,,,,,,,,,,,,,
941,0,BAU,CEM_PROD,PROD_CEM,,,2033,,,,,,1.0,,,,,,,,,,,,,,,,
941,0,BAU,CEM_PROD,PROD_CEM,,,2034,,,,,,1.0,,,,,,,,,,,,,,,,
941,0,BAU,CEM_PROD,PROD_CEM,,,2035,,,,,,1.0,,,,,,,,,,,,,,,,
941,0,BAU,CEM_PROD,PROD_CEM,,,2036,,,,,,1.0,,,,,,,,,,,,,,,,
941,0,BAU,CEM_PROD,PROD_CEM,,,2037,,,,,,1.0,,,,,,,,,,,,,,,,
941,0,BAU,CEM_PROD,PROD_CEM,,,2038,,,,,,1.0,,,,,,,,,,,,,,,,
941,0,BAU,CEM_PROD,PROD_CEM,,,2039,,,,,,1.0,,,,,,,,,,,,,,,,
941,0,BAU,CEM_PROD,PROD_CEM,,,2040,,,,,,1.0,,,,,,,,,,,,,,,,
941,0,BAU,CEM_PROD,PROD_CEM,,,2041,,,,,,1.0,,,,,,,,,,,,,,,,
941,0,BAU,CEM_PROD,PROD_CEM,,,2042,,,,,,1.0,,,,,,,,,,,,,,,,
941,0,BAU,CEM_PROD,PROD_CEM,,,2043,,,,,,1.0,,,,,,,,,,,,,,,,
941,0,BAU,CEM_PROD,PROD_CEM,,,2044,,,,,,1.0,,,,,,,,,,,,,,,,
941,0,BAU,CEM_PROD,PROD_CEM,,,2045,,,,,,1.0,,,,,,,,,,,,,,,,
941,0,BAU,CEM_PROD,PROD_CEM,,,2046,,,,,,1.0,,,,,,,,,,,,,,,,
941,0,BAU,CEM_PROD,PROD_CEM,,,2047,,,,,,1.0,,,,,,,,,,,,,,,,
941,0,BAU,CEM_PROD,PROD_CEM,,,2048,,,,,,1.0,,,,,,,,,,,,,,,,
941,0,BAU,CEM_PROD,PROD_CEM,,,2049,,,,,,1.0,,,,,,,,,,,,,,,,
941,0,BAU,CEM_PROD,PROD_CEM,,,2050,,,,,,1.0,,,,,,,,,,,,,,,,
941,0,BAU,CEM_PROD,PROD_CEM,,,2051,,,,,,1.0,,,,,,,,,,,,,,,,
941,0,BAU,CEM_PROD,PROD_CEM,,,2052,,,,,,1.0,,,,,,,,,,,,,,,,
941,0,BAU,CEM_PROD,PROD_CEM,,,2053,,,,,,1.0,,,,,,,,,,,,,,,,
941,0,BAU,CEM_PROD,PROD_CEM,,,2054,,,,,,1.0,,,,,,,,,,,,,,,,
941,0,BAU,CEM_PROD,PROD_CEM,,,2055,,,,,,1.0,,,,,,,,,,,,,,,,
941,0,BAU,CEM_PROD,PROD_CEM,,,2056,,,,,,1.0,,,,,,,,,,,,,,,,
941,0,BAU,CEM_PROD,PROD_CEM,,,2057,,,,,,1.0,,,,,,,,,,,,,,,,
941,0,BAU,CEM_PROD,PROD_CEM,,,2058,,,,,,1.0,,,,,,,,,,,,,,,,
941,0,BAU,CEM_PROD,PROD_CEM,,,2059,,,,,,1.0,,,,,,,,,,,,,,,,
941,0,BAU,CEM_PROD,PROD_CEM,,,2060,,,,,,1.0,,,,,,,,,,,,,,,,
941,0,BAU,CEM_PROD,PROD_CEM,,,2061,,,,,,1.0,,,,,,,,,,,,,,,,
941,0,BAU,CEM_PROD,PROD_CEM,,,2062,,,,,,1.0,,,,,,,,,,,,,,,,
941,0,BAU,CEM_PROD,PROD_CEM,,,2063,,,,,,1.0,,,,,,,,,,,,,,,,
941,0,BAU,CEM_PROD,PROD_CEM,,,2064,,,,,,1.0,,,,,,,,,,,,,,,,
941,0,BAU,CEM_PROD,PROD_CEM,,,2065,,,,,,1.0,,,,,,,,,,,,,,,,
941,0,BAU,CEM_PROD,PROD_CEM,,,2066,,,,,,1.0,,,,,,,,,,,,,,,,
941,0,BAU,CEM_PROD,PROD_CEM,,,2067,,,,,,1.0,,,,,,,,,,,,,,,,
941,0,BAU,CEM_PROD,PROD_CEM,,,2068,,,,,,1.0,,,,,,,,,,,,,,,,
941,0,BAU,CEM_PROD,PROD_CEM,,,2069,,,,,,1.0,,,,,,,,,,,,,,,,
941,0,BAU,CEM_PROD,PROD_CEM,,,2070,,,,,,1.0,,,,,,,,,,,,,,,,
941,0,BAU,E5_CEM_PRODCEM_PROD,T5CEM_PRODCEM_PROD,,,2018,,,,,,1.0,,,,,,,,,,,,,,,,
941,0,BAU,E5_CEM_PRODCEM_PROD,T5CEM_PRODCEM_PROD,,,2019,,,,,,1.0,,,,,,,,,,,,,,,,
941,0,BAU,E5_CEM_PRODCEM_PROD,T5CEM_PRODCEM_PROD,,,2020,,,,,,1.0,,,,,,,,,,,,,,,,
941,0,BAU,E5_CEM_PRODCEM_PROD,T5CEM_PRODCEM_PROD,,,2021,,,,,,1.0,,,,,,,,,,,,,,,,
941,0,BAU,E5_CEM_PRODCEM_PROD,T5CEM_PRODCEM_PROD,,,2022,,,,,,1.0,,,,,,,,,,,,,,,,
941,0,BAU,E5_CEM_PRODCEM_PROD,T5CEM_PRODCEM_PROD,,,2023,,,,,,1.0,,,,,,,,,,,,,,,,
941,0,BAU,E5_CEM_PRODCEM_PROD,T5CEM_PRODCEM_PROD,,,2024,,,,,,1.0,,,,,,,,,,,,,,,,
941,0,BAU,E5_CEM_PRODCEM_PROD,T5CEM_PRODCEM_PROD,,,2025,,,,,,1.0,,,,,,,,,,,,,,,,
941,0,BAU,E5_CEM_PRODCEM_PROD,T5CEM_PRODCEM_PROD,,,2026,,,,,,1.0,,,,,,,,,,,,,,,,
941,0,BAU,E5_CEM_PRODCEM_PROD,T5CEM_PRODCEM_PROD,,,2027,,,,,,1.0,,,,,,,,,,,,,,,,
941,0,BAU,E5_CEM_PRODCEM_PROD,T5CEM_PRODCEM_PROD,,,2028,,,,,,1.0,,,,,,,,,,,,,,,,
941,0,BAU,E5_CEM_PRODCEM_PROD,T5CEM_PRODCEM_PROD,,,2029,,,,,,1.0,,,,,,,,,,,,,,,,
941,0,BAU,E5_CEM_PRODCEM_PROD,T5CEM_PRODCEM_PROD,,,2030,,,,,,1.0,,,,,,,,,,,,,,,,
941,0,BAU,E5_CEM_PRODCEM_PROD,T5CEM_PRODCEM_PROD,,,2031,,,,,,1.0,,,,,,,,,,,,,,,,
941,0,BAU,E5_CEM_PRODCEM_PROD,T5CEM_PRODCEM_PROD,,,2032,,,,,,1.0,,,,,,,,,,,,,,,,
941,0,BAU,E5_CEM_PRODCEM_PROD,T5CEM_PRODCEM_PROD,,,2033,,,,,,1.0,,,,,,,,,,,,,,,,
941,0,BAU,E5_CEM_PRODCEM_PROD,T5CEM_PRODCEM_PROD,,,2034,,,,,,1.0,,,,,,,,,,,,,,,,
941,0,BAU,E5_CEM_PRODCEM_PROD,T5CEM_PRODCEM_PROD,,,2035,,,,,,1.0,,,,,,,,,,,,,,,,
941,0,BAU,E5_CEM_PRODCEM_PROD,T5CEM_PRODCEM_PROD,,,2036,,,,,,1.0,,,,,,,,,,,,,,,,
941,0,BAU,E5_CEM_PRODCEM_PROD,T5CEM_PRODCEM_PROD,,,2037,,,,,,1.0,,,,,,,,,,,,,,,,
941,0,BAU,E5_CEM_PRODCEM_PROD,T5CEM_PRODCEM_PROD,,,2038,,,,,,1.0,,,,,,,,,,,,,,,,
941,0,BAU,E5_CEM_PRODCEM_PROD,T5CEM_PRODCEM_PROD,,,2039,,,,,,1.0,,,,,,,,,,,,,,,,
941,0,BAU,E5_CEM_PRODCEM_PROD,T5CEM_PRODCEM_PROD,,,2040,,,,,,1.0,,,,,,,,,,,,,,,,
941,0,BAU,E5_CEM_PRODCEM_PROD,T5CEM_PRODCEM_PROD,,,2041,,,,,,1.0,,,,,,,,,,,,,,,,
941,0,BAU,E5_CEM_PRODCEM_PROD,T5CEM_PRODCEM_PROD,,,2042,,,,,,1.0,,,,,,,,,,,,,,,,
941,0,BAU,E5_CEM_PRODCEM_PROD,T5CEM_PRODCEM_PROD,,,2043,,,,,,1.0,,,,,,,,,,,,,,,,
941,0,BAU,E5_CEM_PRODCEM_PROD,T5CEM_PRODCEM_PROD,,,2044,,,,,,1.0,,,,,,,,,,,,,,,,
941,0,BAU,E5_CEM_PRODCEM_PROD,T5CEM_PRODCEM_PROD,,,2045,,,,,,1.0,,,,,,,,,,,,,,,,
941,0,BAU,E5_CEM_PRODCEM_PROD,T5CEM_PRODCEM_PROD,,,2046,,,,,,1.0,,,,,,,,,,,,,,,,
941,0,BAU,E5_CEM_PRODCEM_PROD,T5CEM_PRODCEM_PROD,,,2047,,,,,,1.0,,,,,,,,,,,,,,,,
941,0,BAU,E5_CEM_PRODCEM_PROD,T5CEM_PRODCEM_PROD,,,2048,,,,,,1.0,,,,,,,,,,,,,,,,
941,0,BAU,E5_CEM_PRODCEM_PROD,T5CEM_PRODCEM_PROD,,,2049,,,,,,1.0,,,,,,,,,,,,,,,,
941,0,BAU,E5_CEM_PRODCEM_PROD,T5CEM_PRODCEM_PROD,,,2050,,,,,,1.0,,,,,,,,,,,,,,,,
941,0,BAU,E5_CEM_PRODCEM_PROD,T5CEM_PRODCEM_PROD,,,2051,,,,,,1.0,,,,,,,,,,,,,,,,
941,0,BAU,E5_CEM_PRODCEM_PROD,T5CEM_PRODCEM_PROD,,,2052,,,,,,1.0,,,,,,,,,,,,,,,,
941,0,BAU,E5_CEM_PRODCEM_PROD,T5CEM_PRODCEM_PROD,,,2053,,,,,,1.0,,,,,,,,,,,,,,,,
941,0,BAU,E5_CEM_PRODCEM_PROD,T5CEM_PRODCEM_PROD,,,2054,,,,,,1.0,,,,,,,,,,,,,,,,
941,0,BAU,E5_CEM_PRODCEM_PROD,T5CEM_PRODCEM_PROD,,,2055,,,,,,1.0,,,,,,,,,,,,,,,,
941,0,BAU,E5_CEM_PRODCEM_PROD,T5CEM_PRODCEM_PROD,,,2056,,,,,,1.0,,,,,,,,,,,,,,,,
941,0,BAU,E5_CEM_PRODCEM_PROD,T5CEM_PRODCEM_PROD,,,2057,,,,,,1.0,,,,,,,,,,,,,,,,
941,0,BAU,E5_CEM_PRODCEM_PROD,T5CEM_PRODCEM_PROD,,,2058,,,,,,1.0,,,,,,,,,,,,,,,,
941,0,BAU,E5_CEM_PRODCEM_PROD,T5CEM_PRODCEM_PROD,,,2059,,,,,,1.0,,,,,,,,,,,,,,,,
941,0,BAU,E5_CEM_PRODCEM_PROD,T5CEM_PRODCEM_PROD,,,2060,,,,,,1.0,,,,,,,,,,,,,,,,
941,0,BAU,E5_CEM_PRODCEM_PROD,T5CEM_PRODCEM_PROD,,,2061,,,,,,1.0,,,,,,,,,,,,,,,,
941,0,BAU,E5_CEM_PRODCEM_PROD,T5CEM_PRODCEM_PROD,,,2062,,,,,,1.0,,,,,,,,,,,,,,,,
941,0,BAU,E5_CEM_PRODCEM_PROD,T5CEM_PRODCEM_PROD,,,2063,,,,,,1.0,,,,,,,,,,,,,,,,
941,0,BAU,E5_CEM_PRODCEM_PROD,T5CEM_PRODCEM_PROD,,,2064,,,,,,1.0,,,,,,,,,,,,,,,,
941,0,BAU,E5_CEM_PRODCEM_PROD,T5CEM_PRODCEM_PROD,,,2065,,,,,,1.0,,,,,,,,,,,,,,,,
941,0,BAU,E5_CEM_PRODCEM_PROD,T5CEM_PRODCEM_PROD,,,2066,,,,,,1.0,,,,,,,,,,,,,,,,
941,0,BAU,E5_CEM_PRODCEM_PROD,T5CEM_PRODCEM_PROD,,,2067,,,,,,1.0,,,,,,,,,,,,,,,,
941,0,BAU,E5_CEM_PRODCEM_PROD,T5CEM_PRODCEM_PROD,,,2068,,,,,,1.0,,,,,,,,,,,,,,,,
941,0,BAU,E5_CEM_PRODCEM_PROD,T5CEM_PRODCEM_PROD,,,2069,,,,,,1.0,,,,,,,,,,,,,,,,
941,0,BAU,E5_CEM_PRODCEM_PROD,T5CEM_PRODCEM_PROD,,,2070,,,,,,1.0,,,,,,,,,,,,,,,,
941,0,BAU,,ENE_TERM,CO2e_CEM,,2018,,,,,,,0.0,,,,,,,,,,,,,,,
941,0,BAU,,ENE_TERM,CO2e_CEM,,2019,,,,,,,0.0,,,,,,,,,,,,,,,
941,0,BAU,,ENE_TERM,CO2e_CEM,,2020,,,,,,,0.0,,,,,,,,,,,,,,,
941,0,BAU,,ENE_TERM,CO2e_CEM,,2021,,,,,,,0.0,,,,,,,,,,,,,,,
941,0,BAU,,ENE_TERM,CO2e_CEM,,2022,,,,,,,0.0,,,,,,,,,,,,,,,
941,0,BAU,,ENE_TERM,CO2e_CEM,,2023,,,,,,,0.0,,,,,,,,,,,,,,,
941,0,BAU,,ENE_TERM,CO2e_CEM,,2024,,,,,,,0.0,,,,,,,,,,,,,,,
941,0,BAU,,ENE_TERM,CO2e_CEM,,2025,,,,,,,0.0,,,,,,,,,,,,,,,
941,0,BAU,,ENE_TERM,CO2e_CEM,,2026,,,,,,,0.0,,,,,,,,,,,,,,,
941,0,BAU,,ENE_TERM,CO2e_CEM,,2027,,,,,,,0.0,,,,,,,,,,,,,,,
941,0,BAU,,ENE_TERM,CO2e_CEM,,2028,,,,,,,0.0,,,,,,,,,,,,,,,
941,0,BAU,,ENE_TERM,CO2e_CEM,,2029,,,,,,,0.0,,,,,,,,,,,,,,,
941,0,BAU,,ENE_TERM,CO2e_CEM,,2030,,,,,,,0.0,,,,,,,,,,,,,,,
941,0,BAU,,ENE_TERM,CO2e_CEM,,2031,,,,,,,0.0,,,,,,,,,,,,,,,
941,0,BAU,,ENE_TERM,CO2e_CEM,,2032,,,,,,,0.0,,,,,,,,,,,,,,,
941,0,BAU,,ENE_TERM,CO2e_CEM,,2033,,,,,,,0.0,,,,,,,,,,,,,,,
941,0,BAU,,ENE_TERM,CO2e_CEM,,2034,,,,,,,0.0,,,,,,,,,,,,,,,
941,0,BAU,,ENE_TERM,CO2e_CEM,,2035,,,,,,,0.0,,,,,,,,,,,,,,,
941,0,BAU,,ENE_TERM,CO2e_CEM,,2036,,,,,,,0.0,,,,,,,,,,,,,,,
941,0,BAU,,ENE_TERM,CO2e_CEM,,2037,,,,,,,0.0,,,,,,,,,,,,,,,
941,0,BAU,,ENE_TERM,CO2e_CEM,,2038,,,,,,,0.0,,,,,,,,,,,,,,,
941,0,BAU,,ENE_TERM,CO2e_CEM,,2039,,,,,,,0.0,,,,,,,,,,,,,,,
941,0,BAU,,ENE_TERM,CO2e_CEM,,2040,,,,,,,0.0,,,,,,,,,,,,,,,
941,0,BAU,,ENE_TERM,CO2e_CEM,,2041,,,,,,,0.0,,,,,,,,,,,,,,,
941,0,BAU,,ENE_TERM,CO2e_CEM,,2042,,,,,,,0.0,,,,,,,,,,,,,,,
941,0,BAU,,ENE_TERM,CO2e_CEM,,2043,,,,,,,0.0,,,,,,,,,,,,,,,
941,0,BAU,,ENE_TERM,CO2e_CEM,,2044,,,,,,,0.0,,,,,,,,,,,,,,,
941,0,BAU,,ENE_TERM,CO2e_CEM,,2045,,,,,,,0.0,,,,,,,,,,,,,,,
941,0,BAU,,ENE_TERM,CO2e_CEM,,2046,,,,,,,0.0,,,,,,,,,,,,,,,
941,0,BAU,,ENE_TERM,CO2e_CEM,,2047,,,,,,,0.0,,,,,,,,,,,,,,,
941,0,BAU,,ENE_TERM,CO2e_CEM,,2048,,,,,,,0.0,,,,,,,,,,,,,,,
941,0,BAU,,ENE_TERM,CO2e_CEM,,2049,,,,,,,0.0,,,,,,,,,,,,,,,
941,0,BAU,,ENE_TERM,CO2e_CEM,,2050,,,,,,,0.0,,,,,,,,,,,,,,,
941,0,BAU,,ENE_TERM,CO2e_CEM,,2051,,,,,,,0.0,,,,,,,,,,,,,,,
941,0,BAU,,ENE_TERM,CO2e_CEM,,2052,,,,,,,0.0,,,,,,,,,,,,,,,
941,0,BAU,,ENE_TERM,CO2e_CEM,,2053,,,,,,,0.0,,,,,,,,,,,,,,,
941,0,BAU,,ENE_TERM,CO2e_CEM,,2054,,,,,,,0.0,,,,,,,,,,,,,,,
941,0,BAU,,ENE_TERM,CO2e_CEM,,2055,,,,,,,0.0,,,,,,,,,,,,,,,
941,0,BAU,,ENE_TERM,CO2e_CEM,,2056,,,,,,,0.0,,,,,,,,,,,,,,,
941,0,BAU,,ENE_TERM,CO2e_CEM,,2057,,,,,,,0.0,,,,,,,,,,,,,,,
941,0,BAU,,ENE_TERM,CO2e_CEM,,2058,,,,,,,0.0,,,,,,,,,,,,,,,
941,0,BAU,,ENE_TERM,CO2e_CEM,,2059,,,,,,,0.0,,,,,,,,,,,,,,,
941,0,BAU,,ENE_TERM,CO2e_CEM,,2060,,,,,,,0.0,,,,,,,,,,,,,,,
941,0,BAU,,ENE_TERM,CO2e_CEM,,2061,,,,,,,0.0,,,,,,,,,,,,,,,
941,0,BAU,,ENE_TERM,CO2e_CEM,,2062,,,,,,,0.0,,,,,,,,,,,,,,,
941,0,BAU,,ENE_TERM,CO2e_CEM,,2063,,,,,,,0.0,,,,,,,,,,,,,,,
941,0,BAU,,ENE_TERM,CO2e_CEM,,2064,,,,,,,0.0,,,,,,,,,,,,,,,
941,0,BAU,,ENE_TERM,CO2e_CEM,,2065,,,,,,,0.0,,,,,,,,,,,,,,,
941,0,BAU,,ENE_TERM,CO2e_CEM,,2066,,,,,,,0.0,,,,,,,,,,,,,,,
941,0,BAU,,ENE_TERM,CO2e_CEM,,2067,,,,,,,0.0,,,,,,,,,,,,,,,
941,0,BAU,,ENE_TERM,CO2e_CEM,,2068,,,,,,,0.0,,,,,,,,,,,,,,,
941,0,BAU,,ENE_TERM,CO2e_CEM,,2069,,,,,,,0.0,,,,,,,,,,,,,,,
941,0,BAU,,ENE_TERM,CO2e_CEM,,2070,,,,,,,0.0,,,,,,,,,,,,,,,
941,0,BAU,,RAW_MAT_CLK,CO2e_CEM,,2018,,,,,,,0.0,,,,,,,,,,,,,,,
941,0,BAU,,RAW_MAT_CLK,CO2e_CEM,,2019,,,,,,,0.0,,,,,,,,,,,,,,,
941,0,BAU,,RAW_MAT_CLK,CO2e_CEM,,2020,,,,,,,0.0,,,,,,,,,,,,,,,
941,0,BAU,,RAW_MAT_CLK,CO2e_CEM,,2021,,,,,,,0.0,,,,,,,,,,,,,,,
941,0,BAU,,RAW_MAT_CLK,CO2e_CEM,,2022,,,,,,,0.0,,,,,,,,,,,,,,,
941,0,BAU,,RAW_MAT_CLK,CO2e_CEM,,2023,,,,,,,0.0,,,,,,,,,,,,,,,
941,0,BAU,,RAW_MAT_CLK,CO2e_CEM,,2024,,,,,,,0.0,,,,,,,,,,,,,,,
941,0,BAU,,RAW_MAT_CLK,CO2e_CEM,,2025,,,,,,,0.0,,,,,,,,,,,,,,,
941,0,BAU,,RAW_MAT_CLK,CO2e_CEM,,2026,,,,,,,0.0,,,,,,,,,,,,,,,
941,0,BAU,,RAW_MAT_CLK,CO2e_CEM,,2027,,,,,,,0.0,,,,,,,,,,,,,,,
941,0,BAU,,RAW_MAT_CLK,CO2e_CEM,,2028,,,,,,,0.0,,,,,,,,,,,,,,,
941,0,BAU,,RAW_MAT_CLK,CO2e_CEM,,2029,,,,,,,0.0,,,,,,,,,,,,,,,
941,0,BAU,,RAW_MAT_CLK,CO2e_CEM,,2030,,,,,,,0.0,,,,,,,,,,,,,,,
941,0,BAU,,RAW_MAT_CLK,CO2e_CEM,,2031,,,,,,,0.0,,,,,,,,,,,,,,,
941,0,BAU,,RAW_MAT_CLK,CO2e_CEM,,2032,,,,,,,0.0,,,,,,,,,,,,,,,
941,0,BAU,,RAW_MAT_CLK,CO2e_CEM,,2033,,,,,,,0.0,,,,,,,,,,,,,,,
941,0,BAU,,RAW_MAT_CLK,CO2e_CEM,,2034,,,,,,,0.0,,,,,,,,,,,,,,,
941,0,BAU,,RAW_MAT_CLK,CO2e_CEM,,2035,,,,,,,0.0,,,,,,,,,,,,,,,
941,0,BAU,,RAW_MAT_CLK,CO2e_CEM,,2036,,,,,,,0.0,,,,,,,,,,,,,,,
941,0,BAU,,RAW_MAT_CLK,CO2e_CEM,,2037,,,,,,,0.0,,,,,,,,,,,,,,,
941,0,BAU,,RAW_MAT_CLK,CO2e_CEM,,2038,,,,,,,0.0,,,,,,,,,,,,,,,
941,0,BAU,,RAW_MAT_CLK,CO2e_CEM,,2039,,,,,,,0.0,,,,,,,,,,,,,,,
941,0,BAU,,RAW_MAT_CLK,CO2e_CEM,,2040,,,,,,,0.0,,,,,,,,,,,,,,,
941,0,BAU,,RAW_MAT_CLK,CO2e_CEM,,2041,,,,,,,0.0,,,,,,,,,,,,,,,
941,0,BAU,,RAW_MAT_CLK,CO2e_CEM,,2042,,,,,,,0.0,,,,,,,,,,,,,,,
941,0,BAU,,RAW_MAT_CLK,CO2e_CEM,,2043,,,,,,,0.0,,,,,,,,,,,,,,,
941,0,BAU,,RAW_MAT_CLK,CO2e_CEM,,2044,,,,,,,0.0,,,,,,,,,,,,,,,
941,0,BAU,,RAW_MAT_CLK,CO2e_CEM,,2045,,,,,,,0.0,,,,,,,,,,,,,,,
941,0,BAU,,RAW_MAT_CLK,CO2e_CEM,,2046,,,,,,,0.0,,,,,,,,,,,,,,,
941,0,BAU,,RAW_MAT_CLK,CO2e_CEM,,2047,,,,,,,0.0,,,,,,,,,,,,,,,
941,0,BAU,,RAW_MAT_CLK,CO2e_CEM,,2048,,,,,,,0.0,,,,,,,,,,,,,,,
941,0,BAU,,RAW_MAT_CLK,CO2e_CEM,,2049,,,,,,,0.0,,,,,,,,,,,,,,,
941,0,BAU,,RAW_MAT_CLK,CO2e_CEM,,2050,,,,,,,0.0,,,,,,,,,,,,,,,
941,0,BAU,,RAW_MAT_CLK,CO2e_CEM,,2051,,,,,,,0.0,,,,,,,,,,,,,,,
941,0,BAU,,RAW_MAT_CLK,CO2e_CEM,,2052,,,,,,,0.0,,,,,,,,,,,,,,,
941,0,BAU,,RAW_MAT_CLK,CO2e_CEM,,2053,,,,,,,0.0,,,,,,,,,,,,,,,
941,0,BAU,,RAW_MAT_CLK,CO2e_CEM,,2054,,,,,,,0.0,,,,,,,,,,,,,,,
941,0,BAU,,RAW_MAT_CLK,CO2e_CEM,,2055,,,,,,,0.0,,,,,,,,,,,,,,,
941,0,BAU,,RAW_MAT_CLK,CO2e_CEM,,2056,,,,,,,0.0,,,,,,,,,,,,,,,
941,0,BAU,,RAW_MAT_CLK,CO2e_CEM,,2057,,,,,,,0.0,,,,,,,,,,,,,,,
941,0,BAU,,RAW_MAT_CLK,CO2e_CEM,,2058,,,,,,,0.0,,,,,,,,,,,,,,,
941,0,BAU,,RAW_MAT_CLK,CO2e_CEM,,2059,,,,,,,0.0,,,,,,,,,,,,,,,
941,0,BAU,,RAW_MAT_CLK,CO2e_CEM,,2060,,,,,,,0.0,,,,,,,,,,,,,,,
941,0,BAU,,RAW_MAT_CLK,CO2e_CEM,,2061,,,,,,,0.0,,,,,,,,,,,,,,,
941,0,BAU,,RAW_MAT_CLK,CO2e_CEM,,2062,,,,,,,0.0,,,,,,,,,,,,,,,
941,0,BAU,,RAW_MAT_CLK,CO2e_CEM,,2063,,,,,,,0.0,,,,,,,,,,,,,,,
941,0,BAU,,RAW_MAT_CLK,CO2e_CEM,,2064,,,,,,,0.0,,,,,,,,,,,,,,,
941,0,BAU,,RAW_MAT_CLK,CO2e_CEM,,2065,,,,,,,0.0,,,,,,,,,,,,,,,
941,0,BAU,,RAW_MAT_CLK,CO2e_CEM,,2066,,,,,,,0.0,,,,,,,,,,,,,,,
941,0,BAU,,RAW_MAT_CLK,CO2e_CEM,,2067,,,,,,,0.0,,,,,,,,,,,,,,,
941,0,BAU,,RAW_MAT_CLK,CO2e_CEM,,2068,,,,,,,0.0,,,,,,,,,,,,,,,
941,0,BAU,,RAW_MAT_CLK,CO2e_CEM,,2069,,,,,,,0.0,,,,,,,,,,,,,,,
941,0,BAU,,RAW_MAT_CLK,CO2e_CEM,,2070,,,,,,,0.0,,,,,,,,,,,,,,,
941,0,BAU,,ELEC_TERM,CO2e_CEM,,2018,,,,,,,0.0,,,,,,,,,,,,,,,
941,0,BAU,,ELEC_TERM,CO2e_CEM,,2019,,,,,,,0.0,,,,,,,,,,,,,,,
941,0,BAU,,ELEC_TERM,CO2e_CEM,,2020,,,,,,,0.0,,,,,,,,,,,,,,,
941,0,BAU,,ELEC_TERM,CO2e_CEM,,2021,,,,,,,0.0,,,,,,,,,,,,,,,
941,0,BAU,,ELEC_TERM,CO2e_CEM,,2022,,,,,,,0.0,,,,,,,,,,,,,,,
941,0,BAU,,ELEC_TERM,CO2e_CEM,,2023,,,,,,,0.0,,,,,,,,,,,,,,,
941,0,BAU,,ELEC_TERM,CO2e_CEM,,2024,,,,,,,0.0,,,,,,,,,,,,,,,
941,0,BAU,,ELEC_TERM,CO2e_CEM,,2025,,,,,,,0.0,,,,,,,,,,,,,,,
941,0,BAU,,ELEC_TERM,CO2e_CEM,,2026,,,,,,,0.0,,,,,,,,,,,,,,,
941,0,BAU,,ELEC_TERM,CO2e_CEM,,2027,,,,,,,0.0,,,,,,,,,,,,,,,
941,0,BAU,,ELEC_TERM,CO2e_CEM,,2028,,,,,,,0.0,,,,,,,,,,,,,,,
941,0,BAU,,ELEC_TERM,CO2e_CEM,,2029,,,,,,,0.0,,,,,,,,,,,,,,,
941,0,BAU,,ELEC_TERM,CO2e_CEM,,2030,,,,,,,0.0,,,,,,,,,,,,,,,
941,0,BAU,,ELEC_TERM,CO2e_CEM,,2031,,,,,,,0.0,,,,,,,,,,,,,,,
941,0,BAU,,ELEC_TERM,CO2e_CEM,,2032,,,,,,,0.0,,,,,,,,,,,,,,,
941,0,BAU,,ELEC_TERM,CO2e_CEM,,2033,,,,,,,0.0,,,,,,,,,,,,,,,
941,0,BAU,,ELEC_TERM,CO2e_CEM,,2034,,,,,,,0.0,,,,,,,,,,,,,,,
941,0,BAU,,ELEC_TERM,CO2e_CEM,,2035,,,,,,,0.0,,,,,,,,,,,,,,,
941,0,BAU,,ELEC_TERM,CO2e_CEM,,2036,,,,,,,0.0,,,,,,,,,,,,,,,
941,0,BAU,,ELEC_TERM,CO2e_CEM,,2037,,,,,,,0.0,,,,,,,,,,,,,,,
941,0,BAU,,ELEC_TERM,CO2e_CEM,,2038,,,,,,,0.0,,,,,,,,,,,,,,,
941,0,BAU,,ELEC_TERM,CO2e_CEM,,2039,,,,,,,0.0,,,,,,,,,,,,,,,
941,0,BAU,,ELEC_TERM,CO2e_CEM,,2040,,,,,,,0.0,,,,,,,,,,,,,,,
941,0,BAU,,ELEC_TERM,CO2e_CEM,,2041,,,,,,,0.0,,,,,,,,,,,,,,,
941,0,BAU,,ELEC_TERM,CO2e_CEM,,2042,,,,,,,0.0,,,,,,,,,,,,,,,
941,0,BAU,,ELEC_TERM,CO2e_CEM,,2043,,,,,,,0.0,,,,,,,,,,,,,,,
941,0,BAU,,ELEC_TERM,CO2e_CEM,,2044,,,,,,,0.0,,,,,,,,,,,,,,,
941,0,BAU,,ELEC_TERM,CO2e_CEM,,2045,,,,,,,0.0,,,,,,,,,,,,,,,
941,0,BAU,,ELEC_TERM,CO2e_CEM,,2046,,,,,,,0.0,,,,,,,,,,,,,,,
941,0,BAU,,ELEC_TERM,CO2e_CEM,,2047,,,,,,,0.0,,,,,,,,,,,,,,,
941,0,BAU,,ELEC_TERM,CO2e_CEM,,2048,,,,,,,0.0,,,,,,,,,,,,,,,
941,0,BAU,,ELEC_TERM,CO2e_CEM,,2049,,,,,,,0.0,,,,,,,,,,,,,,,
941,0,BAU,,ELEC_TERM,CO2e_CEM,,2050,,,,,,,0.0,,,,,,,,,,,,,,,
941,0,BAU,,ELEC_TERM,CO2e_CEM,,2051,,,,,,,0.0,,,,,,,,,,,,,,,
941,0,BAU,,ELEC_TERM,CO2e_CEM,,2052,,,,,,,0.0,,,,,,,,,,,,,,,
941,0,BAU,,ELEC_TERM,CO2e_CEM,,2053,,,,,,,0.0,,,,,,,,,,,,,,,
941,0,BAU,,ELEC_TERM,CO2e_CEM,,2054,,,,,,,0.0,,,,,,,,,,,,,,,
941,0,BAU,,ELEC_TERM,CO2e_CEM,,2055,,,,,,,0.0,,,,,,,,,,,,,,,
941,0,BAU,,ELEC_TERM,CO2e_CEM,,2056,,,,,,,0.0,,,,,,,,,,,,,,,
941,0,BAU,,ELEC_TERM,CO2e_CEM,,2057,,,,,,,0.0,,,,,,,,,,,,,,,
941,0,BAU,,ELEC_TERM,CO2e_CEM,,2058,,,,,,,0.0,,,,,,,,,,,,,,,
941,0,BAU,,ELEC_TERM,CO2e_CEM,,2059,,,,,,,0.0,,,,,,,,,,,,,,,
941,0,BAU,,ELEC_TERM,CO2e_CEM,,2060,,,,,,,0.0,,,,,,,,,,,,,,,
941,0,BAU,,ELEC_TERM,CO2e_CEM,,2061,,,,,,,0.0,,,,,,,,,,,,,,,
941,0,BAU,,ELEC_TERM,CO2e_CEM,,2062,,,,,,,0.0,,,,,,,,,,,,,,,
941,0,BAU,,ELEC_TERM,CO2e_CEM,,2063,,,,,,,0.0,,,,,,,,,,,,,,,
941,0,BAU,,ELEC_TERM,CO2e_CEM,,2064,,,,,,,0.0,,,,,,,,,,,,,,,
941,0,BAU,,ELEC_TERM,CO2e_CEM,,2065,,,,,,,0.0,,,,,,,,,,,,,,,
941,0,BAU,,ELEC_TERM,CO2e_CEM,,2066,,,,,,,0.0,,,,,,,,,,,,,,,
941,0,BAU,,ELEC_TERM,CO2e_CEM,,2067,,,,,,,0.0,,,,,,,,,,,,,,,
941,0,BAU,,ELEC_TERM,CO2e_CEM,,2068,,,,,,,0.0,,,,,,,,,,,,,,,
941,0,BAU,,ELEC_TERM,CO2e_CEM,,2069,,,,,,,0.0,,,,,,,,,,,,,,,
941,0,BAU,,ELEC_TERM,CO2e_CEM,,2070,,,,,,,0.0,,,,,,,,,,,,,,,
941,0,BAU,,ELEC_CEM,CO2e_CEM,,2018,,,,,,,0.0,,,,,,,,,,,,,,,
941,0,BAU,,ELEC_CEM,CO2e_CEM,,2019,,,,,,,0.0,,,,,,,,,,,,,,,
941,0,BAU,,ELEC_CEM,CO2e_CEM,,2020,,,,,,,0.0,,,,,,,,,,,,,,,
941,0,BAU,,ELEC_CEM,CO2e_CEM,,2021,,,,,,,0.0,,,,,,,,,,,,,,,
941,0,BAU,,ELEC_CEM,CO2e_CEM,,2022,,,,,,,0.0,,,,,,,,,,,,,,,
941,0,BAU,,ELEC_CEM,CO2e_CEM,,2023,,,,,,,0.0,,,,,,,,,,,,,,,
941,0,BAU,,ELEC_CEM,CO2e_CEM,,2024,,,,,,,0.0,,,,,,,,,,,,,,,
941,0,BAU,,ELEC_CEM,CO2e_CEM,,2025,,,,,,,0.0,,,,,,,,,,,,,,,
941,0,BAU,,ELEC_CEM,CO2e_CEM,,2026,,,,,,,0.0,,,,,,,,,,,,,,,
941,0,BAU,,ELEC_CEM,CO2e_CEM,,2027,,,,,,,0.0,,,,,,,,,,,,,,,
941,0,BAU,,ELEC_CEM,CO2e_CEM,,2028,,,,,,,0.0,,,,,,,,,,,,,,,
941,0,BAU,,ELEC_CEM,CO2e_CEM,,2029,,,,,,,0.0,,,,,,,,,,,,,,,
941,0,BAU,,ELEC_CEM,CO2e_CEM,,2030,,,,,,,0.0,,,,,,,,,,,,,,,
941,0,BAU,,ELEC_CEM,CO2e_CEM,,2031,,,,,,,0.0,,,,,,,,,,,,,,,
941,0,BAU,,ELEC_CEM,CO2e_CEM,,2032,,,,,,,0.0,,,,,,,,,,,,,,,
941,0,BAU,,ELEC_CEM,CO2e_CEM,,2033,,,,,,,0.0,,,,,,,,,,,,,,,
941,0,BAU,,ELEC_CEM,CO2e_CEM,,2034,,,,,,,0.0,,,,,,,,,,,,,,,
941,0,BAU,,ELEC_CEM,CO2e_CEM,,2035,,,,,,,0.0,,,,,,,,,,,,,,,
941,0,BAU,,ELEC_CEM,CO2e_CEM,,2036,,,,,,,0.0,,,,,,,,,,,,,,,
941,0,BAU,,ELEC_CEM,CO2e_CEM,,2037,,,,,,,0.0,,,,,,,,,,,,,,,
941,0,BAU,,ELEC_CEM,CO2e_CEM,,2038,,,,,,,0.0,,,,,,,,,,,,,,,
941,0,BAU,,ELEC_CEM,CO2e_CEM,,2039,,,,,,,0.0,,,,,,,,,,,,,,,
941,0,BAU,,ELEC_CEM,CO2e_CEM,,2040,,,,,,,0.0,,,,,,,,,,,,,,,
941,0,BAU,,ELEC_CEM,CO2e_CEM,,2041,,,,,,,0.0,,,,,,,,,,,,,,,
941,0,BAU,,ELEC_CEM,CO2e_CEM,,2042,,,,,,,0.0,,,,,,,,,,,,,,,
941,0,BAU,,ELEC_CEM,CO2e_CEM,,2043,,,,,,,0.0,,,,,,,,,,,,,,,
941,0,BAU,,ELEC_CEM,CO2e_CEM,,2044,,,,,,,0.0,,,,,,,,,,,,,,,
941,0,BAU,,ELEC_CEM,CO2e_CEM,,2045,,,,,,,0.0,,,,,,,,,,,,,,,
941,0,BAU,,ELEC_CEM,CO2e_CEM,,2046,,,,,,,0.0,,,,,,,,,,,,,,,
941,0,BAU,,ELEC_CEM,CO2e_CEM,,2047,,,,,,,0.0,,,,,,,,,,,,,,,
941,0,BAU,,ELEC_CEM,CO2e_CEM,,2048,,,,,,,0.0,,,,,,,,,,,,,,,
941,0,BAU,,ELEC_CEM,CO2e_CEM,,2049,,,,,,,0.0,,,,,,,,,,,,,,,
941,0,BAU,,ELEC_CEM,CO2e_CEM,,2050,,,,,,,0.0,,,,,,,,,,,,,,,
941,0,BAU,,ELEC_CEM,CO2e_CEM,,2051,,,,,,,0.0,,,,,,,,,,,,,,,
941,0,BAU,,ELEC_CEM,CO2e_CEM,,2052,,,,,,,0.0,,,,,,,,,,,,,,,
941,0,BAU,,ELEC_CEM,CO2e_CEM,,2053,,,,,,,0.0,,,,,,,,,,,,,,,
941,0,BAU,,ELEC_CEM,CO2e_CEM,,2054,,,,,,,0.0,,,,,,,,,,,,,,,
941,0,BAU,,ELEC_CEM,CO2e_CEM,,2055,,,,,,,0.0,,,,,,,,,,,,,,,
941,0,BAU,,ELEC_CEM,CO2e_CEM,,2056,,,,,,,0.0,,,,,,,,,,,,,,,
941,0,BAU,,ELEC_CEM,CO2e_CEM,,2057,,,,,,,0.0,,,,,,,,,,,,,,,
941,0,BAU,,ELEC_CEM,CO2e_CEM,,2058,,,,,,,0.0,,,,,,,,,,,,,,,
941,0,BAU,,ELEC_CEM,CO2e_CEM,,2059,,,,,,,0.0,,,,,,,,,,,,,,,
941,0,BAU,,ELEC_CEM,CO2e_CEM,,2060,,,,,,,0.0,,,,,,,,,,,,,,,
941,0,BAU,,ELEC_CEM,CO2e_CEM,,2061,,,,,,,0.0,,,,,,,,,,,,,,,
941,0,BAU,,ELEC_CEM,CO2e_CEM,,2062,,,,,,,0.0,,,,,,,,,,,,,,,
941,0,BAU,,ELEC_CEM,CO2e_CEM,,2063,,,,,,,0.0,,,,,,,,,,,,,,,
941,0,BAU,,ELEC_CEM,CO2e_CEM,,2064,,,,,,,0.0,,,,,,,,,,,,,,,
941,0,BAU,,ELEC_CEM,CO2e_CEM,,2065,,,,,,,0.0,,,,,,,,,,,,,,,
941,0,BAU,,ELEC_CEM,CO2e_CEM,,2066,,,,,,,0.0,,,,,,,,,,,,,,,
941,0,BAU,,ELEC_CEM,CO2e_CEM,,2067,,,,,,,0.0,,,,,,,,,,,,,,,
941,0,BAU,,ELEC_CEM,CO2e_CEM,,2068,,,,,,,0.0,,,,,,,,,,,,,,,
941,0,BAU,,ELEC_CEM,CO2e_CEM,,2069,,,,,,,0.0,,,,,,,,,,,,,,,
941,0,BAU,,ELEC_CEM,CO2e_CEM,,2070,,,,,,,0.0,,,,,,,,,,,,,,,
941,0,BAU,,RAW_MAT_CEM,CO2e_CEM,,2018,,,,,,,0.0,,,,,,,,,,,,,,,
941,0,BAU,,RAW_MAT_CEM,CO2e_CEM,,2019,,,,,,,0.0,,,,,,,,,,,,,,,
941,0,BAU,,RAW_MAT_CEM,CO2e_CEM,,2020,,,,,,,0.0,,,,,,,,,,,,,,,
941,0,BAU,,RAW_MAT_CEM,CO2e_CEM,,2021,,,,,,,0.0,,,,,,,,,,,,,,,
941,0,BAU,,RAW_MAT_CEM,CO2e_CEM,,2022,,,,,,,0.0,,,,,,,,,,,,,,,
941,0,BAU,,RAW_MAT_CEM,CO2e_CEM,,2023,,,,,,,0.0,,,,,,,,,,,,,,,
941,0,BAU,,RAW_MAT_CEM,CO2e_CEM,,2024,,,,,,,0.0,,,,,,,,,,,,,,,
941,0,BAU,,RAW_MAT_CEM,CO2e_CEM,,2025,,,,,,,0.0,,,,,,,,,,,,,,,
941,0,BAU,,RAW_MAT_CEM,CO2e_CEM,,2026,,,,,,,0.0,,,,,,,,,,,,,,,
941,0,BAU,,RAW_MAT_CEM,CO2e_CEM,,2027,,,,,,,0.0,,,,,,,,,,,,,,,
941,0,BAU,,RAW_MAT_CEM,CO2e_CEM,,2028,,,,,,,0.0,,,,,,,,,,,,,,,
941,0,BAU,,RAW_MAT_CEM,CO2e_CEM,,2029,,,,,,,0.0,,,,,,,,,,,,,,,
941,0,BAU,,RAW_MAT_CEM,CO2e_CEM,,2030,,,,,,,0.0,,,,,,,,,,,,,,,
941,0,BAU,,RAW_MAT_CEM,CO2e_CEM,,2031,,,,,,,0.0,,,,,,,,,,,,,,,
941,0,BAU,,RAW_MAT_CEM,CO2e_CEM,,2032,,,,,,,0.0,,,,,,,,,,,,,,,
941,0,BAU,,RAW_MAT_CEM,CO2e_CEM,,2033,,,,,,,0.0,,,,,,,,,,,,,,,
941,0,BAU,,RAW_MAT_CEM,CO2e_CEM,,2034,,,,,,,0.0,,,,,,,,,,,,,,,
941,0,BAU,,RAW_MAT_CEM,CO2e_CEM,,2035,,,,,,,0.0,,,,,,,,,,,,,,,
941,0,BAU,,RAW_MAT_CEM,CO2e_CEM,,2036,,,,,,,0.0,,,,,,,,,,,,,,,
941,0,BAU,,RAW_MAT_CEM,CO2e_CEM,,2037,,,,,,,0.0,,,,,,,,,,,,,,,
941,0,BAU,,RAW_MAT_CEM,CO2e_CEM,,2038,,,,,,,0.0,,,,,,,,,,,,,,,
941,0,BAU,,RAW_MAT_CEM,CO2e_CEM,,2039,,,,,,,0.0,,,,,,,,,,,,,,,
941,0,BAU,,RAW_MAT_CEM,CO2e_CEM,,2040,,,,,,,0.0,,,,,,,,,,,,,,,
941,0,BAU,,RAW_MAT_CEM,CO2e_CEM,,2041,,,,,,,0.0,,,,,,,,,,,,,,,
941,0,BAU,,RAW_MAT_CEM,CO2e_CEM,,2042,,,,,,,0.0,,,,,,,,,,,,,,,
941,0,BAU,,RAW_MAT_CEM,CO2e_CEM,,2043,,,,,,,0.0,,,,,,,,,,,,,,,
941,0,BAU,,RAW_MAT_CEM,CO2e_CEM,,2044,,,,,,,0.0,,,,,,,,,,,,,,,
941,0,BAU,,RAW_MAT_CEM,CO2e_CEM,,2045,,,,,,,0.0,,,,,,,,,,,,,,,
941,0,BAU,,RAW_MAT_CEM,CO2e_CEM,,2046,,,,,,,0.0,,,,,,,,,,,,,,,
941,0,BAU,,RAW_MAT_CEM,CO2e_CEM,,2047,,,,,,,0.0,,,,,,,,,,,,,,,
941,0,BAU,,RAW_MAT_CEM,CO2e_CEM,,2048,,,,,,,0.0,,,,,,,,,,,,,,,
941,0,BAU,,RAW_MAT_CEM,CO2e_CEM,,2049,,,,,,,0.0,,,,,,,,,,,,,,,
941,0,BAU,,RAW_MAT_CEM,CO2e_CEM,,2050,,,,,,,0.0,,,,,,,,,,,,,,,
941,0,BAU,,RAW_MAT_CEM,CO2e_CEM,,2051,,,,,,,0.0,,,,,,,,,,,,,,,
941,0,BAU,,RAW_MAT_CEM,CO2e_CEM,,2052,,,,,,,0.0,,,,,,,,,,,,,,,
941,0,BAU,,RAW_MAT_CEM,CO2e_CEM,,2053,,,,,,,0.0,,,,,,,,,,,,,,,
941,0,BAU,,RAW_MAT_CEM,CO2e_CEM,,2054,,,,,,,0.0,,,,,,,,,,,,,,,
941,0,BAU,,RAW_MAT_CEM,CO2e_CEM,,2055,,,,,,,0.0,,,,,,,,,,,,,,,
941,0,BAU,,RAW_MAT_CEM,CO2e_CEM,,2056,,,,,,,0.0,,,,,,,,,,,,,,,
941,0,BAU,,RAW_MAT_CEM,CO2e_CEM,,2057,,,,,,,0.0,,,,,,,,,,,,,,,
941,0,BAU,,RAW_MAT_CEM,CO2e_CEM,,2058,,,,,,,0.0,,,,,,,,,,,,,,,
941,0,BAU,,RAW_MAT_CEM,CO2e_CEM,,2059,,,,,,,0.0,,,,,,,,,,,,,,,
941,0,BAU,,RAW_MAT_CEM,CO2e_CEM,,2060,,,,,,,0.0,,,,,,,,,,,,,,,
941,0,BAU,,RAW_MAT_CEM,CO2e_CEM,,2061,,,,,,,0.0,,,,,,,,,,,,,,,
941,0,BAU,,RAW_MAT_CEM,CO2e_CEM,,2062,,,,,,,0.0,,,,,,,,,,,,,,,
941,0,BAU,,RAW_MAT_CEM,CO2e_CEM,,2063,,,,,,,0.0,,,,,,,,,,,,,,,
941,0,BAU,,RAW_MAT_CEM,CO2e_CEM,,2064,,,,,,,0.0,,,,,,,,,,,,,,,
941,0,BAU,,RAW_MAT_CEM,CO2e_CEM,,2065,,,,,,,0.0,,,,,,,,,,,,,,,
941,0,BAU,,RAW_MAT_CEM,CO2e_CEM,,2066,,,,,,,0.0,,,,,,,,,,,,,,,
941,0,BAU,,RAW_MAT_CEM,CO2e_CEM,,2067,,,,,,,0.0,,,,,,,,,,,,,,,
941,0,BAU,,RAW_MAT_CEM,CO2e_CEM,,2068,,,,,,,0.0,,,,,,,,,,,,,,,
941,0,BAU,,RAW_MAT_CEM,CO2e_CEM,,2069,,,,,,,0.0,,,,,,,,,,,,,,,
941,0,BAU,,RAW_MAT_CEM,CO2e_CEM,,2070,,,,,,,0.0,,,,,,,,,,,,,,,
941,0,BAU,,PROD_CLK_TRAD,CO2e_CEM,,2018,,,,,,,0.5351532,,,,,,,,,,,,,,,
941,0,BAU,,PROD_CLK_TRAD,CO2e_CEM,,2019,,,,,,,0.5351532,,,,,,,,,,,,,,,
941,0,BAU,,PROD_CLK_TRAD,CO2e_CEM,,2020,,,,,,,0.5351532,,,,,,,,,,,,,,,
941,0,BAU,,PROD_CLK_TRAD,CO2e_CEM,,2021,,,,,,,0.5351532,,,,,,,,,,,,,,,
941,0,BAU,,PROD_CLK_TRAD,CO2e_CEM,,2022,,,,,,,0.5351532,,,,,,,,,,,,,,,
941,0,BAU,,PROD_CLK_TRAD,CO2e_CEM,,2023,,,,,,,0.5351532,,,,,,,,,,,,,,,
941,0,BAU,,PROD_CLK_TRAD,CO2e_CEM,,2024,,,,,,,0.5351532,,,,,,,,,,,,,,,
941,0,BAU,,PROD_CLK_TRAD,CO2e_CEM,,2025,,,,,,,0.5351532,,,,,,,,,,,,,,,
941,0,BAU,,PROD_CLK_TRAD,CO2e_CEM,,2026,,,,,,,0.5351532,,,,,,,,,,,,,,,
941,0,BAU,,PROD_CLK_TRAD,CO2e_CEM,,2027,,,,,,,0.5351532,,,,,,,,,,,,,,,
941,0,BAU,,PROD_CLK_TRAD,CO2e_CEM,,2028,,,,,,,0.5351532,,,,,,,,,,,,,,,
941,0,BAU,,PROD_CLK_TRAD,CO2e_CEM,,2029,,,,,,,0.5351532,,,,,,,,,,,,,,,
941,0,BAU,,PROD_CLK_TRAD,CO2e_CEM,,2030,,,,,,,0.5351532,,,,,,,,,,,,,,,
941,0,BAU,,PROD_CLK_TRAD,CO2e_CEM,,2031,,,,,,,0.5351532,,,,,,,,,,,,,,,
941,0,BAU,,PROD_CLK_TRAD,CO2e_CEM,,2032,,,,,,,0.5351532,,,,,,,,,,,,,,,
941,0,BAU,,PROD_CLK_TRAD,CO2e_CEM,,2033,,,,,,,0.5351532,,,,,,,,,,,,,,,
941,0,BAU,,PROD_CLK_TRAD,CO2e_CEM,,2034,,,,,,,0.5351532,,,,,,,,,,,,,,,
941,0,BAU,,PROD_CLK_TRAD,CO2e_CEM,,2035,,,,,,,0.5351532,,,,,,,,,,,,,,,
941,0,BAU,,PROD_CLK_TRAD,CO2e_CEM,,2036,,,,,,,0.5351532,,,,,,,,,,,,,,,
941,0,BAU,,PROD_CLK_TRAD,CO2e_CEM,,2037,,,,,,,0.5351532,,,,,,,,,,,,,,,
941,0,BAU,,PROD_CLK_TRAD,CO2e_CEM,,2038,,,,,,,0.5351532,,,,,,,,,,,,,,,
941,0,BAU,,PROD_CLK_TRAD,CO2e_CEM,,2039,,,,,,,0.5351532,,,,,,,,,,,,,,,
941,0,BAU,,PROD_CLK_TRAD,CO2e_CEM,,2040,,,,,,,0.5351532,,,,,,,,,,,,,,,
941,0,BAU,,PROD_CLK_TRAD,CO2e_CEM,,2041,,,,,,,0.5351532,,,,,,,,,,,,,,,
941,0,BAU,,PROD_CLK_TRAD,CO2e_CEM,,2042,,,,,,,0.5351532,,,,,,,,,,,,,,,
941,0,BAU,,PROD_CLK_TRAD,CO2e_CEM,,2043,,,,,,,0.5351532,,,,,,,,,,,,,,,
941,0,BAU,,PROD_CLK_TRAD,CO2e_CEM,,2044,,,,,,,0.5351532,,,,,,,,,,,,,,,
941,0,BAU,,PROD_CLK_TRAD,CO2e_CEM,,2045,,,,,,,0.5351532,,,,,,,,,,,,,,,
941,0,BAU,,PROD_CLK_TRAD,CO2e_CEM,,2046,,,,,,,0.5351532,,,,,,,,,,,,,,,
941,0,BAU,,PROD_CLK_TRAD,CO2e_CEM,,2047,,,,,,,0.5351532,,,,,,,,,,,,,,,
941,0,BAU,,PROD_CLK_TRAD,CO2e_CEM,,2048,,,,,,,0.5351532,,,,,,,,,,,,,,,
941,0,BAU,,PROD_CLK_TRAD,CO2e_CEM,,2049,,,,,,,0.5351532,,,,,,,,,,,,,,,
941,0,BAU,,PROD_CLK_TRAD,CO2e_CEM,,2050,,,,,,,0.5351532,,,,,,,,,,,,,,,
941,0,BAU,,PROD_CLK_TRAD,CO2e_CEM,,2051,,,,,,,0.5351532,,,,,,,,,,,,,,,
941,0,BAU,,PROD_CLK_TRAD,CO2e_CEM,,2052,,,,,,,0.5351532,,,,,,,,,,,,,,,
941,0,BAU,,PROD_CLK_TRAD,CO2e_CEM,,2053,,,,,,,0.5351532,,,,,,,,,,,,,,,
941,0,BAU,,PROD_CLK_TRAD,CO2e_CEM,,2054,,,,,,,0.5351532,,,,,,,,,,,,,,,
941,0,BAU,,PROD_CLK_TRAD,CO2e_CEM,,2055,,,,,,,0.5351532,,,,,,,,,,,,,,,
941,0,BAU,,PROD_CLK_TRAD,CO2e_CEM,,2056,,,,,,,0.5351532,,,,,,,,,,,,,,,
941,0,BAU,,PROD_CLK_TRAD,CO2e_CEM,,2057,,,,,,,0.5351532,,,,,,,,,,,,,,,
941,0,BAU,,PROD_CLK_TRAD,CO2e_CEM,,2058,,,,,,,0.5351532,,,,,,,,,,,,,,,
941,0,BAU,,PROD_CLK_TRAD,CO2e_CEM,,2059,,,,,,,0.5351532,,,,,,,,,,,,,,,
941,0,BAU,,PROD_CLK_TRAD,CO2e_CEM,,2060,,,,,,,0.5351532,,,,,,,,,,,,,,,
941,0,BAU,,PROD_CLK_TRAD,CO2e_CEM,,2061,,,,,,,0.5351532,,,,,,,,,,,,,,,
941,0,BAU,,PROD_CLK_TRAD,CO2e_CEM,,2062,,,,,,,0.5351532,,,,,,,,,,,,,,,
941,0,BAU,,PROD_CLK_TRAD,CO2e_CEM,,2063,,,,,,,0.5351532,,,,,,,,,,,,,,,
941,0,BAU,,PROD_CLK_TRAD,CO2e_CEM,,2064,,,,,,,0.5351532,,,,,,,,,,,,,,,
941,0,BAU,,PROD_CLK_TRAD,CO2e_CEM,,2065,,,,,,,0.5351532,,,,,,,,,,,,,,,
941,0,BAU,,PROD_CLK_TRAD,CO2e_CEM,,2066,,,,,,,0.5351532,,,,,,,,,,,,,,,
941,0,BAU,,PROD_CLK_TRAD,CO2e_CEM,,2067,,,,,,,0.5351532,,,,,,,,,,,,,,,
941,0,BAU,,PROD_CLK_TRAD,CO2e_CEM,,2068,,,,,,,0.5351532,,,,,,,,,,,,,,,
941,0,BAU,,PROD_CLK_TRAD,CO2e_CEM,,2069,,,,,,,0.5351532,,,,,,,,,,,,,,,
941,0,BAU,,PROD_CLK_TRAD,CO2e_CEM,,2070,,,,,,,0.5351532,,,,,,,,,,,,,,,
941,0,BAU,,PROD_CLK_ELEC,CO2e_CEM,,2018,,,,,,,0.5351532,,,,,,,,,,,,,,,
941,0,BAU,,PROD_CLK_ELEC,CO2e_CEM,,2019,,,,,,,0.5351532,,,,,,,,,,,,,,,
941,0,BAU,,PROD_CLK_ELEC,CO2e_CEM,,2020,,,,,,,0.5351532,,,,,,,,,,,,,,,
941,0,BAU,,PROD_CLK_ELEC,CO2e_CEM,,2021,,,,,,,0.5351532,,,,,,,,,,,,,,,
941,0,BAU,,PROD_CLK_ELEC,CO2e_CEM,,2022,,,,,,,0.5351532,,,,,,,,,,,,,,,
941,0,BAU,,PROD_CLK_ELEC,CO2e_CEM,,2023,,,,,,,0.5351532,,,,,,,,,,,,,,,
941,0,BAU,,PROD_CLK_ELEC,CO2e_CEM,,2024,,,,,,,0.5351532,,,,,,,,,,,,,,,
941,0,BAU,,PROD_CLK_ELEC,CO2e_CEM,,2025,,,,,,,0.5351532,,,,,,,,,,,,,,,
941,0,BAU,,PROD_CLK_ELEC,CO2e_CEM,,2026,,,,,,,0.5351532,,,,,,,,,,,,,,,
941,0,BAU,,PROD_CLK_ELEC,CO2e_CEM,,2027,,,,,,,0.5351532,,,,,,,,,,,,,,,
941,0,BAU,,PROD_CLK_ELEC,CO2e_CEM,,2028,,,,,,,0.5351532,,,,,,,,,,,,,,,
941,0,BAU,,PROD_CLK_ELEC,CO2e_CEM,,2029,,,,,,,0.5351532,,,,,,,,,,,,,,,
941,0,BAU,,PROD_CLK_ELEC,CO2e_CEM,,2030,,,,,,,0.5351532,,,,,,,,,,,,,,,
941,0,BAU,,PROD_CLK_ELEC,CO2e_CEM,,2031,,,,,,,0.5351532,,,,,,,,,,,,,,,
941,0,BAU,,PROD_CLK_ELEC,CO2e_CEM,,2032,,,,,,,0.5351532,,,,,,,,,,,,,,,
941,0,BAU,,PROD_CLK_ELEC,CO2e_CEM,,2033,,,,,,,0.5351532,,,,,,,,,,,,,,,
941,0,BAU,,PROD_CLK_ELEC,CO2e_CEM,,2034,,,,,,,0.5351532,,,,,,,,,,,,,,,
941,0,BAU,,PROD_CLK_ELEC,CO2e_CEM,,2035,,,,,,,0.5351532,,,,,,,,,,,,,,,
941,0,BAU,,PROD_CLK_ELEC,CO2e_CEM,,2036,,,,,,,0.5351532,,,,,,,,,,,,,,,
941,0,BAU,,PROD_CLK_ELEC,CO2e_CEM,,2037,,,,,,,0.5351532,,,,,,,,,,,,,,,
941,0,BAU,,PROD_CLK_ELEC,CO2e_CEM,,2038,,,,,,,0.5351532,,,,,,,,,,,,,,,
941,0,BAU,,PROD_CLK_ELEC,CO2e_CEM,,2039,,,,,,,0.5351532,,,,,,,,,,,,,,,
941,0,BAU,,PROD_CLK_ELEC,CO2e_CEM,,2040,,,,,,,0.5351532,,,,,,,,,,,,,,,
941,0,BAU,,PROD_CLK_ELEC,CO2e_CEM,,2041,,,,,,,0.5351532,,,,,,,,,,,,,,,
941,0,BAU,,PROD_CLK_ELEC,CO2e_CEM,,2042,,,,,,,0.5351532,,,,,,,,,,,,,,,
941,0,BAU,,PROD_CLK_ELEC,CO2e_CEM,,2043,,,,,,,0.5351532,,,,,,,,,,,,,,,
941,0,BAU,,PROD_CLK_ELEC,CO2e_CEM,,2044,,,,,,,0.5351532,,,,,,,,,,,,,,,
941,0,BAU,,PROD_CLK_ELEC,CO2e_CEM,,2045,,,,,,,0.5351532,,,,,,,,,,,,,,,
941,0,BAU,,PROD_CLK_ELEC,CO2e_CEM,,2046,,,,,,,0.5351532,,,,,,,,,,,,,,,
941,0,BAU,,PROD_CLK_ELEC,CO2e_CEM,,2047,,,,,,,0.5351532,,,,,,,,,,,,,,,
941,0,BAU,,PROD_CLK_ELEC,CO2e_CEM,,2048,,,,,,,0.5351532,,,,,,,,,,,,,,,
941,0,BAU,,PROD_CLK_ELEC,CO2e_CEM,,2049,,,,,,,0.5351532,,,,,,,,,,,,,,,
941,0,BAU,,PROD_CLK_ELEC,CO2e_CEM,,2050,,,,,,,0.5351532,,,,,,,,,,,,,,,
941,0,BAU,,PROD_CLK_ELEC,CO2e_CEM,,2051,,,,,,,0.5351532,,,,,,,,,,,,,,,
941,0,BAU,,PROD_CLK_ELEC,CO2e_CEM,,2052,,,,,,,0.5351532,,,,,,,,,,,,,,,
941,0,BAU,,PROD_CLK_ELEC,CO2e_CEM,,2053,,,,,,,0.5351532,,,,,,,,,,,,,,,
941,0,BAU,,PROD_CLK_ELEC,CO2e_CEM,,2054,,,,,,,0.5351532,,,,,,,,,,,,,,,
941,0,BAU,,PROD_CLK_ELEC,CO2e_CEM,,2055,,,,,,,0.5351532,,,,,,,,,,,,,,,
941,0,BAU,,PROD_CLK_ELEC,CO2e_CEM,,2056,,,,,,,0.5351532,,,,,,,,,,,,,,,
941,0,BAU,,PROD_CLK_ELEC,CO2e_CEM,,2057,,,,,,,0.5351532,,,,,,,,,,,,,,,
941,0,BAU,,PROD_CLK_ELEC,CO2e_CEM,,2058,,,,,,,0.5351532,,,,,,,,,,,,,,,
941,0,BAU,,PROD_CLK_ELEC,CO2e_CEM,,2059,,,,,,,0.5351532,,,,,,,,,,,,,,,
941,0,BAU,,PROD_CLK_ELEC,CO2e_CEM,,2060,,,,,,,0.5351532,,,,,,,,,,,,,,,
941,0,BAU,,PROD_CLK_ELEC,CO2e_CEM,,2061,,,,,,,0.5351532,,,,,,,,,,,,,,,
941,0,BAU,,PROD_CLK_ELEC,CO2e_CEM,,2062,,,,,,,0.5351532,,,,,,,,,,,,,,,
941,0,BAU,,PROD_CLK_ELEC,CO2e_CEM,,2063,,,,,,,0.5351532,,,,,,,,,,,,,,,
941,0,BAU,,PROD_CLK_ELEC,CO2e_CEM,,2064,,,,,,,0.5351532,,,,,,,,,,,,,,,
941,0,BAU,,PROD_CLK_ELEC,CO2e_CEM,,2065,,,,,,,0.5351532,,,,,,,,,,,,,,,
941,0,BAU,,PROD_CLK_ELEC,CO2e_CEM,,2066,,,,,,,0.5351532,,,,,,,,,,,,,,,
941,0,BAU,,PROD_CLK_ELEC,CO2e_CEM,,2067,,,,,,,0.5351532,,,,,,,,,,,,,,,
941,0,BAU,,PROD_CLK_ELEC,CO2e_CEM,,2068,,,,,,,0.5351532,,,,,,,,,,,,,,,
941,0,BAU,,PROD_CLK_ELEC,CO2e_CEM,,2069,,,,,,,0.5351532,,,,,,,,,,,,,,,
941,0,BAU,,PROD_CLK_ELEC,CO2e_CEM,,2070,,,,,,,0.5351532,,,,,,,,,,,,,,,
941,0,BAU,,PROD_CEM,CO2e_CEM,,2018,,,,,,,0.0,,,,,,,,,,,,,,,
941,0,BAU,,PROD_CEM,CO2e_CEM,,2019,,,,,,,0.0,,,,,,,,,,,,,,,
941,0,BAU,,PROD_CEM,CO2e_CEM,,2020,,,,,,,0.0,,,,,,,,,,,,,,,
941,0,BAU,,PROD_CEM,CO2e_CEM,,2021,,,,,,,0.0,,,,,,,,,,,,,,,
941,0,BAU,,PROD_CEM,CO2e_CEM,,2022,,,,,,,0.0,,,,,,,,,,,,,,,
941,0,BAU,,PROD_CEM,CO2e_CEM,,2023,,,,,,,0.0,,,,,,,,,,,,,,,
941,0,BAU,,PROD_CEM,CO2e_CEM,,2024,,,,,,,0.0,,,,,,,,,,,,,,,
941,0,BAU,,PROD_CEM,CO2e_CEM,,2025,,,,,,,0.0,,,,,,,,,,,,,,,
941,0,BAU,,PROD_CEM,CO2e_CEM,,2026,,,,,,,0.0,,,,,,,,,,,,,,,
941,0,BAU,,PROD_CEM,CO2e_CEM,,2027,,,,,,,0.0,,,,,,,,,,,,,,,
941,0,BAU,,PROD_CEM,CO2e_CEM,,2028,,,,,,,0.0,,,,,,,,,,,,,,,
941,0,BAU,,PROD_CEM,CO2e_CEM,,2029,,,,,,,0.0,,,,,,,,,,,,,,,
941,0,BAU,,PROD_CEM,CO2e_CEM,,2030,,,,,,,0.0,,,,,,,,,,,,,,,
941,0,BAU,,PROD_CEM,CO2e_CEM,,2031,,,,,,,0.0,,,,,,,,,,,,,,,
941,0,BAU,,PROD_CEM,CO2e_CEM,,2032,,,,,,,0.0,,,,,,,,,,,,,,,
941,0,BAU,,PROD_CEM,CO2e_CEM,,2033,,,,,,,0.0,,,,,,,,,,,,,,,
941,0,BAU,,PROD_CEM,CO2e_CEM,,2034,,,,,,,0.0,,,,,,,,,,,,,,,
941,0,BAU,,PROD_CEM,CO2e_CEM,,2035,,,,,,,0.0,,,,,,,,,,,,,,,
941,0,BAU,,PROD_CEM,CO2e_CEM,,2036,,,,,,,0.0,,,,,,,,,,,,,,,
941,0,BAU,,PROD_CEM,CO2e_CEM,,2037,,,,,,,0.0,,,,,,,,,,,,,,,
941,0,BAU,,PROD_CEM,CO2e_CEM,,2038,,,,,,,0.0,,,,,,,,,,,,,,,
941,0,BAU,,PROD_CEM,CO2e_CEM,,2039,,,,,,,0.0,,,,,,,,,,,,,,,
941,0,BAU,,PROD_CEM,CO2e_CEM,,2040,,,,,,,0.0,,,,,,,,,,,,,,,
941,0,BAU,,PROD_CEM,CO2e_CEM,,2041,,,,,,,0.0,,,,,,,,,,,,,,,
941,0,BAU,,PROD_CEM,CO2e_CEM,,2042,,,,,,,0.0,,,,,,,,,,,,,,,
941,0,BAU,,PROD_CEM,CO2e_CEM,,2043,,,,,,,0.0,,,,,,,,,,,,,,,
941,0,BAU,,PROD_CEM,CO2e_CEM,,2044,,,,,,,0.0,,,,,,,,,,,,,,,
941,0,BAU,,PROD_CEM,CO2e_CEM,,2045,,,,,,,0.0,,,,,,,,,,,,,,,
941,0,BAU,,PROD_CEM,CO2e_CEM,,2046,,,,,,,0.0,,,,,,,,,,,,,,,
941,0,BAU,,PROD_CEM,CO2e_CEM,,2047,,,,,,,0.0,,,,,,,,,,,,,,,
941,0,BAU,,PROD_CEM,CO2e_CEM,,2048,,,,,,,0.0,,,,,,,,,,,,,,,
941,0,BAU,,PROD_CEM,CO2e_CEM,,2049,,,,,,,0.0,,,,,,,,,,,,,,,
941,0,BAU,,PROD_CEM,CO2e_CEM,,2050,,,,,,,0.0,,,,,,,,,,,,,,,
941,0,BAU,,PROD_CEM,CO2e_CEM,,2051,,,,,,,0.0,,,,,,,,,,,,,,,
941,0,BAU,,PROD_CEM,CO2e_CEM,,2052,,,,,,,0.0,,,,,,,,,,,,,,,
941,0,BAU,,PROD_CEM,CO2e_CEM,,2053,,,,,,,0.0,,,,,,,,,,,,,,,
941,0,BAU,,PROD_CEM,CO2e_CEM,,2054,,,,,,,0.0,,,,,,,,,,,,,,,
941,0,BAU,,PROD_CEM,CO2e_CEM,,2055,,,,,,,0.0,,,,,,,,,,,,,,,
941,0,BAU,,PROD_CEM,CO2e_CEM,,2056,,,,,,,0.0,,,,,,,,,,,,,,,
941,0,BAU,,PROD_CEM,CO2e_CEM,,2057,,,,,,,0.0,,,,,,,,,,,,,,,
941,0,BAU,,PROD_CEM,CO2e_CEM,,2058,,,,,,,0.0,,,,,,,,,,,,,,,
941,0,BAU,,PROD_CEM,CO2e_CEM,,2059,,,,,,,0.0,,,,,,,,,,,,,,,
941,0,BAU,,PROD_CEM,CO2e_CEM,,2060,,,,,,,0.0,,,,,,,,,,,,,,,
941,0,BAU,,PROD_CEM,CO2e_CEM,,2061,,,,,,,0.0,,,,,,,,,,,,,,,
941,0,BAU,,PROD_CEM,CO2e_CEM,,2062,,,,,,,0.0,,,,,,,,,,,,,,,
941,0,BAU,,PROD_CEM,CO2e_CEM,,2063,,,,,,,0.0,,,,,,,,,,,,,,,
941,0,BAU,,PROD_CEM,CO2e_CEM,,2064,,,,,,,0.0,,,,,,,,,,,,,,,
941,0,BAU,,PROD_CEM,CO2e_CEM,,2065,,,,,,,0.0,,,,,,,,,,,,,,,
941,0,BAU,,PROD_CEM,CO2e_CEM,,2066,,,,,,,0.0,,,,,,,,,,,,,,,
941,0,BAU,,PROD_CEM,CO2e_CEM,,2067,,,,,,,0.0,,,,,,,,,,,,,,,
941,0,BAU,,PROD_CEM,CO2e_CEM,,2068,,,,,,,0.0,,,,,,,,,,,,,,,
941,0,BAU,,PROD_CEM,CO2e_CEM,,2069,,,,,,,0.0,,,,,,,,,,,,,,,
941,0,BAU,,PROD_CEM,CO2e_CEM,,2070,,,,,,,0.0,,,,,,,,,,,,,,,
941,0,BAU,,REST_PI,CO2e_RESTO,,2018,,,,,,,1.0,,,,,,,,,,,,,,,
941,0,BAU,,REST_PI,CO2e_RESTO,,2019,,,,,,,1.0,,,,,,,,,,,,,,,
941,0,BAU,,REST_PI,CO2e_RESTO,,2020,,,,,,,1.0,,,,,,,,,,,,,,,
941,0,BAU,,REST_PI,CO2e_RESTO,,2021,,,,,,,1.0,,,,,,,,,,,,,,,
941,0,BAU,,REST_PI,CO2e_RESTO,,2022,,,,,,,1.0,,,,,,,,,,,,,,,
941,0,BAU,,REST_PI,CO2e_RESTO,,2023,,,,,,,1.0,,,,,,,,,,,,,,,
941,0,BAU,,REST_PI,CO2e_RESTO,,2024,,,,,,,1.0,,,,,,,,,,,,,,,
941,0,BAU,,REST_PI,CO2e_RESTO,,2025,,,,,,,1.0,,,,,,,,,,,,,,,
941,0,BAU,,REST_PI,CO2e_RESTO,,2026,,,,,,,1.0,,,,,,,,,,,,,,,
941,0,BAU,,REST_PI,CO2e_RESTO,,2027,,,,,,,1.0,,,,,,,,,,,,,,,
941,0,BAU,,REST_PI,CO2e_RESTO,,2028,,,,,,,1.0,,,,,,,,,,,,,,,
941,0,BAU,,REST_PI,CO2e_RESTO,,2029,,,,,,,1.0,,,,,,,,,,,,,,,
941,0,BAU,,REST_PI,CO2e_RESTO,,2030,,,,,,,1.0,,,,,,,,,,,,,,,
941,0,BAU,,REST_PI,CO2e_RESTO,,2031,,,,,,,1.0,,,,,,,,,,,,,,,
941,0,BAU,,REST_PI,CO2e_RESTO,,2032,,,,,,,1.0,,,,,,,,,,,,,,,
941,0,BAU,,REST_PI,CO2e_RESTO,,2033,,,,,,,1.0,,,,,,,,,,,,,,,
941,0,BAU,,REST_PI,CO2e_RESTO,,2034,,,,,,,1.0,,,,,,,,,,,,,,,
941,0,BAU,,REST_PI,CO2e_RESTO,,2035,,,,,,,1.0,,,,,,,,,,,,,,,
941,0,BAU,,REST_PI,CO2e_RESTO,,2036,,,,,,,1.0,,,,,,,,,,,,,,,
941,0,BAU,,REST_PI,CO2e_RESTO,,2037,,,,,,,1.0,,,,,,,,,,,,,,,
941,0,BAU,,REST_PI,CO2e_RESTO,,2038,,,,,,,1.0,,,,,,,,,,,,,,,
941,0,BAU,,REST_PI,CO2e_RESTO,,2039,,,,,,,1.0,,,,,,,,,,,,,,,
941,0,BAU,,REST_PI,CO2e_RESTO,,2040,,,,,,,1.0,,,,,,,,,,,,,,,
941,0,BAU,,REST_PI,CO2e_RESTO,,2041,,,,,,,1.0,,,,,,,,,,,,,,,
941,0,BAU,,REST_PI,CO2e_RESTO,,2042,,,,,,,1.0,,,,,,,,,,,,,,,
941,0,BAU,,REST_PI,CO2e_RESTO,,2043,,,,,,,1.0,,,,,,,,,,,,,,,
941,0,BAU,,REST_PI,CO2e_RESTO,,2044,,,,,,,1.0,,,,,,,,,,,,,,,
941,0,BAU,,REST_PI,CO2e_RESTO,,2045,,,,,,,1.0,,,,,,,,,,,,,,,
941,0,BAU,,REST_PI,CO2e_RESTO,,2046,,,,,,,1.0,,,,,,,,,,,,,,,
941,0,BAU,,REST_PI,CO2e_RESTO,,2047,,,,,,,1.0,,,,,,,,,,,,,,,
941,0,BAU,,REST_PI,CO2e_RESTO,,2048,,,,,,,1.0,,,,,,,,,,,,,,,
941,0,BAU,,REST_PI,CO2e_RESTO,,2049,,,,,,,1.0,,,,,,,,,,,,,,,
941,0,BAU,,REST_PI,CO2e_RESTO,,2050,,,,,,,1.0,,,,,,,,,,,,,,,
941,0,BAU,,REST_PI,CO2e_RESTO,,2051,,,,,,,1.0,,,,,,,,,,,,,,,
941,0,BAU,,REST_PI,CO2e_RESTO,,2052,,,,,,,1.0,,,,,,,,,,,,,,,
941,0,BAU,,REST_PI,CO2e_RESTO,,2053,,,,,,,1.0,,,,,,,,,,,,,,,
941,0,BAU,,REST_PI,CO2e_RESTO,,2054,,,,,,,1.0,,,,,,,,,,,,,,,
941,0,BAU,,REST_PI,CO2e_RESTO,,2055,,,,,,,1.0,,,,,,,,,,,,,,,
941,0,BAU,,REST_PI,CO2e_RESTO,,2056,,,,,,,1.0,,,,,,,,,,,,,,,
941,0,BAU,,REST_PI,CO2e_RESTO,,2057,,,,,,,1.0,,,,,,,,,,,,,,,
941,0,BAU,,REST_PI,CO2e_RESTO,,2058,,,,,,,1.0,,,,,,,,,,,,,,,
941,0,BAU,,REST_PI,CO2e_RESTO,,2059,,,,,,,1.0,,,,,,,,,,,,,,,
941,0,BAU,,REST_PI,CO2e_RESTO,,2060,,,,,,,1.0,,,,,,,,,,,,,,,
941,0,BAU,,REST_PI,CO2e_RESTO,,2061,,,,,,,1.0,,,,,,,,,,,,,,,
941,0,BAU,,REST_PI,CO2e_RESTO,,2062,,,,,,,1.0,,,,,,,,,,,,,,,
941,0,BAU,,REST_PI,CO2e_RESTO,,2063,,,,,,,1.0,,,,,,,,,,,,,,,
941,0,BAU,,REST_PI,CO2e_RESTO,,2064,,,,,,,1.0,,,,,,,,,,,,,,,
941,0,BAU,,REST_PI,CO2e_RESTO,,2065,,,,,,,1.0,,,,,,,,,,,,,,,
941,0,BAU,,REST_PI,CO2e_RESTO,,2066,,,,,,,1.0,,,,,,,,,,,,,,,
941,0,BAU,,REST_PI,CO2e_RESTO,,2067,,,,,,,1.0,,,,,,,,,,,,,,,
941,0,BAU,,REST_PI,CO2e_RESTO,,2068,,,,,,,1.0,,,,,,,,,,,,,,,
941,0,BAU,,REST_PI,CO2e_RESTO,,2069,,,,,,,1.0,,,,,,,,,,,,,,,
941,0,BAU,,REST_PI,CO2e_RESTO,,2070,,,,,,,1.0,,,,,,,,,,,,,,,
941,0,BAU,,ENE_TERM,,,2018,,,,,,,,,0.0,,,,,,,,,,,,,
941,0,BAU,,ENE_TERM,,,2019,,,,,,,,,0.0,,,,,,,,,,,,,
941,0,BAU,,ENE_TERM,,,2020,,,,,,,,,0.0,,,,,,,,,,,,,
941,0,BAU,,ENE_TERM,,,2021,,,,,,,,,0.0,,,,,,,,,,,,,
941,0,BAU,,ENE_TERM,,,2022,,,,,,,,,0.0,,,,,,,,,,,,,
941,0,BAU,,ENE_TERM,,,2023,,,,,,,,,0.0,,,,,,,,,,,,,
941,0,BAU,,ENE_TERM,,,2024,,,,,,,,,0.0,,,,,,,,,,,,,
941,0,BAU,,ENE_TERM,,,2025,,,,,,,,,0.0,,,,,,,,,,,,,
941,0,BAU,,ENE_TERM,,,2026,,,,,,,,,0.0,,,,,,,,,,,,,
941,0,BAU,,ENE_TERM,,,2027,,,,,,,,,0.0,,,,,,,,,,,,,
941,0,BAU,,ENE_TERM,,,2028,,,,,,,,,0.0,,,,,,,,,,,,,
941,0,BAU,,ENE_TERM,,,2029,,,,,,,,,0.0,,,,,,,,,,,,,
941,0,BAU,,ENE_TERM,,,2030,,,,,,,,,0.0,,,,,,,,,,,,,
941,0,BAU,,ENE_TERM,,,2031,,,,,,,,,0.0,,,,,,,,,,,,,
941,0,BAU,,ENE_TERM,,,2032,,,,,,,,,0.0,,,,,,,,,,,,,
941,0,BAU,,ENE_TERM,,,2033,,,,,,,,,0.0,,,,,,,,,,,,,
941,0,BAU,,ENE_TERM,,,2034,,,,,,,,,0.0,,,,,,,,,,,,,
941,0,BAU,,ENE_TERM,,,2035,,,,,,,,,0.0,,,,,,,,,,,,,
941,0,BAU,,ENE_TERM,,,2036,,,,,,,,,0.0,,,,,,,,,,,,,
941,0,BAU,,ENE_TERM,,,2037,,,,,,,,,0.0,,,,,,,,,,,,,
941,0,BAU,,ENE_TERM,,,2038,,,,,,,,,0.0,,,,,,,,,,,,,
941,0,BAU,,ENE_TERM,,,2039,,,,,,,,,0.0,,,,,,,,,,,,,
941,0,BAU,,ENE_TERM,,,2040,,,,,,,,,0.0,,,,,,,,,,,,,
941,0,BAU,,ENE_TERM,,,2041,,,,,,,,,0.0,,,,,,,,,,,,,
941,0,BAU,,ENE_TERM,,,2042,,,,,,,,,0.0,,,,,,,,,,,,,
941,0,BAU,,ENE_TERM,,,2043,,,,,,,,,0.0,,,,,,,,,,,,,
941,0,BAU,,ENE_TERM,,,2044,,,,,,,,,0.0,,,,,,,,,,,,,
941,0,BAU,,ENE_TERM,,,2045,,,,,,,,,0.0,,,,,,,,,,,,,
941,0,BAU,,ENE_TERM,,,2046,,,,,,,,,0.0,,,,,,,,,,,,,
941,0,BAU,,ENE_TERM,,,2047,,,,,,,,,0.0,,,,,,,,,,,,,
941,0,BAU,,ENE_TERM,,,2048,,,,,,,,,0.0,,,,,,,,,,,,,
941,0,BAU,,ENE_TERM,,,2049,,,,,,,,,0.0,,,,,,,,,,,,,
941,0,BAU,,ENE_TERM,,,2050,,,,,,,,,0.0,,,,,,,,,,,,,
941,0,BAU,,ENE_TERM,,,2051,,,,,,,,,0.0,,,,,,,,,,,,,
941,0,BAU,,ENE_TERM,,,2052,,,,,,,,,0.0,,,,,,,,,,,,,
941,0,BAU,,ENE_TERM,,,2053,,,,,,,,,0.0,,,,,,,,,,,,,
941,0,BAU,,ENE_TERM,,,2054,,,,,,,,,0.0,,,,,,,,,,,,,
941,0,BAU,,ENE_TERM,,,2055,,,,,,,,,0.0,,,,,,,,,,,,,
941,0,BAU,,ENE_TERM,,,2056,,,,,,,,,0.0,,,,,,,,,,,,,
941,0,BAU,,ENE_TERM,,,2057,,,,,,,,,0.0,,,,,,,,,,,,,
941,0,BAU,,ENE_TERM,,,2058,,,,,,,,,0.0,,,,,,,,,,,,,
941,0,BAU,,ENE_TERM,,,2059,,,,,,,,,0.0,,,,,,,,,,,,,
941,0,BAU,,ENE_TERM,,,2060,,,,,,,,,0.0,,,,,,,,,,,,,
941,0,BAU,,ENE_TERM,,,2061,,,,,,,,,0.0,,,,,,,,,,,,,
941,0,BAU,,ENE_TERM,,,2062,,,,,,,,,0.0,,,,,,,,,,,,,
941,0,BAU,,ENE_TERM,,,2063,,,,,,,,,0.0,,,,,,,,,,,,,
941,0,BAU,,ENE_TERM,,,2064,,,,,,,,,0.0,,,,,,,,,,,,,
941,0,BAU,,ENE_TERM,,,2065,,,,,,,,,0.0,,,,,,,,,,,,,
941,0,BAU,,ENE_TERM,,,2066,,,,,,,,,0.0,,,,,,,,,,,,,
941,0,BAU,,ENE_TERM,,,2067,,,,,,,,,0.0,,,,,,,,,,,,,
941,0,BAU,,ENE_TERM,,,2068,,,,,,,,,0.0,,,,,,,,,,,,,
941,0,BAU,,ENE_TERM,,,2069,,,,,,,,,0.0,,,,,,,,,,,,,
941,0,BAU,,ENE_TERM,,,2070,,,,,,,,,0.0,,,,,,,,,,,,,
941,0,BAU,,RAW_MAT_CLK,,,2018,,,,,,,,,0.0,,,,,,,,,,,,,
941,0,BAU,,RAW_MAT_CLK,,,2019,,,,,,,,,0.0,,,,,,,,,,,,,
941,0,BAU,,RAW_MAT_CLK,,,2020,,,,,,,,,0.0,,,,,,,,,,,,,
941,0,BAU,,RAW_MAT_CLK,,,2021,,,,,,,,,0.0,,,,,,,,,,,,,
941,0,BAU,,RAW_MAT_CLK,,,2022,,,,,,,,,0.0,,,,,,,,,,,,,
941,0,BAU,,RAW_MAT_CLK,,,2023,,,,,,,,,0.0,,,,,,,,,,,,,
941,0,BAU,,RAW_MAT_CLK,,,2024,,,,,,,,,0.0,,,,,,,,,,,,,
941,0,BAU,,RAW_MAT_CLK,,,2025,,,,,,,,,0.0,,,,,,,,,,,,,
941,0,BAU,,RAW_MAT_CLK,,,2026,,,,,,,,,0.0,,,,,,,,,,,,,
941,0,BAU,,RAW_MAT_CLK,,,2027,,,,,,,,,0.0,,,,,,,,,,,,,
941,0,BAU,,RAW_MAT_CLK,,,2028,,,,,,,,,0.0,,,,,,,,,,,,,
941,0,BAU,,RAW_MAT_CLK,,,2029,,,,,,,,,0.0,,,,,,,,,,,,,
941,0,BAU,,RAW_MAT_CLK,,,2030,,,,,,,,,0.0,,,,,,,,,,,,,
941,0,BAU,,RAW_MAT_CLK,,,2031,,,,,,,,,0.0,,,,,,,,,,,,,
941,0,BAU,,RAW_MAT_CLK,,,2032,,,,,,,,,0.0,,,,,,,,,,,,,
941,0,BAU,,RAW_MAT_CLK,,,2033,,,,,,,,,0.0,,,,,,,,,,,,,
941,0,BAU,,RAW_MAT_CLK,,,2034,,,,,,,,,0.0,,,,,,,,,,,,,
941,0,BAU,,RAW_MAT_CLK,,,2035,,,,,,,,,0.0,,,,,,,,,,,,,
941,0,BAU,,RAW_MAT_CLK,,,2036,,,,,,,,,0.0,,,,,,,,,,,,,
941,0,BAU,,RAW_MAT_CLK,,,2037,,,,,,,,,0.0,,,,,,,,,,,,,
941,0,BAU,,RAW_MAT_CLK,,,2038,,,,,,,,,0.0,,,,,,,,,,,,,
941,0,BAU,,RAW_MAT_CLK,,,2039,,,,,,,,,0.0,,,,,,,,,,,,,
941,0,BAU,,RAW_MAT_CLK,,,2040,,,,,,,,,0.0,,,,,,,,,,,,,
941,0,BAU,,RAW_MAT_CLK,,,2041,,,,,,,,,0.0,,,,,,,,,,,,,
941,0,BAU,,RAW_MAT_CLK,,,2042,,,,,,,,,0.0,,,,,,,,,,,,,
941,0,BAU,,RAW_MAT_CLK,,,2043,,,,,,,,,0.0,,,,,,,,,,,,,
941,0,BAU,,RAW_MAT_CLK,,,2044,,,,,,,,,0.0,,,,,,,,,,,,,
941,0,BAU,,RAW_MAT_CLK,,,2045,,,,,,,,,0.0,,,,,,,,,,,,,
941,0,BAU,,RAW_MAT_CLK,,,2046,,,,,,,,,0.0,,,,,,,,,,,,,
941,0,BAU,,RAW_MAT_CLK,,,2047,,,,,,,,,0.0,,,,,,,,,,,,,
941,0,BAU,,RAW_MAT_CLK,,,2048,,,,,,,,,0.0,,,,,,,,,,,,,
941,0,BAU,,RAW_MAT_CLK,,,2049,,,,,,,,,0.0,,,,,,,,,,,,,
941,0,BAU,,RAW_MAT_CLK,,,2050,,,,,,,,,0.0,,,,,,,,,,,,,
941,0,BAU,,RAW_MAT_CLK,,,2051,,,,,,,,,0.0,,,,,,,,,,,,,
941,0,BAU,,RAW_MAT_CLK,,,2052,,,,,,,,,0.0,,,,,,,,,,,,,
941,0,BAU,,RAW_MAT_CLK,,,2053,,,,,,,,,0.0,,,,,,,,,,,,,
941,0,BAU,,RAW_MAT_CLK,,,2054,,,,,,,,,0.0,,,,,,,,,,,,,
941,0,BAU,,RAW_MAT_CLK,,,2055,,,,,,,,,0.0,,,,,,,,,,,,,
941,0,BAU,,RAW_MAT_CLK,,,2056,,,,,,,,,0.0,,,,,,,,,,,,,
941,0,BAU,,RAW_MAT_CLK,,,2057,,,,,,,,,0.0,,,,,,,,,,,,,
941,0,BAU,,RAW_MAT_CLK,,,2058,,,,,,,,,0.0,,,,,,,,,,,,,
941,0,BAU,,RAW_MAT_CLK,,,2059,,,,,,,,,0.0,,,,,,,,,,,,,
941,0,BAU,,RAW_MAT_CLK,,,2060,,,,,,,,,0.0,,,,,,,,,,,,,
941,0,BAU,,RAW_MAT_CLK,,,2061,,,,,,,,,0.0,,,,,,,,,,,,,
941,0,BAU,,RAW_MAT_CLK,,,2062,,,,,,,,,0.0,,,,,,,,,,,,,
941,0,BAU,,RAW_MAT_CLK,,,2063,,,,,,,,,0.0,,,,,,,,,,,,,
941,0,BAU,,RAW_MAT_CLK,,,2064,,,,,,,,,0.0,,,,,,,,,,,,,
941,0,BAU,,RAW_MAT_CLK,,,2065,,,,,,,,,0.0,,,,,,,,,,,,,
941,0,BAU,,RAW_MAT_CLK,,,2066,,,,,,,,,0.0,,,,,,,,,,,,,
941,0,BAU,,RAW_MAT_CLK,,,2067,,,,,,,,,0.0,,,,,,,,,,,,,
941,0,BAU,,RAW_MAT_CLK,,,2068,,,,,,,,,0.0,,,,,,,,,,,,,
941,0,BAU,,RAW_MAT_CLK,,,2069,,,,,,,,,0.0,,,,,,,,,,,,,
941,0,BAU,,RAW_MAT_CLK,,,2070,,,,,,,,,0.0,,,,,,,,,,,,,
941,0,BAU,,ELEC_TERM,,,2018,,,,,,,,,0.0,,,,,,,,,,,,,
941,0,BAU,,ELEC_TERM,,,2019,,,,,,,,,0.0,,,,,,,,,,,,,
941,0,BAU,,ELEC_TERM,,,2020,,,,,,,,,0.0,,,,,,,,,,,,,
941,0,BAU,,ELEC_TERM,,,2021,,,,,,,,,0.0,,,,,,,,,,,,,
941,0,BAU,,ELEC_TERM,,,2022,,,,,,,,,0.0,,,,,,,,,,,,,
941,0,BAU,,ELEC_TERM,,,2023,,,,,,,,,0.0,,,,,,,,,,,,,
941,0,BAU,,ELEC_TERM,,,2024,,,,,,,,,0.0,,,,,,,,,,,,,
941,0,BAU,,ELEC_TERM,,,2025,,,,,,,,,0.0,,,,,,,,,,,,,
941,0,BAU,,ELEC_TERM,,,2026,,,,,,,,,0.0,,,,,,,,,,,,,
941,0,BAU,,ELEC_TERM,,,2027,,,,,,,,,0.0,,,,,,,,,,,,,
941,0,BAU,,ELEC_TERM,,,2028,,,,,,,,,0.0,,,,,,,,,,,,,
941,0,BAU,,ELEC_TERM,,,2029,,,,,,,,,0.0,,,,,,,,,,,,,
941,0,BAU,,ELEC_TERM,,,2030,,,,,,,,,0.0,,,,,,,,,,,,,
941,0,BAU,,ELEC_TERM,,,2031,,,,,,,,,0.0,,,,,,,,,,,,,
941,0,BAU,,ELEC_TERM,,,2032,,,,,,,,,0.0,,,,,,,,,,,,,
941,0,BAU,,ELEC_TERM,,,2033,,,,,,,,,0.0,,,,,,,,,,,,,
941,0,BAU,,ELEC_TERM,,,2034,,,,,,,,,0.0,,,,,,,,,,,,,
941,0,BAU,,ELEC_TERM,,,2035,,,,,,,,,0.0,,,,,,,,,,,,,
941,0,BAU,,ELEC_TERM,,,2036,,,,,,,,,0.0,,,,,,,,,,,,,
941,0,BAU,,ELEC_TERM,,,2037,,,,,,,,,0.0,,,,,,,,,,,,,
941,0,BAU,,ELEC_TERM,,,2038,,,,,,,,,0.0,,,,,,,,,,,,,
941,0,BAU,,ELEC_TERM,,,2039,,,,,,,,,0.0,,,,,,,,,,,,,
941,0,BAU,,ELEC_TERM,,,2040,,,,,,,,,0.0,,,,,,,,,,,,,
941,0,BAU,,ELEC_TERM,,,2041,,,,,,,,,0.0,,,,,,,,,,,,,
941,0,BAU,,ELEC_TERM,,,2042,,,,,,,,,0.0,,,,,,,,,,,,,
941,0,BAU,,ELEC_TERM,,,2043,,,,,,,,,0.0,,,,,,,,,,,,,
941,0,BAU,,ELEC_TERM,,,2044,,,,,,,,,0.0,,,,,,,,,,,,,
941,0,BAU,,ELEC_TERM,,,2045,,,,,,,,,0.0,,,,,,,,,,,,,
941,0,BAU,,ELEC_TERM,,,2046,,,,,,,,,0.0,,,,,,,,,,,,,
941,0,BAU,,ELEC_TERM,,,2047,,,,,,,,,0.0,,,,,,,,,,,,,
941,0,BAU,,ELEC_TERM,,,2048,,,,,,,,,0.0,,,,,,,,,,,,,
941,0,BAU,,ELEC_TERM,,,2049,,,,,,,,,0.0,,,,,,,,,,,,,
941,0,BAU,,ELEC_TERM,,,2050,,,,,,,,,0.0,,,,,,,,,,,,,
941,0,BAU,,ELEC_TERM,,,2051,,,,,,,,,0.0,,,,,,,,,,,,,
941,0,BAU,,ELEC_TERM,,,2052,,,,,,,,,0.0,,,,,,,,,,,,,
941,0,BAU,,ELEC_TERM,,,2053,,,,,,,,,0.0,,,,,,,,,,,,,
941,0,BAU,,ELEC_TERM,,,2054,,,,,,,,,0.0,,,,,,,,,,,,,
941,0,BAU,,ELEC_TERM,,,2055,,,,,,,,,0.0,,,,,,,,,,,,,
941,0,BAU,,ELEC_TERM,,,2056,,,,,,,,,0.0,,,,,,,,,,,,,
941,0,BAU,,ELEC_TERM,,,2057,,,,,,,,,0.0,,,,,,,,,,,,,
941,0,BAU,,ELEC_TERM,,,2058,,,,,,,,,0.0,,,,,,,,,,,,,
941,0,BAU,,ELEC_TERM,,,2059,,,,,,,,,0.0,,,,,,,,,,,,,
941,0,BAU,,ELEC_TERM,,,2060,,,,,,,,,0.0,,,,,,,,,,,,,
941,0,BAU,,ELEC_TERM,,,2061,,,,,,,,,0.0,,,,,,,,,,,,,
941,0,BAU,,ELEC_TERM,,,2062,,,,,,,,,0.0,,,,,,,,,,,,,
941,0,BAU,,ELEC_TERM,,,2063,,,,,,,,,0.0,,,,,,,,,,,,,
941,0,BAU,,ELEC_TERM,,,2064,,,,,,,,,0.0,,,,,,,,,,,,,
941,0,BAU,,ELEC_TERM,,,2065,,,,,,,,,0.0,,,,,,,,,,,,,
941,0,BAU,,ELEC_TERM,,,2066,,,,,,,,,0.0,,,,,,,,,,,,,
941,0,BAU,,ELEC_TERM,,,2067,,,,,,,,,0.0,,,,,,,,,,,,,
941,0,BAU,,ELEC_TERM,,,2068,,,,,,,,,0.0,,,,,,,,,,,,,
941,0,BAU,,ELEC_TERM,,,2069,,,,,,,,,0.0,,,,,,,,,,,,,
941,0,BAU,,ELEC_TERM,,,2070,,,,,,,,,0.0,,,,,,,,,,,,,
941,0,BAU,,ELEC_CEM,,,2018,,,,,,,,,0.0,,,,,,,,,,,,,
941,0,BAU,,ELEC_CEM,,,2019,,,,,,,,,0.0,,,,,,,,,,,,,
941,0,BAU,,ELEC_CEM,,,2020,,,,,,,,,0.0,,,,,,,,,,,,,
941,0,BAU,,ELEC_CEM,,,2021,,,,,,,,,0.0,,,,,,,,,,,,,
941,0,BAU,,ELEC_CEM,,,2022,,,,,,,,,0.0,,,,,,,,,,,,,
941,0,BAU,,ELEC_CEM,,,2023,,,,,,,,,0.0,,,,,,,,,,,,,
941,0,BAU,,ELEC_CEM,,,2024,,,,,,,,,0.0,,,,,,,,,,,,,
941,0,BAU,,ELEC_CEM,,,2025,,,,,,,,,0.0,,,,,,,,,,,,,
941,0,BAU,,ELEC_CEM,,,2026,,,,,,,,,0.0,,,,,,,,,,,,,
941,0,BAU,,ELEC_CEM,,,2027,,,,,,,,,0.0,,,,,,,,,,,,,
941,0,BAU,,ELEC_CEM,,,2028,,,,,,,,,0.0,,,,,,,,,,,,,
941,0,BAU,,ELEC_CEM,,,2029,,,,,,,,,0.0,,,,,,,,,,,,,
941,0,BAU,,ELEC_CEM,,,2030,,,,,,,,,0.0,,,,,,,,,,,,,
941,0,BAU,,ELEC_CEM,,,2031,,,,,,,,,0.0,,,,,,,,,,,,,
941,0,BAU,,ELEC_CEM,,,2032,,,,,,,,,0.0,,,,,,,,,,,,,
941,0,BAU,,ELEC_CEM,,,2033,,,,,,,,,0.0,,,,,,,,,,,,,
941,0,BAU,,ELEC_CEM,,,2034,,,,,,,,,0.0,,,,,,,,,,,,,
941,0,BAU,,ELEC_CEM,,,2035,,,,,,,,,0.0,,,,,,,,,,,,,
941,0,BAU,,ELEC_CEM,,,2036,,,,,,,,,0.0,,,,,,,,,,,,,
941,0,BAU,,ELEC_CEM,,,2037,,,,,,,,,0.0,,,,,,,,,,,,,
941,0,BAU,,ELEC_CEM,,,2038,,,,,,,,,0.0,,,,,,,,,,,,,
941,0,BAU,,ELEC_CEM,,,2039,,,,,,,,,0.0,,,,,,,,,,,,,
941,0,BAU,,ELEC_CEM,,,2040,,,,,,,,,0.0,,,,,,,,,,,,,
941,0,BAU,,ELEC_CEM,,,2041,,,,,,,,,0.0,,,,,,,,,,,,,
941,0,BAU,,ELEC_CEM,,,2042,,,,,,,,,0.0,,,,,,,,,,,,,
941,0,BAU,,ELEC_CEM,,,2043,,,,,,,,,0.0,,,,,,,,,,,,,
941,0,BAU,,ELEC_CEM,,,2044,,,,,,,,,0.0,,,,,,,,,,,,,
941,0,BAU,,ELEC_CEM,,,2045,,,,,,,,,0.0,,,,,,,,,,,,,
941,0,BAU,,ELEC_CEM,,,2046,,,,,,,,,0.0,,,,,,,,,,,,,
941,0,BAU,,ELEC_CEM,,,2047,,,,,,,,,0.0,,,,,,,,,,,,,
941,0,BAU,,ELEC_CEM,,,2048,,,,,,,,,0.0,,,,,,,,,,,,,
941,0,BAU,,ELEC_CEM,,,2049,,,,,,,,,0.0,,,,,,,,,,,,,
941,0,BAU,,ELEC_CEM,,,2050,,,,,,,,,0.0,,,,,,,,,,,,,
941,0,BAU,,ELEC_CEM,,,2051,,,,,,,,,0.0,,,,,,,,,,,,,
941,0,BAU,,ELEC_CEM,,,2052,,,,,,,,,0.0,,,,,,,,,,,,,
941,0,BAU,,ELEC_CEM,,,2053,,,,,,,,,0.0,,,,,,,,,,,,,
941,0,BAU,,ELEC_CEM,,,2054,,,,,,,,,0.0,,,,,,,,,,,,,
941,0,BAU,,ELEC_CEM,,,2055,,,,,,,,,0.0,,,,,,,,,,,,,
941,0,BAU,,ELEC_CEM,,,2056,,,,,,,,,0.0,,,,,,,,,,,,,
941,0,BAU,,ELEC_CEM,,,2057,,,,,,,,,0.0,,,,,,,,,,,,,
941,0,BAU,,ELEC_CEM,,,2058,,,,,,,,,0.0,,,,,,,,,,,,,
941,0,BAU,,ELEC_CEM,,,2059,,,,,,,,,0.0,,,,,,,,,,,,,
941,0,BAU,,ELEC_CEM,,,2060,,,,,,,,,0.0,,,,,,,,,,,,,
941,0,BAU,,ELEC_CEM,,,2061,,,,,,,,,0.0,,,,,,,,,,,,,
941,0,BAU,,ELEC_CEM,,,2062,,,,,,,,,0.0,,,,,,,,,,,,,
941,0,BAU,,ELEC_CEM,,,2063,,,,,,,,,0.0,,,,,,,,,,,,,
941,0,BAU,,ELEC_CEM,,,2064,,,,,,,,,0.0,,,,,,,,,,,,,
941,0,BAU,,ELEC_CEM,,,2065,,,,,,,,,0.0,,,,,,,,,,,,,
941,0,BAU,,ELEC_CEM,,,2066,,,,,,,,,0.0,,,,,,,,,,,,,
941,0,BAU,,ELEC_CEM,,,2067,,,,,,,,,0.0,,,,,,,,,,,,,
941,0,BAU,,ELEC_CEM,,,2068,,,,,,,,,0.0,,,,,,,,,,,,,
941,0,BAU,,ELEC_CEM,,,2069,,,,,,,,,0.0,,,,,,,,,,,,,
941,0,BAU,,ELEC_CEM,,,2070,,,,,,,,,0.0,,,,,,,,,,,,,
941,0,BAU,,RAW_MAT_CEM,,,2018,,,,,,,,,0.0,,,,,,,,,,,,,
941,0,BAU,,RAW_MAT_CEM,,,2019,,,,,,,,,0.0,,,,,,,,,,,,,
941,0,BAU,,RAW_MAT_CEM,,,2020,,,,,,,,,0.0,,,,,,,,,,,,,
941,0,BAU,,RAW_MAT_CEM,,,2021,,,,,,,,,0.0,,,,,,,,,,,,,
941,0,BAU,,RAW_MAT_CEM,,,2022,,,,,,,,,0.0,,,,,,,,,,,,,
941,0,BAU,,RAW_MAT_CEM,,,2023,,,,,,,,,0.0,,,,,,,,,,,,,
941,0,BAU,,RAW_MAT_CEM,,,2024,,,,,,,,,0.0,,,,,,,,,,,,,
941,0,BAU,,RAW_MAT_CEM,,,2025,,,,,,,,,0.0,,,,,,,,,,,,,
941,0,BAU,,RAW_MAT_CEM,,,2026,,,,,,,,,0.0,,,,,,,,,,,,,
941,0,BAU,,RAW_MAT_CEM,,,2027,,,,,,,,,0.0,,,,,,,,,,,,,
941,0,BAU,,RAW_MAT_CEM,,,2028,,,,,,,,,0.0,,,,,,,,,,,,,
941,0,BAU,,RAW_MAT_CEM,,,2029,,,,,,,,,0.0,,,,,,,,,,,,,
941,0,BAU,,RAW_MAT_CEM,,,2030,,,,,,,,,0.0,,,,,,,,,,,,,
941,0,BAU,,RAW_MAT_CEM,,,2031,,,,,,,,,0.0,,,,,,,,,,,,,
941,0,BAU,,RAW_MAT_CEM,,,2032,,,,,,,,,0.0,,,,,,,,,,,,,
941,0,BAU,,RAW_MAT_CEM,,,2033,,,,,,,,,0.0,,,,,,,,,,,,,
941,0,BAU,,RAW_MAT_CEM,,,2034,,,,,,,,,0.0,,,,,,,,,,,,,
941,0,BAU,,RAW_MAT_CEM,,,2035,,,,,,,,,0.0,,,,,,,,,,,,,
941,0,BAU,,RAW_MAT_CEM,,,2036,,,,,,,,,0.0,,,,,,,,,,,,,
941,0,BAU,,RAW_MAT_CEM,,,2037,,,,,,,,,0.0,,,,,,,,,,,,,
941,0,BAU,,RAW_MAT_CEM,,,2038,,,,,,,,,0.0,,,,,,,,,,,,,
941,0,BAU,,RAW_MAT_CEM,,,2039,,,,,,,,,0.0,,,,,,,,,,,,,
941,0,BAU,,RAW_MAT_CEM,,,2040,,,,,,,,,0.0,,,,,,,,,,,,,
941,0,BAU,,RAW_MAT_CEM,,,2041,,,,,,,,,0.0,,,,,,,,,,,,,
941,0,BAU,,RAW_MAT_CEM,,,2042,,,,,,,,,0.0,,,,,,,,,,,,,
941,0,BAU,,RAW_MAT_CEM,,,2043,,,,,,,,,0.0,,,,,,,,,,,,,
941,0,BAU,,RAW_MAT_CEM,,,2044,,,,,,,,,0.0,,,,,,,,,,,,,
941,0,BAU,,RAW_MAT_CEM,,,2045,,,,,,,,,0.0,,,,,,,,,,,,,
941,0,BAU,,RAW_MAT_CEM,,,2046,,,,,,,,,0.0,,,,,,,,,,,,,
941,0,BAU,,RAW_MAT_CEM,,,2047,,,,,,,,,0.0,,,,,,,,,,,,,
941,0,BAU,,RAW_MAT_CEM,,,2048,,,,,,,,,0.0,,,,,,,,,,,,,
941,0,BAU,,RAW_MAT_CEM,,,2049,,,,,,,,,0.0,,,,,,,,,,,,,
941,0,BAU,,RAW_MAT_CEM,,,2050,,,,,,,,,0.0,,,,,,,,,,,,,
941,0,BAU,,RAW_MAT_CEM,,,2051,,,,,,,,,0.0,,,,,,,,,,,,,
941,0,BAU,,RAW_MAT_CEM,,,2052,,,,,,,,,0.0,,,,,,,,,,,,,
941,0,BAU,,RAW_MAT_CEM,,,2053,,,,,,,,,0.0,,,,,,,,,,,,,
941,0,BAU,,RAW_MAT_CEM,,,2054,,,,,,,,,0.0,,,,,,,,,,,,,
941,0,BAU,,RAW_MAT_CEM,,,2055,,,,,,,,,0.0,,,,,,,,,,,,,
941,0,BAU,,RAW_MAT_CEM,,,2056,,,,,,,,,0.0,,,,,,,,,,,,,
941,0,BAU,,RAW_MAT_CEM,,,2057,,,,,,,,,0.0,,,,,,,,,,,,,
941,0,BAU,,RAW_MAT_CEM,,,2058,,,,,,,,,0.0,,,,,,,,,,,,,
941,0,BAU,,RAW_MAT_CEM,,,2059,,,,,,,,,0.0,,,,,,,,,,,,,
941,0,BAU,,RAW_MAT_CEM,,,2060,,,,,,,,,0.0,,,,,,,,,,,,,
941,0,BAU,,RAW_MAT_CEM,,,2061,,,,,,,,,0.0,,,,,,,,,,,,,
941,0,BAU,,RAW_MAT_CEM,,,2062,,,,,,,,,0.0,,,,,,,,,,,,,
941,0,BAU,,RAW_MAT_CEM,,,2063,,,,,,,,,0.0,,,,,,,,,,,,,
941,0,BAU,,RAW_MAT_CEM,,,2064,,,,,,,,,0.0,,,,,,,,,,,,,
941,0,BAU,,RAW_MAT_CEM,,,2065,,,,,,,,,0.0,,,,,,,,,,,,,
941,0,BAU,,RAW_MAT_CEM,,,2066,,,,,,,,,0.0,,,,,,,,,,,,,
941,0,BAU,,RAW_MAT_CEM,,,2067,,,,,,,,,0.0,,,,,,,,,,,,,
941,0,BAU,,RAW_MAT_CEM,,,2068,,,,,,,,,0.0,,,,,,,,,,,,,
941,0,BAU,,RAW_MAT_CEM,,,2069,,,,,,,,,0.0,,,,,,,,,,,,,
941,0,BAU,,RAW_MAT_CEM,,,2070,,,,,,,,,0.0,,,,,,,,,,,,,
941,0,BAU,,REST_PI,,,2018,,,,,,,,,,,,,,,0.3951,0.3951,,,,,,
941,0,BAU,,REST_PI,,,2019,,,,,,,,,,,,,,,0.3974,0.3974,,,,,,
941,0,BAU,,REST_PI,,,2020,,,,,,,,,,,,,,,0.3747,0.3747,,,,,,
941,0,BAU,,REST_PI,,,2021,,,,,,,,,,,,,,,0.3863,0.3863,,,,,,
941,0,BAU,,REST_PI,,,2022,,,,,,,,,,,,,,,0.3946,0.3946,,,,,,
941,0,BAU,,REST_PI,,,2023,,,,,,,,,,,,,,,0.403,0.403,,,,,,
941,0,BAU,,REST_PI,,,2024,,,,,,,,,,,,,,,0.4116,0.4116,,,,,,
941,0,BAU,,REST_PI,,,2025,,,,,,,,,,,,,,,0.4204,0.4204,,,,,,
941,0,BAU,,REST_PI,,,2026,,,,,,,,,,,,,,,0.4294,0.4294,,,,,,
941,0,BAU,,REST_PI,,,2027,,,,,,,,,,,,,,,0.4386,0.4386,,,,,,
941,0,BAU,,REST_PI,,,2028,,,,,,,,,,,,,,,0.448,0.448,,,,,,
941,0,BAU,,REST_PI,,,2029,,,,,,,,,,,,,,,0.4576,0.4576,,,,,,
941,0,BAU,,REST_PI,,,2030,,,,,,,,,,,,,,,0.4674,0.4674,,,,,,
941,0,BAU,,REST_PI,,,2031,,,,,,,,,,,,,,,0.4774,0.4774,,,,,,
941,0,BAU,,REST_PI,,,2032,,,,,,,,,,,,,,,0.4876,0.4876,,,,,,
941,0,BAU,,REST_PI,,,2033,,,,,,,,,,,,,,,0.498,0.498,,,,,,
941,0,BAU,,REST_PI,,,2034,,,,,,,,,,,,,,,0.5087,0.5087,,,,,,
941,0,BAU,,REST_PI,,,2035,,,,,,,,,,,,,,,0.5195,0.5195,,,,,,
941,0,BAU,,REST_PI,,,2036,,,,,,,,,,,,,,,0.5307,0.5307,,,,,,
941,0,BAU,,REST_PI,,,2037,,,,,,,,,,,,,,,0.542,0.542,,,,,,
941,0,BAU,,REST_PI,,,2038,,,,,,,,,,,,,,,0.5536,0.5536,,,,,,
941,0,BAU,,REST_PI,,,2039,,,,,,,,,,,,,,,0.5654,0.5654,,,,,,
941,0,BAU,,REST_PI,,,2040,,,,,,,,,,,,,,,0.5775,0.5775,,,,,,
941,0,BAU,,REST_PI,,,2041,,,,,,,,,,,,,,,0.5899,0.5899,,,,,,
941,0,BAU,,REST_PI,,,2042,,,,,,,,,,,,,,,0.6025,0.6025,,,,,,
941,0,BAU,,REST_PI,,,2043,,,,,,,,,,,,,,,0.6154,0.6154,,,,,,
941,0,BAU,,REST_PI,,,2044,,,,,,,,,,,,,,,0.6286,0.6286,,,,,,
941,0,BAU,,REST_PI,,,2045,,,,,,,,,,,,,,,0.642,0.642,,,,,,
941,0,BAU,,REST_PI,,,2046,,,,,,,,,,,,,,,0.6557,0.6557,,,,,,
941,0,BAU,,REST_PI,,,2047,,,,,,,,,,,,,,,0.6698,0.6698,,,,,,
941,0,BAU,,REST_PI,,,2048,,,,,,,,,,,,,,,0.6841,0.6841,,,,,,
941,0,BAU,,REST_PI,,,2049,,,,,,,,,,,,,,,0.6987,0.6987,,,,,,
941,0,BAU,,REST_PI,,,2050,,,,,,,,,,,,,,,0.7137,0.7137,,,,,,
941,0,BAU,,REST_PI,,,2051,,,,,,,,,,,,,,,0.7289,0.7289,,,,,,
941,0,BAU,,REST_PI,,,2052,,,,,,,,,,,,,,,0.7445,0.7445,,,,,,
941,0,BAU,,REST_PI,,,2053,,,,,,,,,,,,,,,0.7605,0.7605,,,,,,
941,0,BAU,,REST_PI,,,2054,,,,,,,,,,,,,,,0.7767,0.7767,,,,,,
941,0,BAU,,REST_PI,,,2055,,,,,,,,,,,,,,,0.7933,0.7933,,,,,,
941,0,BAU,,REST_PI,,,2056,,,,,,,,,,,,,,,0.8103,0.8103,,,,,,
941,0,BAU,,REST_PI,,,2057,,,,,,,,,,,,,,,0.8276,0.8276,,,,,,
941,0,BAU,,REST_PI,,,2058,,,,,,,,,,,,,,,0.8453,0.8453,,,,,,
941,0,BAU,,REST_PI,,,2059,,,,,,,,,,,,,,,0.8634,0.8634,,,,,,
941,0,BAU,,REST_PI,,,2060,,,,,,,,,,,,,,,0.8819,0.8819,,,,,,
941,0,BAU,,REST_PI,,,2061,,,,,,,,,,,,,,,0.9007,0.9007,,,,,,
941,0,BAU,,REST_PI,,,2062,,,,,,,,,,,,,,,0.92,0.92,,,,,,
941,0,BAU,,REST_PI,,,2063,,,,,,,,,,,,,,,0.9397,0.9397,,,,,,
941,0,BAU,,REST_PI,,,2064,,,,,,,,,,,,,,,0.9598,0.9598,,,,,,
941,0,BAU,,REST_PI,,,2065,,,,,,,,,,,,,,,0.9803,0.9803,,,,,,
941,0,BAU,,REST_PI,,,2066,,,,,,,,,,,,,,,1.0013,1.0013,,,,,,
941,0,BAU,,REST_PI,,,2067,,,,,,,,,,,,,,,1.0227,1.0227,,,,,,
941,0,BAU,,REST_PI,,,2068,,,,,,,,,,,,,,,1.0446,1.0446,,,,,,
941,0,BAU,,REST_PI,,,2069,,,,,,,,,,,,,,,1.0669,1.0669,,,,,,
941,0,BAU,,REST_PI,,,2070,,,,,,,,,,,,,,,1.0898,1.0898,,,,,,
