Future.ID,Strategy.ID,Strategy,Fuel,Technology,Emission,Season,Year,SpecifiedAnnualDemand,CapacityFactor,OperationalLife,ResidualCapacity,InputActivityRatio,OutputActivityRatio,EmissionActivityRatio,CapitalCost,VariableCost,FixedCost,TotalAnnualMaxCapacity,TotalAnnualMinCapacity,TotalAnnualMaxCapacityInvestment,TotalAnnualMinCapacityInvestment,TotalTechnologyAnnualActivityUpperLimit,TotalTechnologyAnnualActivityLowerLimit,DistanceDriven,UnitCapitalCost (USD),UnitFixedCost (USD),BiofuelShares,FilterFuelType,FilterVehicleType
754,1,DDP,Dem_Banano,,,,2018,0.904,,,,,,,,,,,,,,,,,,,,,
754,1,DDP,Dem_Banano,,,,2019,1.0168,,,,,,,,,,,,,,,,,,,,,
754,1,DDP,Dem_Banano,,,,2020,1.0113,,,,,,,,,,,,,,,,,,,,,
754,1,DDP,Dem_Banano,,,,2021,1.0053,,,,,,,,,,,,,,,,,,,,,
754,1,DDP,Dem_Banano,,,,2022,1.142,,,,,,,,,,,,,,,,,,,,,
754,1,DDP,Dem_Banano,,,,2023,1.315,,,,,,,,,,,,,,,,,,,,,
754,1,DDP,Dem_Banano,,,,2024,1.3335,,,,,,,,,,,,,,,,,,,,,
754,1,DDP,Dem_Banano,,,,2025,1.3521,,,,,,,,,,,,,,,,,,,,,
754,1,DDP,Dem_Banano,,,,2026,1.3707,,,,,,,,,,,,,,,,,,,,,
754,1,DDP,Dem_Banano,,,,2027,1.3893,,,,,,,,,,,,,,,,,,,,,
754,1,DDP,Dem_Banano,,,,2028,1.4079,,,,,,,,,,,,,,,,,,,,,
754,1,DDP,Dem_Banano,,,,2029,1.4265,,,,,,,,,,,,,,,,,,,,,
754,1,DDP,Dem_Banano,,,,2030,1.4451,,,,,,,,,,,,,,,,,,,,,
754,1,DDP,Dem_Banano,,,,2031,1.4637,,,,,,,,,,,,,,,,,,,,,
754,1,DDP,Dem_Banano,,,,2032,1.4822,,,,,,,,,,,,,,,,,,,,,
754,1,DDP,Dem_Banano,,,,2033,1.5008,,,,,,,,,,,,,,,,,,,,,
754,1,DDP,Dem_Banano,,,,2034,1.5194,,,,,,,,,,,,,,,,,,,,,
754,1,DDP,Dem_Banano,,,,2035,1.538,,,,,,,,,,,,,,,,,,,,,
754,1,DDP,Dem_Banano,,,,2036,1.5566,,,,,,,,,,,,,,,,,,,,,
754,1,DDP,Dem_Banano,,,,2037,1.5752,,,,,,,,,,,,,,,,,,,,,
754,1,DDP,Dem_Banano,,,,2038,1.5938,,,,,,,,,,,,,,,,,,,,,
754,1,DDP,Dem_Banano,,,,2039,1.6124,,,,,,,,,,,,,,,,,,,,,
754,1,DDP,Dem_Banano,,,,2040,1.6309,,,,,,,,,,,,,,,,,,,,,
754,1,DDP,Dem_Banano,,,,2041,1.6495,,,,,,,,,,,,,,,,,,,,,
754,1,DDP,Dem_Banano,,,,2042,1.6681,,,,,,,,,,,,,,,,,,,,,
754,1,DDP,Dem_Banano,,,,2043,1.6867,,,,,,,,,,,,,,,,,,,,,
754,1,DDP,Dem_Banano,,,,2044,1.7053,,,,,,,,,,,,,,,,,,,,,
754,1,DDP,Dem_Banano,,,,2045,1.7239,,,,,,,,,,,,,,,,,,,,,
754,1,DDP,Dem_Banano,,,,2046,1.7425,,,,,,,,,,,,,,,,,,,,,
754,1,DDP,Dem_Banano,,,,2047,1.7611,,,,,,,,,,,,,,,,,,,,,
754,1,DDP,Dem_Banano,,,,2048,1.7797,,,,,,,,,,,,,,,,,,,,,
754,1,DDP,Dem_Banano,,,,2049,1.7982,,,,,,,,,,,,,,,,,,,,,
754,1,DDP,Dem_Banano,,,,2050,1.8168,,,,,,,,,,,,,,,,,,,,,
754,1,DDP,Dem_Banano,,,,2051,1.8354,,,,,,,,,,,,,,,,,,,,,
754,1,DDP,Dem_Banano,,,,2052,1.854,,,,,,,,,,,,,,,,,,,,,
754,1,DDP,Dem_Banano,,,,2053,1.8726,,,,,,,,,,,,,,,,,,,,,
754,1,DDP,Dem_Banano,,,,2054,1.8912,,,,,,,,,,,,,,,,,,,,,
754,1,DDP,Dem_Banano,,,,2055,1.9098,,,,,,,,,,,,,,,,,,,,,
754,1,DDP,Dem_Banano,,,,2056,1.9284,,,,,,,,,,,,,,,,,,,,,
754,1,DDP,Dem_Banano,,,,2057,1.9469,,,,,,,,,,,,,,,,,,,,,
754,1,DDP,Dem_Banano,,,,2058,1.9655,,,,,,,,,,,,,,,,,,,,,
754,1,DDP,Dem_Banano,,,,2059,1.9841,,,,,,,,,,,,,,,,,,,,,
754,1,DDP,Dem_Banano,,,,2060,2.0027,,,,,,,,,,,,,,,,,,,,,
754,1,DDP,Dem_Banano,,,,2061,2.0213,,,,,,,,,,,,,,,,,,,,,
754,1,DDP,Dem_Banano,,,,2062,2.0399,,,,,,,,,,,,,,,,,,,,,
754,1,DDP,Dem_Banano,,,,2063,2.0585,,,,,,,,,,,,,,,,,,,,,
754,1,DDP,Dem_Banano,,,,2064,2.0771,,,,,,,,,,,,,,,,,,,,,
754,1,DDP,Dem_Banano,,,,2065,2.0956,,,,,,,,,,,,,,,,,,,,,
754,1,DDP,Dem_Banano,,,,2066,2.1142,,,,,,,,,,,,,,,,,,,,,
754,1,DDP,Dem_Banano,,,,2067,2.1328,,,,,,,,,,,,,,,,,,,,,
754,1,DDP,Dem_Banano,,,,2068,2.1514,,,,,,,,,,,,,,,,,,,,,
754,1,DDP,Dem_Banano,,,,2069,2.17,,,,,,,,,,,,,,,,,,,,,
754,1,DDP,Dem_Banano,,,,2070,2.1886,,,,,,,,,,,,,,,,,,,,,
754,1,DDP,Dem_Arroz,,,,2018,1.3187,,,,,,,,,,,,,,,,,,,,,
754,1,DDP,Dem_Arroz,,,,2019,1.0709,,,,,,,,,,,,,,,,,,,,,
754,1,DDP,Dem_Arroz,,,,2020,1.2935,,,,,,,,,,,,,,,,,,,,,
754,1,DDP,Dem_Arroz,,,,2021,1.4857,,,,,,,,,,,,,,,,,,,,,
754,1,DDP,Dem_Arroz,,,,2022,1.5265,,,,,,,,,,,,,,,,,,,,,
754,1,DDP,Dem_Arroz,,,,2023,1.5698,,,,,,,,,,,,,,,,,,,,,
754,1,DDP,Dem_Arroz,,,,2024,1.622,,,,,,,,,,,,,,,,,,,,,
754,1,DDP,Dem_Arroz,,,,2025,1.6742,,,,,,,,,,,,,,,,,,,,,
754,1,DDP,Dem_Arroz,,,,2026,1.7264,,,,,,,,,,,,,,,,,,,,,
754,1,DDP,Dem_Arroz,,,,2027,1.7786,,,,,,,,,,,,,,,,,,,,,
754,1,DDP,Dem_Arroz,,,,2028,1.8308,,,,,,,,,,,,,,,,,,,,,
754,1,DDP,Dem_Arroz,,,,2029,1.883,,,,,,,,,,,,,,,,,,,,,
754,1,DDP,Dem_Arroz,,,,2030,1.9352,,,,,,,,,,,,,,,,,,,,,
754,1,DDP,Dem_Arroz,,,,2031,1.9874,,,,,,,,,,,,,,,,,,,,,
754,1,DDP,Dem_Arroz,,,,2032,2.0396,,,,,,,,,,,,,,,,,,,,,
754,1,DDP,Dem_Arroz,,,,2033,2.0918,,,,,,,,,,,,,,,,,,,,,
754,1,DDP,Dem_Arroz,,,,2034,2.144,,,,,,,,,,,,,,,,,,,,,
754,1,DDP,Dem_Arroz,,,,2035,2.1961,,,,,,,,,,,,,,,,,,,,,
754,1,DDP,Dem_Arroz,,,,2036,2.2483,,,,,,,,,,,,,,,,,,,,,
754,1,DDP,Dem_Arroz,,,,2037,2.3005,,,,,,,,,,,,,,,,,,,,,
754,1,DDP,Dem_Arroz,,,,2038,2.3527,,,,,,,,,,,,,,,,,,,,,
754,1,DDP,Dem_Arroz,,,,2039,2.4049,,,,,,,,,,,,,,,,,,,,,
754,1,DDP,Dem_Arroz,,,,2040,2.4571,,,,,,,,,,,,,,,,,,,,,
754,1,DDP,Dem_Arroz,,,,2041,2.5093,,,,,,,,,,,,,,,,,,,,,
754,1,DDP,Dem_Arroz,,,,2042,2.5615,,,,,,,,,,,,,,,,,,,,,
754,1,DDP,Dem_Arroz,,,,2043,2.6137,,,,,,,,,,,,,,,,,,,,,
754,1,DDP,Dem_Arroz,,,,2044,2.6659,,,,,,,,,,,,,,,,,,,,,
754,1,DDP,Dem_Arroz,,,,2045,2.7181,,,,,,,,,,,,,,,,,,,,,
754,1,DDP,Dem_Arroz,,,,2046,2.7703,,,,,,,,,,,,,,,,,,,,,
754,1,DDP,Dem_Arroz,,,,2047,2.8225,,,,,,,,,,,,,,,,,,,,,
754,1,DDP,Dem_Arroz,,,,2048,2.8747,,,,,,,,,,,,,,,,,,,,,
754,1,DDP,Dem_Arroz,,,,2049,2.9269,,,,,,,,,,,,,,,,,,,,,
754,1,DDP,Dem_Arroz,,,,2050,2.9791,,,,,,,,,,,,,,,,,,,,,
754,1,DDP,Dem_Arroz,,,,2051,3.0313,,,,,,,,,,,,,,,,,,,,,
754,1,DDP,Dem_Arroz,,,,2052,3.0835,,,,,,,,,,,,,,,,,,,,,
754,1,DDP,Dem_Arroz,,,,2053,3.1357,,,,,,,,,,,,,,,,,,,,,
754,1,DDP,Dem_Arroz,,,,2054,3.1879,,,,,,,,,,,,,,,,,,,,,
754,1,DDP,Dem_Arroz,,,,2055,3.24,,,,,,,,,,,,,,,,,,,,,
754,1,DDP,Dem_Arroz,,,,2056,3.2922,,,,,,,,,,,,,,,,,,,,,
754,1,DDP,Dem_Arroz,,,,2057,3.3444,,,,,,,,,,,,,,,,,,,,,
754,1,DDP,Dem_Arroz,,,,2058,3.3966,,,,,,,,,,,,,,,,,,,,,
754,1,DDP,Dem_Arroz,,,,2059,3.4488,,,,,,,,,,,,,,,,,,,,,
754,1,DDP,Dem_Arroz,,,,2060,3.501,,,,,,,,,,,,,,,,,,,,,
754,1,DDP,Dem_Arroz,,,,2061,3.5532,,,,,,,,,,,,,,,,,,,,,
754,1,DDP,Dem_Arroz,,,,2062,3.6054,,,,,,,,,,,,,,,,,,,,,
754,1,DDP,Dem_Arroz,,,,2063,3.6576,,,,,,,,,,,,,,,,,,,,,
754,1,DDP,Dem_Arroz,,,,2064,3.7098,,,,,,,,,,,,,,,,,,,,,
754,1,DDP,Dem_Arroz,,,,2065,3.762,,,,,,,,,,,,,,,,,,,,,
754,1,DDP,Dem_Arroz,,,,2066,3.8142,,,,,,,,,,,,,,,,,,,,,
754,1,DDP,Dem_Arroz,,,,2067,3.8664,,,,,,,,,,,,,,,,,,,,,
754,1,DDP,Dem_Arroz,,,,2068,3.9186,,,,,,,,,,,,,,,,,,,,,
754,1,DDP,Dem_Arroz,,,,2069,3.9708,,,,,,,,,,,,,,,,,,,,,
754,1,DDP,Dem_Arroz,,,,2070,4.023,,,,,,,,,,,,,,,,,,,,,
754,1,DDP,Dem_Cacao,,,,2018,0.0809,,,,,,,,,,,,,,,,,,,,,
754,1,DDP,Dem_Cacao,,,,2019,0.0825,,,,,,,,,,,,,,,,,,,,,
754,1,DDP,Dem_Cacao,,,,2020,0.084,,,,,,,,,,,,,,,,,,,,,
754,1,DDP,Dem_Cacao,,,,2021,0.0874,,,,,,,,,,,,,,,,,,,,,
754,1,DDP,Dem_Cacao,,,,2022,0.0967,,,,,,,,,,,,,,,,,,,,,
754,1,DDP,Dem_Cacao,,,,2023,0.1197,,,,,,,,,,,,,,,,,,,,,
754,1,DDP,Dem_Cacao,,,,2024,0.1287,,,,,,,,,,,,,,,,,,,,,
754,1,DDP,Dem_Cacao,,,,2025,0.1378,,,,,,,,,,,,,,,,,,,,,
754,1,DDP,Dem_Cacao,,,,2026,0.1468,,,,,,,,,,,,,,,,,,,,,
754,1,DDP,Dem_Cacao,,,,2027,0.1559,,,,,,,,,,,,,,,,,,,,,
754,1,DDP,Dem_Cacao,,,,2028,0.1649,,,,,,,,,,,,,,,,,,,,,
754,1,DDP,Dem_Cacao,,,,2029,0.174,,,,,,,,,,,,,,,,,,,,,
754,1,DDP,Dem_Cacao,,,,2030,0.1831,,,,,,,,,,,,,,,,,,,,,
754,1,DDP,Dem_Cacao,,,,2031,0.1921,,,,,,,,,,,,,,,,,,,,,
754,1,DDP,Dem_Cacao,,,,2032,0.2012,,,,,,,,,,,,,,,,,,,,,
754,1,DDP,Dem_Cacao,,,,2033,0.2102,,,,,,,,,,,,,,,,,,,,,
754,1,DDP,Dem_Cacao,,,,2034,0.2193,,,,,,,,,,,,,,,,,,,,,
754,1,DDP,Dem_Cacao,,,,2035,0.2283,,,,,,,,,,,,,,,,,,,,,
754,1,DDP,Dem_Cacao,,,,2036,0.2374,,,,,,,,,,,,,,,,,,,,,
754,1,DDP,Dem_Cacao,,,,2037,0.2465,,,,,,,,,,,,,,,,,,,,,
754,1,DDP,Dem_Cacao,,,,2038,0.2555,,,,,,,,,,,,,,,,,,,,,
754,1,DDP,Dem_Cacao,,,,2039,0.2646,,,,,,,,,,,,,,,,,,,,,
754,1,DDP,Dem_Cacao,,,,2040,0.2736,,,,,,,,,,,,,,,,,,,,,
754,1,DDP,Dem_Cacao,,,,2041,0.2827,,,,,,,,,,,,,,,,,,,,,
754,1,DDP,Dem_Cacao,,,,2042,0.2917,,,,,,,,,,,,,,,,,,,,,
754,1,DDP,Dem_Cacao,,,,2043,0.3008,,,,,,,,,,,,,,,,,,,,,
754,1,DDP,Dem_Cacao,,,,2044,0.3099,,,,,,,,,,,,,,,,,,,,,
754,1,DDP,Dem_Cacao,,,,2045,0.3189,,,,,,,,,,,,,,,,,,,,,
754,1,DDP,Dem_Cacao,,,,2046,0.328,,,,,,,,,,,,,,,,,,,,,
754,1,DDP,Dem_Cacao,,,,2047,0.337,,,,,,,,,,,,,,,,,,,,,
754,1,DDP,Dem_Cacao,,,,2048,0.3461,,,,,,,,,,,,,,,,,,,,,
754,1,DDP,Dem_Cacao,,,,2049,0.3552,,,,,,,,,,,,,,,,,,,,,
754,1,DDP,Dem_Cacao,,,,2050,0.3642,,,,,,,,,,,,,,,,,,,,,
754,1,DDP,Dem_Cacao,,,,2051,0.3733,,,,,,,,,,,,,,,,,,,,,
754,1,DDP,Dem_Cacao,,,,2052,0.3823,,,,,,,,,,,,,,,,,,,,,
754,1,DDP,Dem_Cacao,,,,2053,0.3914,,,,,,,,,,,,,,,,,,,,,
754,1,DDP,Dem_Cacao,,,,2054,0.4004,,,,,,,,,,,,,,,,,,,,,
754,1,DDP,Dem_Cacao,,,,2055,0.4095,,,,,,,,,,,,,,,,,,,,,
754,1,DDP,Dem_Cacao,,,,2056,0.4186,,,,,,,,,,,,,,,,,,,,,
754,1,DDP,Dem_Cacao,,,,2057,0.4276,,,,,,,,,,,,,,,,,,,,,
754,1,DDP,Dem_Cacao,,,,2058,0.4367,,,,,,,,,,,,,,,,,,,,,
754,1,DDP,Dem_Cacao,,,,2059,0.4457,,,,,,,,,,,,,,,,,,,,,
754,1,DDP,Dem_Cacao,,,,2060,0.4548,,,,,,,,,,,,,,,,,,,,,
754,1,DDP,Dem_Cacao,,,,2061,0.4638,,,,,,,,,,,,,,,,,,,,,
754,1,DDP,Dem_Cacao,,,,2062,0.4729,,,,,,,,,,,,,,,,,,,,,
754,1,DDP,Dem_Cacao,,,,2063,0.482,,,,,,,,,,,,,,,,,,,,,
754,1,DDP,Dem_Cacao,,,,2064,0.491,,,,,,,,,,,,,,,,,,,,,
754,1,DDP,Dem_Cacao,,,,2065,0.5001,,,,,,,,,,,,,,,,,,,,,
754,1,DDP,Dem_Cacao,,,,2066,0.5091,,,,,,,,,,,,,,,,,,,,,
754,1,DDP,Dem_Cacao,,,,2067,0.5182,,,,,,,,,,,,,,,,,,,,,
754,1,DDP,Dem_Cacao,,,,2068,0.5273,,,,,,,,,,,,,,,,,,,,,
754,1,DDP,Dem_Cacao,,,,2069,0.5363,,,,,,,,,,,,,,,,,,,,,
754,1,DDP,Dem_Cacao,,,,2070,0.5454,,,,,,,,,,,,,,,,,,,,,
754,1,DDP,Dem_Cafe,,,,2018,0.013,,,,,,,,,,,,,,,,,,,,,
754,1,DDP,Dem_Cafe,,,,2019,0.0115,,,,,,,,,,,,,,,,,,,,,
754,1,DDP,Dem_Cafe,,,,2020,0.0118,,,,,,,,,,,,,,,,,,,,,
754,1,DDP,Dem_Cafe,,,,2021,0.01,,,,,,,,,,,,,,,,,,,,,
754,1,DDP,Dem_Cafe,,,,2022,0.0117,,,,,,,,,,,,,,,,,,,,,
754,1,DDP,Dem_Cafe,,,,2023,0.0121,,,,,,,,,,,,,,,,,,,,,
754,1,DDP,Dem_Cafe,,,,2024,0.0172,,,,,,,,,,,,,,,,,,,,,
754,1,DDP,Dem_Cafe,,,,2025,0.0223,,,,,,,,,,,,,,,,,,,,,
754,1,DDP,Dem_Cafe,,,,2026,0.0275,,,,,,,,,,,,,,,,,,,,,
754,1,DDP,Dem_Cafe,,,,2027,0.0326,,,,,,,,,,,,,,,,,,,,,
754,1,DDP,Dem_Cafe,,,,2028,0.0377,,,,,,,,,,,,,,,,,,,,,
754,1,DDP,Dem_Cafe,,,,2029,0.0428,,,,,,,,,,,,,,,,,,,,,
754,1,DDP,Dem_Cafe,,,,2030,0.0479,,,,,,,,,,,,,,,,,,,,,
754,1,DDP,Dem_Cafe,,,,2031,0.0531,,,,,,,,,,,,,,,,,,,,,
754,1,DDP,Dem_Cafe,,,,2032,0.0582,,,,,,,,,,,,,,,,,,,,,
754,1,DDP,Dem_Cafe,,,,2033,0.0633,,,,,,,,,,,,,,,,,,,,,
754,1,DDP,Dem_Cafe,,,,2034,0.0684,,,,,,,,,,,,,,,,,,,,,
754,1,DDP,Dem_Cafe,,,,2035,0.0735,,,,,,,,,,,,,,,,,,,,,
754,1,DDP,Dem_Cafe,,,,2036,0.0787,,,,,,,,,,,,,,,,,,,,,
754,1,DDP,Dem_Cafe,,,,2037,0.0838,,,,,,,,,,,,,,,,,,,,,
754,1,DDP,Dem_Cafe,,,,2038,0.0889,,,,,,,,,,,,,,,,,,,,,
754,1,DDP,Dem_Cafe,,,,2039,0.094,,,,,,,,,,,,,,,,,,,,,
754,1,DDP,Dem_Cafe,,,,2040,0.0991,,,,,,,,,,,,,,,,,,,,,
754,1,DDP,Dem_Cafe,,,,2041,0.1043,,,,,,,,,,,,,,,,,,,,,
754,1,DDP,Dem_Cafe,,,,2042,0.1094,,,,,,,,,,,,,,,,,,,,,
754,1,DDP,Dem_Cafe,,,,2043,0.1145,,,,,,,,,,,,,,,,,,,,,
754,1,DDP,Dem_Cafe,,,,2044,0.1196,,,,,,,,,,,,,,,,,,,,,
754,1,DDP,Dem_Cafe,,,,2045,0.1247,,,,,,,,,,,,,,,,,,,,,
754,1,DDP,Dem_Cafe,,,,2046,0.1299,,,,,,,,,,,,,,,,,,,,,
754,1,DDP,Dem_Cafe,,,,2047,0.135,,,,,,,,,,,,,,,,,,,,,
754,1,DDP,Dem_Cafe,,,,2048,0.1401,,,,,,,,,,,,,,,,,,,,,
754,1,DDP,Dem_Cafe,,,,2049,0.1452,,,,,,,,,,,,,,,,,,,,,
754,1,DDP,Dem_Cafe,,,,2050,0.1503,,,,,,,,,,,,,,,,,,,,,
754,1,DDP,Dem_Cafe,,,,2051,0.1555,,,,,,,,,,,,,,,,,,,,,
754,1,DDP,Dem_Cafe,,,,2052,0.1606,,,,,,,,,,,,,,,,,,,,,
754,1,DDP,Dem_Cafe,,,,2053,0.1657,,,,,,,,,,,,,,,,,,,,,
754,1,DDP,Dem_Cafe,,,,2054,0.1708,,,,,,,,,,,,,,,,,,,,,
754,1,DDP,Dem_Cafe,,,,2055,0.1759,,,,,,,,,,,,,,,,,,,,,
754,1,DDP,Dem_Cafe,,,,2056,0.1811,,,,,,,,,,,,,,,,,,,,,
754,1,DDP,Dem_Cafe,,,,2057,0.1862,,,,,,,,,,,,,,,,,,,,,
754,1,DDP,Dem_Cafe,,,,2058,0.1913,,,,,,,,,,,,,,,,,,,,,
754,1,DDP,Dem_Cafe,,,,2059,0.1964,,,,,,,,,,,,,,,,,,,,,
754,1,DDP,Dem_Cafe,,,,2060,0.2015,,,,,,,,,,,,,,,,,,,,,
754,1,DDP,Dem_Cafe,,,,2061,0.2067,,,,,,,,,,,,,,,,,,,,,
754,1,DDP,Dem_Cafe,,,,2062,0.2118,,,,,,,,,,,,,,,,,,,,,
754,1,DDP,Dem_Cafe,,,,2063,0.2169,,,,,,,,,,,,,,,,,,,,,
754,1,DDP,Dem_Cafe,,,,2064,0.222,,,,,,,,,,,,,,,,,,,,,
754,1,DDP,Dem_Cafe,,,,2065,0.2271,,,,,,,,,,,,,,,,,,,,,
754,1,DDP,Dem_Cafe,,,,2066,0.2323,,,,,,,,,,,,,,,,,,,,,
754,1,DDP,Dem_Cafe,,,,2067,0.2374,,,,,,,,,,,,,,,,,,,,,
754,1,DDP,Dem_Cafe,,,,2068,0.2425,,,,,,,,,,,,,,,,,,,,,
754,1,DDP,Dem_Cafe,,,,2069,0.2476,,,,,,,,,,,,,,,,,,,,,
754,1,DDP,Dem_Cafe,,,,2070,0.2527,,,,,,,,,,,,,,,,,,,,,
754,1,DDP,Dem_Cana,,,,2018,7.8752,,,,,,,,,,,,,,,,,,,,,
754,1,DDP,Dem_Cana,,,,2019,10.0581,,,,,,,,,,,,,,,,,,,,,
754,1,DDP,Dem_Cana,,,,2020,11.3838,,,,,,,,,,,,,,,,,,,,,
754,1,DDP,Dem_Cana,,,,2021,11.6892,,,,,,,,,,,,,,,,,,,,,
754,1,DDP,Dem_Cana,,,,2022,12.0107,,,,,,,,,,,,,,,,,,,,,
754,1,DDP,Dem_Cana,,,,2023,12.4273,,,,,,,,,,,,,,,,,,,,,
754,1,DDP,Dem_Cana,,,,2024,12.4308,,,,,,,,,,,,,,,,,,,,,
754,1,DDP,Dem_Cana,,,,2025,12.4343,,,,,,,,,,,,,,,,,,,,,
754,1,DDP,Dem_Cana,,,,2026,12.4378,,,,,,,,,,,,,,,,,,,,,
754,1,DDP,Dem_Cana,,,,2027,12.4412,,,,,,,,,,,,,,,,,,,,,
754,1,DDP,Dem_Cana,,,,2028,12.4447,,,,,,,,,,,,,,,,,,,,,
754,1,DDP,Dem_Cana,,,,2029,12.4482,,,,,,,,,,,,,,,,,,,,,
754,1,DDP,Dem_Cana,,,,2030,12.4517,,,,,,,,,,,,,,,,,,,,,
754,1,DDP,Dem_Cana,,,,2031,12.4551,,,,,,,,,,,,,,,,,,,,,
754,1,DDP,Dem_Cana,,,,2032,12.4586,,,,,,,,,,,,,,,,,,,,,
754,1,DDP,Dem_Cana,,,,2033,12.4621,,,,,,,,,,,,,,,,,,,,,
754,1,DDP,Dem_Cana,,,,2034,12.4656,,,,,,,,,,,,,,,,,,,,,
754,1,DDP,Dem_Cana,,,,2035,12.469,,,,,,,,,,,,,,,,,,,,,
754,1,DDP,Dem_Cana,,,,2036,12.4725,,,,,,,,,,,,,,,,,,,,,
754,1,DDP,Dem_Cana,,,,2037,12.476,,,,,,,,,,,,,,,,,,,,,
754,1,DDP,Dem_Cana,,,,2038,12.4795,,,,,,,,,,,,,,,,,,,,,
754,1,DDP,Dem_Cana,,,,2039,12.4829,,,,,,,,,,,,,,,,,,,,,
754,1,DDP,Dem_Cana,,,,2040,12.4864,,,,,,,,,,,,,,,,,,,,,
754,1,DDP,Dem_Cana,,,,2041,12.4899,,,,,,,,,,,,,,,,,,,,,
754,1,DDP,Dem_Cana,,,,2042,12.4934,,,,,,,,,,,,,,,,,,,,,
754,1,DDP,Dem_Cana,,,,2043,12.4968,,,,,,,,,,,,,,,,,,,,,
754,1,DDP,Dem_Cana,,,,2044,12.5003,,,,,,,,,,,,,,,,,,,,,
754,1,DDP,Dem_Cana,,,,2045,12.5038,,,,,,,,,,,,,,,,,,,,,
754,1,DDP,Dem_Cana,,,,2046,12.5073,,,,,,,,,,,,,,,,,,,,,
754,1,DDP,Dem_Cana,,,,2047,12.5107,,,,,,,,,,,,,,,,,,,,,
754,1,DDP,Dem_Cana,,,,2048,12.5142,,,,,,,,,,,,,,,,,,,,,
754,1,DDP,Dem_Cana,,,,2049,12.5177,,,,,,,,,,,,,,,,,,,,,
754,1,DDP,Dem_Cana,,,,2050,12.5212,,,,,,,,,,,,,,,,,,,,,
754,1,DDP,Dem_Cana,,,,2051,12.5247,,,,,,,,,,,,,,,,,,,,,
754,1,DDP,Dem_Cana,,,,2052,12.5281,,,,,,,,,,,,,,,,,,,,,
754,1,DDP,Dem_Cana,,,,2053,12.5316,,,,,,,,,,,,,,,,,,,,,
754,1,DDP,Dem_Cana,,,,2054,12.5351,,,,,,,,,,,,,,,,,,,,,
754,1,DDP,Dem_Cana,,,,2055,12.5386,,,,,,,,,,,,,,,,,,,,,
754,1,DDP,Dem_Cana,,,,2056,12.542,,,,,,,,,,,,,,,,,,,,,
754,1,DDP,Dem_Cana,,,,2057,12.5455,,,,,,,,,,,,,,,,,,,,,
754,1,DDP,Dem_Cana,,,,2058,12.549,,,,,,,,,,,,,,,,,,,,,
754,1,DDP,Dem_Cana,,,,2059,12.5525,,,,,,,,,,,,,,,,,,,,,
754,1,DDP,Dem_Cana,,,,2060,12.5559,,,,,,,,,,,,,,,,,,,,,
754,1,DDP,Dem_Cana,,,,2061,12.5594,,,,,,,,,,,,,,,,,,,,,
754,1,DDP,Dem_Cana,,,,2062,12.5629,,,,,,,,,,,,,,,,,,,,,
754,1,DDP,Dem_Cana,,,,2063,12.5664,,,,,,,,,,,,,,,,,,,,,
754,1,DDP,Dem_Cana,,,,2064,12.5698,,,,,,,,,,,,,,,,,,,,,
754,1,DDP,Dem_Cana,,,,2065,12.5733,,,,,,,,,,,,,,,,,,,,,
754,1,DDP,Dem_Cana,,,,2066,12.5768,,,,,,,,,,,,,,,,,,,,,
754,1,DDP,Dem_Cana,,,,2067,12.5803,,,,,,,,,,,,,,,,,,,,,
754,1,DDP,Dem_Cana,,,,2068,12.5837,,,,,,,,,,,,,,,,,,,,,
754,1,DDP,Dem_Cana,,,,2069,12.5872,,,,,,,,,,,,,,,,,,,,,
754,1,DDP,Dem_Cana,,,,2070,12.5907,,,,,,,,,,,,,,,,,,,,,
754,1,DDP,Dem_Maiz,,,,2018,1.506,,,,,,,,,,,,,,,,,,,,,
754,1,DDP,Dem_Maiz,,,,2019,1.6506,,,,,,,,,,,,,,,,,,,,,
754,1,DDP,Dem_Maiz,,,,2020,1.5121,,,,,,,,,,,,,,,,,,,,,
754,1,DDP,Dem_Maiz,,,,2021,1.9016,,,,,,,,,,,,,,,,,,,,,
754,1,DDP,Dem_Maiz,,,,2022,1.9607,,,,,,,,,,,,,,,,,,,,,
754,1,DDP,Dem_Maiz,,,,2023,2.0216,,,,,,,,,,,,,,,,,,,,,
754,1,DDP,Dem_Maiz,,,,2024,2.1027,,,,,,,,,,,,,,,,,,,,,
754,1,DDP,Dem_Maiz,,,,2025,2.1838,,,,,,,,,,,,,,,,,,,,,
754,1,DDP,Dem_Maiz,,,,2026,2.2649,,,,,,,,,,,,,,,,,,,,,
754,1,DDP,Dem_Maiz,,,,2027,2.3461,,,,,,,,,,,,,,,,,,,,,
754,1,DDP,Dem_Maiz,,,,2028,2.4272,,,,,,,,,,,,,,,,,,,,,
754,1,DDP,Dem_Maiz,,,,2029,2.5083,,,,,,,,,,,,,,,,,,,,,
754,1,DDP,Dem_Maiz,,,,2030,2.5895,,,,,,,,,,,,,,,,,,,,,
754,1,DDP,Dem_Maiz,,,,2031,2.6706,,,,,,,,,,,,,,,,,,,,,
754,1,DDP,Dem_Maiz,,,,2032,2.7517,,,,,,,,,,,,,,,,,,,,,
754,1,DDP,Dem_Maiz,,,,2033,2.8329,,,,,,,,,,,,,,,,,,,,,
754,1,DDP,Dem_Maiz,,,,2034,2.914,,,,,,,,,,,,,,,,,,,,,
754,1,DDP,Dem_Maiz,,,,2035,2.9951,,,,,,,,,,,,,,,,,,,,,
754,1,DDP,Dem_Maiz,,,,2036,3.0763,,,,,,,,,,,,,,,,,,,,,
754,1,DDP,Dem_Maiz,,,,2037,3.1574,,,,,,,,,,,,,,,,,,,,,
754,1,DDP,Dem_Maiz,,,,2038,3.2385,,,,,,,,,,,,,,,,,,,,,
754,1,DDP,Dem_Maiz,,,,2039,3.3196,,,,,,,,,,,,,,,,,,,,,
754,1,DDP,Dem_Maiz,,,,2040,3.4008,,,,,,,,,,,,,,,,,,,,,
754,1,DDP,Dem_Maiz,,,,2041,3.4819,,,,,,,,,,,,,,,,,,,,,
754,1,DDP,Dem_Maiz,,,,2042,3.563,,,,,,,,,,,,,,,,,,,,,
754,1,DDP,Dem_Maiz,,,,2043,3.6442,,,,,,,,,,,,,,,,,,,,,
754,1,DDP,Dem_Maiz,,,,2044,3.7253,,,,,,,,,,,,,,,,,,,,,
754,1,DDP,Dem_Maiz,,,,2045,3.8064,,,,,,,,,,,,,,,,,,,,,
754,1,DDP,Dem_Maiz,,,,2046,3.8876,,,,,,,,,,,,,,,,,,,,,
754,1,DDP,Dem_Maiz,,,,2047,3.9687,,,,,,,,,,,,,,,,,,,,,
754,1,DDP,Dem_Maiz,,,,2048,4.0498,,,,,,,,,,,,,,,,,,,,,
754,1,DDP,Dem_Maiz,,,,2049,4.131,,,,,,,,,,,,,,,,,,,,,
754,1,DDP,Dem_Maiz,,,,2050,4.2121,,,,,,,,,,,,,,,,,,,,,
754,1,DDP,Dem_Maiz,,,,2051,4.2932,,,,,,,,,,,,,,,,,,,,,
754,1,DDP,Dem_Maiz,,,,2052,4.3743,,,,,,,,,,,,,,,,,,,,,
754,1,DDP,Dem_Maiz,,,,2053,4.4555,,,,,,,,,,,,,,,,,,,,,
754,1,DDP,Dem_Maiz,,,,2054,4.5366,,,,,,,,,,,,,,,,,,,,,
754,1,DDP,Dem_Maiz,,,,2055,4.6177,,,,,,,,,,,,,,,,,,,,,
754,1,DDP,Dem_Maiz,,,,2056,4.6989,,,,,,,,,,,,,,,,,,,,,
754,1,DDP,Dem_Maiz,,,,2057,4.78,,,,,,,,,,,,,,,,,,,,,
754,1,DDP,Dem_Maiz,,,,2058,4.8611,,,,,,,,,,,,,,,,,,,,,
754,1,DDP,Dem_Maiz,,,,2059,4.9423,,,,,,,,,,,,,,,,,,,,,
754,1,DDP,Dem_Maiz,,,,2060,5.0234,,,,,,,,,,,,,,,,,,,,,
754,1,DDP,Dem_Maiz,,,,2061,5.1045,,,,,,,,,,,,,,,,,,,,,
754,1,DDP,Dem_Maiz,,,,2062,5.1857,,,,,,,,,,,,,,,,,,,,,
754,1,DDP,Dem_Maiz,,,,2063,5.2668,,,,,,,,,,,,,,,,,,,,,
754,1,DDP,Dem_Maiz,,,,2064,5.3479,,,,,,,,,,,,,,,,,,,,,
754,1,DDP,Dem_Maiz,,,,2065,5.4291,,,,,,,,,,,,,,,,,,,,,
754,1,DDP,Dem_Maiz,,,,2066,5.5102,,,,,,,,,,,,,,,,,,,,,
754,1,DDP,Dem_Maiz,,,,2067,5.5913,,,,,,,,,,,,,,,,,,,,,
754,1,DDP,Dem_Maiz,,,,2068,5.6724,,,,,,,,,,,,,,,,,,,,,
754,1,DDP,Dem_Maiz,,,,2069,5.7536,,,,,,,,,,,,,,,,,,,,,
754,1,DDP,Dem_Maiz,,,,2070,5.8347,,,,,,,,,,,,,,,,,,,,,
754,1,DDP,Dem_Palma,,,,2018,2.5119,,,,,,,,,,,,,,,,,,,,,
754,1,DDP,Dem_Palma,,,,2019,2.1092,,,,,,,,,,,,,,,,,,,,,
754,1,DDP,Dem_Palma,,,,2020,2.2902,,,,,,,,,,,,,,,,,,,,,
754,1,DDP,Dem_Palma,,,,2021,2.321,,,,,,,,,,,,,,,,,,,,,
754,1,DDP,Dem_Palma,,,,2022,2.3891,,,,,,,,,,,,,,,,,,,,,
754,1,DDP,Dem_Palma,,,,2023,2.4734,,,,,,,,,,,,,,,,,,,,,
754,1,DDP,Dem_Palma,,,,2024,2.5674,,,,,,,,,,,,,,,,,,,,,
754,1,DDP,Dem_Palma,,,,2025,2.6614,,,,,,,,,,,,,,,,,,,,,
754,1,DDP,Dem_Palma,,,,2026,2.7554,,,,,,,,,,,,,,,,,,,,,
754,1,DDP,Dem_Palma,,,,2027,2.8494,,,,,,,,,,,,,,,,,,,,,
754,1,DDP,Dem_Palma,,,,2028,2.9434,,,,,,,,,,,,,,,,,,,,,
754,1,DDP,Dem_Palma,,,,2029,3.0374,,,,,,,,,,,,,,,,,,,,,
754,1,DDP,Dem_Palma,,,,2030,3.1314,,,,,,,,,,,,,,,,,,,,,
754,1,DDP,Dem_Palma,,,,2031,3.2254,,,,,,,,,,,,,,,,,,,,,
754,1,DDP,Dem_Palma,,,,2032,3.3194,,,,,,,,,,,,,,,,,,,,,
754,1,DDP,Dem_Palma,,,,2033,3.4134,,,,,,,,,,,,,,,,,,,,,
754,1,DDP,Dem_Palma,,,,2034,3.5074,,,,,,,,,,,,,,,,,,,,,
754,1,DDP,Dem_Palma,,,,2035,3.6014,,,,,,,,,,,,,,,,,,,,,
754,1,DDP,Dem_Palma,,,,2036,3.6954,,,,,,,,,,,,,,,,,,,,,
754,1,DDP,Dem_Palma,,,,2037,3.7894,,,,,,,,,,,,,,,,,,,,,
754,1,DDP,Dem_Palma,,,,2038,3.8834,,,,,,,,,,,,,,,,,,,,,
754,1,DDP,Dem_Palma,,,,2039,3.9774,,,,,,,,,,,,,,,,,,,,,
754,1,DDP,Dem_Palma,,,,2040,4.0714,,,,,,,,,,,,,,,,,,,,,
754,1,DDP,Dem_Palma,,,,2041,4.1654,,,,,,,,,,,,,,,,,,,,,
754,1,DDP,Dem_Palma,,,,2042,4.2594,,,,,,,,,,,,,,,,,,,,,
754,1,DDP,Dem_Palma,,,,2043,4.3534,,,,,,,,,,,,,,,,,,,,,
754,1,DDP,Dem_Palma,,,,2044,4.4474,,,,,,,,,,,,,,,,,,,,,
754,1,DDP,Dem_Palma,,,,2045,4.5414,,,,,,,,,,,,,,,,,,,,,
754,1,DDP,Dem_Palma,,,,2046,4.6354,,,,,,,,,,,,,,,,,,,,,
754,1,DDP,Dem_Palma,,,,2047,4.7294,,,,,,,,,,,,,,,,,,,,,
754,1,DDP,Dem_Palma,,,,2048,4.8234,,,,,,,,,,,,,,,,,,,,,
754,1,DDP,Dem_Palma,,,,2049,4.9174,,,,,,,,,,,,,,,,,,,,,
754,1,DDP,Dem_Palma,,,,2050,5.0114,,,,,,,,,,,,,,,,,,,,,
754,1,DDP,Dem_Palma,,,,2051,5.1054,,,,,,,,,,,,,,,,,,,,,
754,1,DDP,Dem_Palma,,,,2052,5.1994,,,,,,,,,,,,,,,,,,,,,
754,1,DDP,Dem_Palma,,,,2053,5.2934,,,,,,,,,,,,,,,,,,,,,
754,1,DDP,Dem_Palma,,,,2054,5.3874,,,,,,,,,,,,,,,,,,,,,
754,1,DDP,Dem_Palma,,,,2055,5.4814,,,,,,,,,,,,,,,,,,,,,
754,1,DDP,Dem_Palma,,,,2056,5.5754,,,,,,,,,,,,,,,,,,,,,
754,1,DDP,Dem_Palma,,,,2057,5.6694,,,,,,,,,,,,,,,,,,,,,
754,1,DDP,Dem_Palma,,,,2058,5.7634,,,,,,,,,,,,,,,,,,,,,
754,1,DDP,Dem_Palma,,,,2059,5.8574,,,,,,,,,,,,,,,,,,,,,
754,1,DDP,Dem_Palma,,,,2060,5.9514,,,,,,,,,,,,,,,,,,,,,
754,1,DDP,Dem_Palma,,,,2061,6.0454,,,,,,,,,,,,,,,,,,,,,
754,1,DDP,Dem_Palma,,,,2062,6.1394,,,,,,,,,,,,,,,,,,,,,
754,1,DDP,Dem_Palma,,,,2063,6.2334,,,,,,,,,,,,,,,,,,,,,
754,1,DDP,Dem_Palma,,,,2064,6.3274,,,,,,,,,,,,,,,,,,,,,
754,1,DDP,Dem_Palma,,,,2065,6.4214,,,,,,,,,,,,,,,,,,,,,
754,1,DDP,Dem_Palma,,,,2066,6.5154,,,,,,,,,,,,,,,,,,,,,
754,1,DDP,Dem_Palma,,,,2067,6.6094,,,,,,,,,,,,,,,,,,,,,
754,1,DDP,Dem_Palma,,,,2068,6.7034,,,,,,,,,,,,,,,,,,,,,
754,1,DDP,Dem_Palma,,,,2069,6.7974,,,,,,,,,,,,,,,,,,,,,
754,1,DDP,Dem_Palma,,,,2070,6.8914,,,,,,,,,,,,,,,,,,,,,
754,1,DDP,Dem_Soya,,,,2018,0.0255,,,,,,,,,,,,,,,,,,,,,
754,1,DDP,Dem_Soya,,,,2019,0.0395,,,,,,,,,,,,,,,,,,,,,
754,1,DDP,Dem_Soya,,,,2020,0.0272,,,,,,,,,,,,,,,,,,,,,
754,1,DDP,Dem_Soya,,,,2021,0.0201,,,,,,,,,,,,,,,,,,,,,
754,1,DDP,Dem_Soya,,,,2022,0.0206,,,,,,,,,,,,,,,,,,,,,
754,1,DDP,Dem_Soya,,,,2023,0.0213,,,,,,,,,,,,,,,,,,,,,
754,1,DDP,Dem_Soya,,,,2024,0.0222,,,,,,,,,,,,,,,,,,,,,
754,1,DDP,Dem_Soya,,,,2025,0.0231,,,,,,,,,,,,,,,,,,,,,
754,1,DDP,Dem_Soya,,,,2026,0.024,,,,,,,,,,,,,,,,,,,,,
754,1,DDP,Dem_Soya,,,,2027,0.0249,,,,,,,,,,,,,,,,,,,,,
754,1,DDP,Dem_Soya,,,,2028,0.0258,,,,,,,,,,,,,,,,,,,,,
754,1,DDP,Dem_Soya,,,,2029,0.0266,,,,,,,,,,,,,,,,,,,,,
754,1,DDP,Dem_Soya,,,,2030,0.0275,,,,,,,,,,,,,,,,,,,,,
754,1,DDP,Dem_Soya,,,,2031,0.0284,,,,,,,,,,,,,,,,,,,,,
754,1,DDP,Dem_Soya,,,,2032,0.0293,,,,,,,,,,,,,,,,,,,,,
754,1,DDP,Dem_Soya,,,,2033,0.0302,,,,,,,,,,,,,,,,,,,,,
754,1,DDP,Dem_Soya,,,,2034,0.0311,,,,,,,,,,,,,,,,,,,,,
754,1,DDP,Dem_Soya,,,,2035,0.032,,,,,,,,,,,,,,,,,,,,,
754,1,DDP,Dem_Soya,,,,2036,0.0328,,,,,,,,,,,,,,,,,,,,,
754,1,DDP,Dem_Soya,,,,2037,0.0337,,,,,,,,,,,,,,,,,,,,,
754,1,DDP,Dem_Soya,,,,2038,0.0346,,,,,,,,,,,,,,,,,,,,,
754,1,DDP,Dem_Soya,,,,2039,0.0355,,,,,,,,,,,,,,,,,,,,,
754,1,DDP,Dem_Soya,,,,2040,0.0364,,,,,,,,,,,,,,,,,,,,,
754,1,DDP,Dem_Soya,,,,2041,0.0373,,,,,,,,,,,,,,,,,,,,,
754,1,DDP,Dem_Soya,,,,2042,0.0382,,,,,,,,,,,,,,,,,,,,,
754,1,DDP,Dem_Soya,,,,2043,0.039,,,,,,,,,,,,,,,,,,,,,
754,1,DDP,Dem_Soya,,,,2044,0.0399,,,,,,,,,,,,,,,,,,,,,
754,1,DDP,Dem_Soya,,,,2045,0.0408,,,,,,,,,,,,,,,,,,,,,
754,1,DDP,Dem_Soya,,,,2046,0.0417,,,,,,,,,,,,,,,,,,,,,
754,1,DDP,Dem_Soya,,,,2047,0.0426,,,,,,,,,,,,,,,,,,,,,
754,1,DDP,Dem_Soya,,,,2048,0.0435,,,,,,,,,,,,,,,,,,,,,
754,1,DDP,Dem_Soya,,,,2049,0.0444,,,,,,,,,,,,,,,,,,,,,
754,1,DDP,Dem_Soya,,,,2050,0.0453,,,,,,,,,,,,,,,,,,,,,
754,1,DDP,Dem_Soya,,,,2051,0.0461,,,,,,,,,,,,,,,,,,,,,
754,1,DDP,Dem_Soya,,,,2052,0.047,,,,,,,,,,,,,,,,,,,,,
754,1,DDP,Dem_Soya,,,,2053,0.0479,,,,,,,,,,,,,,,,,,,,,
754,1,DDP,Dem_Soya,,,,2054,0.0488,,,,,,,,,,,,,,,,,,,,,
754,1,DDP,Dem_Soya,,,,2055,0.0497,,,,,,,,,,,,,,,,,,,,,
754,1,DDP,Dem_Soya,,,,2056,0.0506,,,,,,,,,,,,,,,,,,,,,
754,1,DDP,Dem_Soya,,,,2057,0.0515,,,,,,,,,,,,,,,,,,,,,
754,1,DDP,Dem_Soya,,,,2058,0.0523,,,,,,,,,,,,,,,,,,,,,
754,1,DDP,Dem_Soya,,,,2059,0.0532,,,,,,,,,,,,,,,,,,,,,
754,1,DDP,Dem_Soya,,,,2060,0.0541,,,,,,,,,,,,,,,,,,,,,
754,1,DDP,Dem_Soya,,,,2061,0.055,,,,,,,,,,,,,,,,,,,,,
754,1,DDP,Dem_Soya,,,,2062,0.0559,,,,,,,,,,,,,,,,,,,,,
754,1,DDP,Dem_Soya,,,,2063,0.0568,,,,,,,,,,,,,,,,,,,,,
754,1,DDP,Dem_Soya,,,,2064,0.0577,,,,,,,,,,,,,,,,,,,,,
754,1,DDP,Dem_Soya,,,,2065,0.0585,,,,,,,,,,,,,,,,,,,,,
754,1,DDP,Dem_Soya,,,,2066,0.0594,,,,,,,,,,,,,,,,,,,,,
754,1,DDP,Dem_Soya,,,,2067,0.0603,,,,,,,,,,,,,,,,,,,,,
754,1,DDP,Dem_Soya,,,,2068,0.0612,,,,,,,,,,,,,,,,,,,,,
754,1,DDP,Dem_Soya,,,,2069,0.0621,,,,,,,,,,,,,,,,,,,,,
754,1,DDP,Dem_Soya,,,,2070,0.063,,,,,,,,,,,,,,,,,,,,,
754,1,DDP,Dem_Palmito,,,,2018,0.013,,,,,,,,,,,,,,,,,,,,,
754,1,DDP,Dem_Palmito,,,,2019,0.0148,,,,,,,,,,,,,,,,,,,,,
754,1,DDP,Dem_Palmito,,,,2020,0.0103,,,,,,,,,,,,,,,,,,,,,
754,1,DDP,Dem_Palmito,,,,2021,0.0107,,,,,,,,,,,,,,,,,,,,,
754,1,DDP,Dem_Palmito,,,,2022,0.0195,,,,,,,,,,,,,,,,,,,,,
754,1,DDP,Dem_Palmito,,,,2023,0.0239,,,,,,,,,,,,,,,,,,,,,
754,1,DDP,Dem_Palmito,,,,2024,0.048,,,,,,,,,,,,,,,,,,,,,
754,1,DDP,Dem_Palmito,,,,2025,0.0722,,,,,,,,,,,,,,,,,,,,,
754,1,DDP,Dem_Palmito,,,,2026,0.0963,,,,,,,,,,,,,,,,,,,,,
754,1,DDP,Dem_Palmito,,,,2027,0.1205,,,,,,,,,,,,,,,,,,,,,
754,1,DDP,Dem_Palmito,,,,2028,0.1446,,,,,,,,,,,,,,,,,,,,,
754,1,DDP,Dem_Palmito,,,,2029,0.1687,,,,,,,,,,,,,,,,,,,,,
754,1,DDP,Dem_Palmito,,,,2030,0.1929,,,,,,,,,,,,,,,,,,,,,
754,1,DDP,Dem_Palmito,,,,2031,0.217,,,,,,,,,,,,,,,,,,,,,
754,1,DDP,Dem_Palmito,,,,2032,0.2412,,,,,,,,,,,,,,,,,,,,,
754,1,DDP,Dem_Palmito,,,,2033,0.2653,,,,,,,,,,,,,,,,,,,,,
754,1,DDP,Dem_Palmito,,,,2034,0.2895,,,,,,,,,,,,,,,,,,,,,
754,1,DDP,Dem_Palmito,,,,2035,0.3136,,,,,,,,,,,,,,,,,,,,,
754,1,DDP,Dem_Palmito,,,,2036,0.3378,,,,,,,,,,,,,,,,,,,,,
754,1,DDP,Dem_Palmito,,,,2037,0.3619,,,,,,,,,,,,,,,,,,,,,
754,1,DDP,Dem_Palmito,,,,2038,0.3861,,,,,,,,,,,,,,,,,,,,,
754,1,DDP,Dem_Palmito,,,,2039,0.4102,,,,,,,,,,,,,,,,,,,,,
754,1,DDP,Dem_Palmito,,,,2040,0.4344,,,,,,,,,,,,,,,,,,,,,
754,1,DDP,Dem_Palmito,,,,2041,0.4585,,,,,,,,,,,,,,,,,,,,,
754,1,DDP,Dem_Palmito,,,,2042,0.4826,,,,,,,,,,,,,,,,,,,,,
754,1,DDP,Dem_Palmito,,,,2043,0.5068,,,,,,,,,,,,,,,,,,,,,
754,1,DDP,Dem_Palmito,,,,2044,0.5309,,,,,,,,,,,,,,,,,,,,,
754,1,DDP,Dem_Palmito,,,,2045,0.5551,,,,,,,,,,,,,,,,,,,,,
754,1,DDP,Dem_Palmito,,,,2046,0.5792,,,,,,,,,,,,,,,,,,,,,
754,1,DDP,Dem_Palmito,,,,2047,0.6034,,,,,,,,,,,,,,,,,,,,,
754,1,DDP,Dem_Palmito,,,,2048,0.6275,,,,,,,,,,,,,,,,,,,,,
754,1,DDP,Dem_Palmito,,,,2049,0.6517,,,,,,,,,,,,,,,,,,,,,
754,1,DDP,Dem_Palmito,,,,2050,0.6758,,,,,,,,,,,,,,,,,,,,,
754,1,DDP,Dem_Palmito,,,,2051,0.7,,,,,,,,,,,,,,,,,,,,,
754,1,DDP,Dem_Palmito,,,,2052,0.7241,,,,,,,,,,,,,,,,,,,,,
754,1,DDP,Dem_Palmito,,,,2053,0.7483,,,,,,,,,,,,,,,,,,,,,
754,1,DDP,Dem_Palmito,,,,2054,0.7724,,,,,,,,,,,,,,,,,,,,,
754,1,DDP,Dem_Palmito,,,,2055,0.7965,,,,,,,,,,,,,,,,,,,,,
754,1,DDP,Dem_Palmito,,,,2056,0.8207,,,,,,,,,,,,,,,,,,,,,
754,1,DDP,Dem_Palmito,,,,2057,0.8448,,,,,,,,,,,,,,,,,,,,,
754,1,DDP,Dem_Palmito,,,,2058,0.869,,,,,,,,,,,,,,,,,,,,,
754,1,DDP,Dem_Palmito,,,,2059,0.8931,,,,,,,,,,,,,,,,,,,,,
754,1,DDP,Dem_Palmito,,,,2060,0.9173,,,,,,,,,,,,,,,,,,,,,
754,1,DDP,Dem_Palmito,,,,2061,0.9414,,,,,,,,,,,,,,,,,,,,,
754,1,DDP,Dem_Palmito,,,,2062,0.9656,,,,,,,,,,,,,,,,,,,,,
754,1,DDP,Dem_Palmito,,,,2063,0.9897,,,,,,,,,,,,,,,,,,,,,
754,1,DDP,Dem_Palmito,,,,2064,1.0139,,,,,,,,,,,,,,,,,,,,,
754,1,DDP,Dem_Palmito,,,,2065,1.038,,,,,,,,,,,,,,,,,,,,,
754,1,DDP,Dem_Palmito,,,,2066,1.0622,,,,,,,,,,,,,,,,,,,,,
754,1,DDP,Dem_Palmito,,,,2067,1.0863,,,,,,,,,,,,,,,,,,,,,
754,1,DDP,Dem_Palmito,,,,2068,1.1104,,,,,,,,,,,,,,,,,,,,,
754,1,DDP,Dem_Palmito,,,,2069,1.1346,,,,,,,,,,,,,,,,,,,,,
754,1,DDP,Dem_Palmito,,,,2070,1.1587,,,,,,,,,,,,,,,,,,,,,
754,1,DDP,Dem_Legumbres,,,,2018,0.0621,,,,,,,,,,,,,,,,,,,,,
754,1,DDP,Dem_Legumbres,,,,2019,0.0709,,,,,,,,,,,,,,,,,,,,,
754,1,DDP,Dem_Legumbres,,,,2020,0.0727,,,,,,,,,,,,,,,,,,,,,
754,1,DDP,Dem_Legumbres,,,,2021,0.0811,,,,,,,,,,,,,,,,,,,,,
754,1,DDP,Dem_Legumbres,,,,2022,0.0842,,,,,,,,,,,,,,,,,,,,,
754,1,DDP,Dem_Legumbres,,,,2023,0.0882,,,,,,,,,,,,,,,,,,,,,
754,1,DDP,Dem_Legumbres,,,,2024,0.0921,,,,,,,,,,,,,,,,,,,,,
754,1,DDP,Dem_Legumbres,,,,2025,0.0961,,,,,,,,,,,,,,,,,,,,,
754,1,DDP,Dem_Legumbres,,,,2026,0.1001,,,,,,,,,,,,,,,,,,,,,
754,1,DDP,Dem_Legumbres,,,,2027,0.104,,,,,,,,,,,,,,,,,,,,,
754,1,DDP,Dem_Legumbres,,,,2028,0.108,,,,,,,,,,,,,,,,,,,,,
754,1,DDP,Dem_Legumbres,,,,2029,0.112,,,,,,,,,,,,,,,,,,,,,
754,1,DDP,Dem_Legumbres,,,,2030,0.116,,,,,,,,,,,,,,,,,,,,,
754,1,DDP,Dem_Legumbres,,,,2031,0.1199,,,,,,,,,,,,,,,,,,,,,
754,1,DDP,Dem_Legumbres,,,,2032,0.1239,,,,,,,,,,,,,,,,,,,,,
754,1,DDP,Dem_Legumbres,,,,2033,0.1279,,,,,,,,,,,,,,,,,,,,,
754,1,DDP,Dem_Legumbres,,,,2034,0.1318,,,,,,,,,,,,,,,,,,,,,
754,1,DDP,Dem_Legumbres,,,,2035,0.1358,,,,,,,,,,,,,,,,,,,,,
754,1,DDP,Dem_Legumbres,,,,2036,0.1398,,,,,,,,,,,,,,,,,,,,,
754,1,DDP,Dem_Legumbres,,,,2037,0.1437,,,,,,,,,,,,,,,,,,,,,
754,1,DDP,Dem_Legumbres,,,,2038,0.1477,,,,,,,,,,,,,,,,,,,,,
754,1,DDP,Dem_Legumbres,,,,2039,0.1517,,,,,,,,,,,,,,,,,,,,,
754,1,DDP,Dem_Legumbres,,,,2040,0.1556,,,,,,,,,,,,,,,,,,,,,
754,1,DDP,Dem_Legumbres,,,,2041,0.1596,,,,,,,,,,,,,,,,,,,,,
754,1,DDP,Dem_Legumbres,,,,2042,0.1636,,,,,,,,,,,,,,,,,,,,,
754,1,DDP,Dem_Legumbres,,,,2043,0.1675,,,,,,,,,,,,,,,,,,,,,
754,1,DDP,Dem_Legumbres,,,,2044,0.1715,,,,,,,,,,,,,,,,,,,,,
754,1,DDP,Dem_Legumbres,,,,2045,0.1755,,,,,,,,,,,,,,,,,,,,,
754,1,DDP,Dem_Legumbres,,,,2046,0.1794,,,,,,,,,,,,,,,,,,,,,
754,1,DDP,Dem_Legumbres,,,,2047,0.1834,,,,,,,,,,,,,,,,,,,,,
754,1,DDP,Dem_Legumbres,,,,2048,0.1874,,,,,,,,,,,,,,,,,,,,,
754,1,DDP,Dem_Legumbres,,,,2049,0.1914,,,,,,,,,,,,,,,,,,,,,
754,1,DDP,Dem_Legumbres,,,,2050,0.1953,,,,,,,,,,,,,,,,,,,,,
754,1,DDP,Dem_Legumbres,,,,2051,0.1993,,,,,,,,,,,,,,,,,,,,,
754,1,DDP,Dem_Legumbres,,,,2052,0.2033,,,,,,,,,,,,,,,,,,,,,
754,1,DDP,Dem_Legumbres,,,,2053,0.2072,,,,,,,,,,,,,,,,,,,,,
754,1,DDP,Dem_Legumbres,,,,2054,0.2112,,,,,,,,,,,,,,,,,,,,,
754,1,DDP,Dem_Legumbres,,,,2055,0.2152,,,,,,,,,,,,,,,,,,,,,
754,1,DDP,Dem_Legumbres,,,,2056,0.2191,,,,,,,,,,,,,,,,,,,,,
754,1,DDP,Dem_Legumbres,,,,2057,0.2231,,,,,,,,,,,,,,,,,,,,,
754,1,DDP,Dem_Legumbres,,,,2058,0.2271,,,,,,,,,,,,,,,,,,,,,
754,1,DDP,Dem_Legumbres,,,,2059,0.231,,,,,,,,,,,,,,,,,,,,,
754,1,DDP,Dem_Legumbres,,,,2060,0.235,,,,,,,,,,,,,,,,,,,,,
754,1,DDP,Dem_Legumbres,,,,2061,0.239,,,,,,,,,,,,,,,,,,,,,
754,1,DDP,Dem_Legumbres,,,,2062,0.2429,,,,,,,,,,,,,,,,,,,,,
754,1,DDP,Dem_Legumbres,,,,2063,0.2469,,,,,,,,,,,,,,,,,,,,,
754,1,DDP,Dem_Legumbres,,,,2064,0.2509,,,,,,,,,,,,,,,,,,,,,
754,1,DDP,Dem_Legumbres,,,,2065,0.2549,,,,,,,,,,,,,,,,,,,,,
754,1,DDP,Dem_Legumbres,,,,2066,0.2588,,,,,,,,,,,,,,,,,,,,,
754,1,DDP,Dem_Legumbres,,,,2067,0.2628,,,,,,,,,,,,,,,,,,,,,
754,1,DDP,Dem_Legumbres,,,,2068,0.2668,,,,,,,,,,,,,,,,,,,,,
754,1,DDP,Dem_Legumbres,,,,2069,0.2707,,,,,,,,,,,,,,,,,,,,,
754,1,DDP,Dem_Legumbres,,,,2070,0.2747,,,,,,,,,,,,,,,,,,,,,
754,1,DDP,Dem_Cereales,,,,2018,1.1359,,,,,,,,,,,,,,,,,,,,,
754,1,DDP,Dem_Cereales,,,,2019,1.1918,,,,,,,,,,,,,,,,,,,,,
754,1,DDP,Dem_Cereales,,,,2020,1.2855,,,,,,,,,,,,,,,,,,,,,
754,1,DDP,Dem_Cereales,,,,2021,1.5159,,,,,,,,,,,,,,,,,,,,,
754,1,DDP,Dem_Cereales,,,,2022,1.7567,,,,,,,,,,,,,,,,,,,,,
754,1,DDP,Dem_Cereales,,,,2023,1.7697,,,,,,,,,,,,,,,,,,,,,
754,1,DDP,Dem_Cereales,,,,2024,2.0325,,,,,,,,,,,,,,,,,,,,,
754,1,DDP,Dem_Cereales,,,,2025,2.2952,,,,,,,,,,,,,,,,,,,,,
754,1,DDP,Dem_Cereales,,,,2026,2.558,,,,,,,,,,,,,,,,,,,,,
754,1,DDP,Dem_Cereales,,,,2027,2.8208,,,,,,,,,,,,,,,,,,,,,
754,1,DDP,Dem_Cereales,,,,2028,3.0835,,,,,,,,,,,,,,,,,,,,,
754,1,DDP,Dem_Cereales,,,,2029,3.3463,,,,,,,,,,,,,,,,,,,,,
754,1,DDP,Dem_Cereales,,,,2030,3.6091,,,,,,,,,,,,,,,,,,,,,
754,1,DDP,Dem_Cereales,,,,2031,3.8719,,,,,,,,,,,,,,,,,,,,,
754,1,DDP,Dem_Cereales,,,,2032,4.1346,,,,,,,,,,,,,,,,,,,,,
754,1,DDP,Dem_Cereales,,,,2033,4.3974,,,,,,,,,,,,,,,,,,,,,
754,1,DDP,Dem_Cereales,,,,2034,4.6602,,,,,,,,,,,,,,,,,,,,,
754,1,DDP,Dem_Cereales,,,,2035,4.9229,,,,,,,,,,,,,,,,,,,,,
754,1,DDP,Dem_Cereales,,,,2036,5.1857,,,,,,,,,,,,,,,,,,,,,
754,1,DDP,Dem_Cereales,,,,2037,5.4485,,,,,,,,,,,,,,,,,,,,,
754,1,DDP,Dem_Cereales,,,,2038,5.7112,,,,,,,,,,,,,,,,,,,,,
754,1,DDP,Dem_Cereales,,,,2039,5.974,,,,,,,,,,,,,,,,,,,,,
754,1,DDP,Dem_Cereales,,,,2040,6.2368,,,,,,,,,,,,,,,,,,,,,
754,1,DDP,Dem_Cereales,,,,2041,6.4995,,,,,,,,,,,,,,,,,,,,,
754,1,DDP,Dem_Cereales,,,,2042,6.7623,,,,,,,,,,,,,,,,,,,,,
754,1,DDP,Dem_Cereales,,,,2043,7.0251,,,,,,,,,,,,,,,,,,,,,
754,1,DDP,Dem_Cereales,,,,2044,7.2878,,,,,,,,,,,,,,,,,,,,,
754,1,DDP,Dem_Cereales,,,,2045,7.5506,,,,,,,,,,,,,,,,,,,,,
754,1,DDP,Dem_Cereales,,,,2046,7.8134,,,,,,,,,,,,,,,,,,,,,
754,1,DDP,Dem_Cereales,,,,2047,8.0761,,,,,,,,,,,,,,,,,,,,,
754,1,DDP,Dem_Cereales,,,,2048,8.3389,,,,,,,,,,,,,,,,,,,,,
754,1,DDP,Dem_Cereales,,,,2049,8.6017,,,,,,,,,,,,,,,,,,,,,
754,1,DDP,Dem_Cereales,,,,2050,8.8645,,,,,,,,,,,,,,,,,,,,,
754,1,DDP,Dem_Cereales,,,,2051,9.1272,,,,,,,,,,,,,,,,,,,,,
754,1,DDP,Dem_Cereales,,,,2052,9.39,,,,,,,,,,,,,,,,,,,,,
754,1,DDP,Dem_Cereales,,,,2053,9.6528,,,,,,,,,,,,,,,,,,,,,
754,1,DDP,Dem_Cereales,,,,2054,9.9155,,,,,,,,,,,,,,,,,,,,,
754,1,DDP,Dem_Cereales,,,,2055,10.1783,,,,,,,,,,,,,,,,,,,,,
754,1,DDP,Dem_Cereales,,,,2056,10.4411,,,,,,,,,,,,,,,,,,,,,
754,1,DDP,Dem_Cereales,,,,2057,10.7038,,,,,,,,,,,,,,,,,,,,,
754,1,DDP,Dem_Cereales,,,,2058,10.9666,,,,,,,,,,,,,,,,,,,,,
754,1,DDP,Dem_Cereales,,,,2059,11.2294,,,,,,,,,,,,,,,,,,,,,
754,1,DDP,Dem_Cereales,,,,2060,11.4921,,,,,,,,,,,,,,,,,,,,,
754,1,DDP,Dem_Cereales,,,,2061,11.7549,,,,,,,,,,,,,,,,,,,,,
754,1,DDP,Dem_Cereales,,,,2062,12.0177,,,,,,,,,,,,,,,,,,,,,
754,1,DDP,Dem_Cereales,,,,2063,12.2804,,,,,,,,,,,,,,,,,,,,,
754,1,DDP,Dem_Cereales,,,,2064,12.5432,,,,,,,,,,,,,,,,,,,,,
754,1,DDP,Dem_Cereales,,,,2065,12.806,,,,,,,,,,,,,,,,,,,,,
754,1,DDP,Dem_Cereales,,,,2066,13.0687,,,,,,,,,,,,,,,,,,,,,
754,1,DDP,Dem_Cereales,,,,2067,13.3315,,,,,,,,,,,,,,,,,,,,,
754,1,DDP,Dem_Cereales,,,,2068,13.5943,,,,,,,,,,,,,,,,,,,,,
754,1,DDP,Dem_Cereales,,,,2069,13.8571,,,,,,,,,,,,,,,,,,,,,
754,1,DDP,Dem_Cereales,,,,2070,14.1198,,,,,,,,,,,,,,,,,,,,,
754,1,DDP,Dem_Tuberculos,,,,2018,0.3561,,,,,,,,,,,,,,,,,,,,,
754,1,DDP,Dem_Tuberculos,,,,2019,0.3573,,,,,,,,,,,,,,,,,,,,,
754,1,DDP,Dem_Tuberculos,,,,2020,0.4807,,,,,,,,,,,,,,,,,,,,,
754,1,DDP,Dem_Tuberculos,,,,2021,0.3542,,,,,,,,,,,,,,,,,,,,,
754,1,DDP,Dem_Tuberculos,,,,2022,0.3657,,,,,,,,,,,,,,,,,,,,,
754,1,DDP,Dem_Tuberculos,,,,2023,0.3793,,,,,,,,,,,,,,,,,,,,,
754,1,DDP,Dem_Tuberculos,,,,2024,0.3973,,,,,,,,,,,,,,,,,,,,,
754,1,DDP,Dem_Tuberculos,,,,2025,0.4153,,,,,,,,,,,,,,,,,,,,,
754,1,DDP,Dem_Tuberculos,,,,2026,0.4332,,,,,,,,,,,,,,,,,,,,,
754,1,DDP,Dem_Tuberculos,,,,2027,0.4512,,,,,,,,,,,,,,,,,,,,,
754,1,DDP,Dem_Tuberculos,,,,2028,0.4692,,,,,,,,,,,,,,,,,,,,,
754,1,DDP,Dem_Tuberculos,,,,2029,0.4871,,,,,,,,,,,,,,,,,,,,,
754,1,DDP,Dem_Tuberculos,,,,2030,0.5051,,,,,,,,,,,,,,,,,,,,,
754,1,DDP,Dem_Tuberculos,,,,2031,0.5231,,,,,,,,,,,,,,,,,,,,,
754,1,DDP,Dem_Tuberculos,,,,2032,0.541,,,,,,,,,,,,,,,,,,,,,
754,1,DDP,Dem_Tuberculos,,,,2033,0.559,,,,,,,,,,,,,,,,,,,,,
754,1,DDP,Dem_Tuberculos,,,,2034,0.577,,,,,,,,,,,,,,,,,,,,,
754,1,DDP,Dem_Tuberculos,,,,2035,0.5949,,,,,,,,,,,,,,,,,,,,,
754,1,DDP,Dem_Tuberculos,,,,2036,0.6129,,,,,,,,,,,,,,,,,,,,,
754,1,DDP,Dem_Tuberculos,,,,2037,0.6309,,,,,,,,,,,,,,,,,,,,,
754,1,DDP,Dem_Tuberculos,,,,2038,0.6488,,,,,,,,,,,,,,,,,,,,,
754,1,DDP,Dem_Tuberculos,,,,2039,0.6668,,,,,,,,,,,,,,,,,,,,,
754,1,DDP,Dem_Tuberculos,,,,2040,0.6847,,,,,,,,,,,,,,,,,,,,,
754,1,DDP,Dem_Tuberculos,,,,2041,0.7027,,,,,,,,,,,,,,,,,,,,,
754,1,DDP,Dem_Tuberculos,,,,2042,0.7207,,,,,,,,,,,,,,,,,,,,,
754,1,DDP,Dem_Tuberculos,,,,2043,0.7386,,,,,,,,,,,,,,,,,,,,,
754,1,DDP,Dem_Tuberculos,,,,2044,0.7566,,,,,,,,,,,,,,,,,,,,,
754,1,DDP,Dem_Tuberculos,,,,2045,0.7746,,,,,,,,,,,,,,,,,,,,,
754,1,DDP,Dem_Tuberculos,,,,2046,0.7925,,,,,,,,,,,,,,,,,,,,,
754,1,DDP,Dem_Tuberculos,,,,2047,0.8105,,,,,,,,,,,,,,,,,,,,,
754,1,DDP,Dem_Tuberculos,,,,2048,0.8285,,,,,,,,,,,,,,,,,,,,,
754,1,DDP,Dem_Tuberculos,,,,2049,0.8464,,,,,,,,,,,,,,,,,,,,,
754,1,DDP,Dem_Tuberculos,,,,2050,0.8644,,,,,,,,,,,,,,,,,,,,,
754,1,DDP,Dem_Tuberculos,,,,2051,0.8824,,,,,,,,,,,,,,,,,,,,,
754,1,DDP,Dem_Tuberculos,,,,2052,0.9003,,,,,,,,,,,,,,,,,,,,,
754,1,DDP,Dem_Tuberculos,,,,2053,0.9183,,,,,,,,,,,,,,,,,,,,,
754,1,DDP,Dem_Tuberculos,,,,2054,0.9363,,,,,,,,,,,,,,,,,,,,,
754,1,DDP,Dem_Tuberculos,,,,2055,0.9542,,,,,,,,,,,,,,,,,,,,,
754,1,DDP,Dem_Tuberculos,,,,2056,0.9722,,,,,,,,,,,,,,,,,,,,,
754,1,DDP,Dem_Tuberculos,,,,2057,0.9901,,,,,,,,,,,,,,,,,,,,,
754,1,DDP,Dem_Tuberculos,,,,2058,1.0081,,,,,,,,,,,,,,,,,,,,,
754,1,DDP,Dem_Tuberculos,,,,2059,1.0261,,,,,,,,,,,,,,,,,,,,,
754,1,DDP,Dem_Tuberculos,,,,2060,1.044,,,,,,,,,,,,,,,,,,,,,
754,1,DDP,Dem_Tuberculos,,,,2061,1.062,,,,,,,,,,,,,,,,,,,,,
754,1,DDP,Dem_Tuberculos,,,,2062,1.08,,,,,,,,,,,,,,,,,,,,,
754,1,DDP,Dem_Tuberculos,,,,2063,1.0979,,,,,,,,,,,,,,,,,,,,,
754,1,DDP,Dem_Tuberculos,,,,2064,1.1159,,,,,,,,,,,,,,,,,,,,,
754,1,DDP,Dem_Tuberculos,,,,2065,1.1339,,,,,,,,,,,,,,,,,,,,,
754,1,DDP,Dem_Tuberculos,,,,2066,1.1518,,,,,,,,,,,,,,,,,,,,,
754,1,DDP,Dem_Tuberculos,,,,2067,1.1698,,,,,,,,,,,,,,,,,,,,,
754,1,DDP,Dem_Tuberculos,,,,2068,1.1878,,,,,,,,,,,,,,,,,,,,,
754,1,DDP,Dem_Tuberculos,,,,2069,1.2057,,,,,,,,,,,,,,,,,,,,,
754,1,DDP,Dem_Tuberculos,,,,2070,1.2237,,,,,,,,,,,,,,,,,,,,,
754,1,DDP,Dem_Fruta,,,,2018,0.1584,,,,,,,,,,,,,,,,,,,,,
754,1,DDP,Dem_Fruta,,,,2019,0.193,,,,,,,,,,,,,,,,,,,,,
754,1,DDP,Dem_Fruta,,,,2020,0.1939,,,,,,,,,,,,,,,,,,,,,
754,1,DDP,Dem_Fruta,,,,2021,0.1817,,,,,,,,,,,,,,,,,,,,,
754,1,DDP,Dem_Fruta,,,,2022,0.1965,,,,,,,,,,,,,,,,,,,,,
754,1,DDP,Dem_Fruta,,,,2023,0.2253,,,,,,,,,,,,,,,,,,,,,
754,1,DDP,Dem_Fruta,,,,2024,0.2287,,,,,,,,,,,,,,,,,,,,,
754,1,DDP,Dem_Fruta,,,,2025,0.2321,,,,,,,,,,,,,,,,,,,,,
754,1,DDP,Dem_Fruta,,,,2026,0.2355,,,,,,,,,,,,,,,,,,,,,
754,1,DDP,Dem_Fruta,,,,2027,0.2389,,,,,,,,,,,,,,,,,,,,,
754,1,DDP,Dem_Fruta,,,,2028,0.2423,,,,,,,,,,,,,,,,,,,,,
754,1,DDP,Dem_Fruta,,,,2029,0.2457,,,,,,,,,,,,,,,,,,,,,
754,1,DDP,Dem_Fruta,,,,2030,0.2491,,,,,,,,,,,,,,,,,,,,,
754,1,DDP,Dem_Fruta,,,,2031,0.2525,,,,,,,,,,,,,,,,,,,,,
754,1,DDP,Dem_Fruta,,,,2032,0.2559,,,,,,,,,,,,,,,,,,,,,
754,1,DDP,Dem_Fruta,,,,2033,0.2593,,,,,,,,,,,,,,,,,,,,,
754,1,DDP,Dem_Fruta,,,,2034,0.2627,,,,,,,,,,,,,,,,,,,,,
754,1,DDP,Dem_Fruta,,,,2035,0.2661,,,,,,,,,,,,,,,,,,,,,
754,1,DDP,Dem_Fruta,,,,2036,0.2695,,,,,,,,,,,,,,,,,,,,,
754,1,DDP,Dem_Fruta,,,,2037,0.2729,,,,,,,,,,,,,,,,,,,,,
754,1,DDP,Dem_Fruta,,,,2038,0.2763,,,,,,,,,,,,,,,,,,,,,
754,1,DDP,Dem_Fruta,,,,2039,0.2797,,,,,,,,,,,,,,,,,,,,,
754,1,DDP,Dem_Fruta,,,,2040,0.2831,,,,,,,,,,,,,,,,,,,,,
754,1,DDP,Dem_Fruta,,,,2041,0.2865,,,,,,,,,,,,,,,,,,,,,
754,1,DDP,Dem_Fruta,,,,2042,0.2899,,,,,,,,,,,,,,,,,,,,,
754,1,DDP,Dem_Fruta,,,,2043,0.2933,,,,,,,,,,,,,,,,,,,,,
754,1,DDP,Dem_Fruta,,,,2044,0.2967,,,,,,,,,,,,,,,,,,,,,
754,1,DDP,Dem_Fruta,,,,2045,0.3,,,,,,,,,,,,,,,,,,,,,
754,1,DDP,Dem_Fruta,,,,2046,0.3034,,,,,,,,,,,,,,,,,,,,,
754,1,DDP,Dem_Fruta,,,,2047,0.3068,,,,,,,,,,,,,,,,,,,,,
754,1,DDP,Dem_Fruta,,,,2048,0.3102,,,,,,,,,,,,,,,,,,,,,
754,1,DDP,Dem_Fruta,,,,2049,0.3136,,,,,,,,,,,,,,,,,,,,,
754,1,DDP,Dem_Fruta,,,,2050,0.317,,,,,,,,,,,,,,,,,,,,,
754,1,DDP,Dem_Fruta,,,,2051,0.3204,,,,,,,,,,,,,,,,,,,,,
754,1,DDP,Dem_Fruta,,,,2052,0.3238,,,,,,,,,,,,,,,,,,,,,
754,1,DDP,Dem_Fruta,,,,2053,0.3272,,,,,,,,,,,,,,,,,,,,,
754,1,DDP,Dem_Fruta,,,,2054,0.3306,,,,,,,,,,,,,,,,,,,,,
754,1,DDP,Dem_Fruta,,,,2055,0.334,,,,,,,,,,,,,,,,,,,,,
754,1,DDP,Dem_Fruta,,,,2056,0.3374,,,,,,,,,,,,,,,,,,,,,
754,1,DDP,Dem_Fruta,,,,2057,0.3408,,,,,,,,,,,,,,,,,,,,,
754,1,DDP,Dem_Fruta,,,,2058,0.3442,,,,,,,,,,,,,,,,,,,,,
754,1,DDP,Dem_Fruta,,,,2059,0.3476,,,,,,,,,,,,,,,,,,,,,
754,1,DDP,Dem_Fruta,,,,2060,0.351,,,,,,,,,,,,,,,,,,,,,
754,1,DDP,Dem_Fruta,,,,2061,0.3544,,,,,,,,,,,,,,,,,,,,,
754,1,DDP,Dem_Fruta,,,,2062,0.3578,,,,,,,,,,,,,,,,,,,,,
754,1,DDP,Dem_Fruta,,,,2063,0.3612,,,,,,,,,,,,,,,,,,,,,
754,1,DDP,Dem_Fruta,,,,2064,0.3646,,,,,,,,,,,,,,,,,,,,,
754,1,DDP,Dem_Fruta,,,,2065,0.368,,,,,,,,,,,,,,,,,,,,,
754,1,DDP,Dem_Fruta,,,,2066,0.3714,,,,,,,,,,,,,,,,,,,,,
754,1,DDP,Dem_Fruta,,,,2067,0.3748,,,,,,,,,,,,,,,,,,,,,
754,1,DDP,Dem_Fruta,,,,2068,0.3782,,,,,,,,,,,,,,,,,,,,,
754,1,DDP,Dem_Fruta,,,,2069,0.3816,,,,,,,,,,,,,,,,,,,,,
754,1,DDP,Dem_Fruta,,,,2070,0.385,,,,,,,,,,,,,,,,,,,,,
754,1,DDP,Dem_Verduras,,,,2018,0.1825,,,,,,,,,,,,,,,,,,,,,
754,1,DDP,Dem_Verduras,,,,2019,0.1911,,,,,,,,,,,,,,,,,,,,,
754,1,DDP,Dem_Verduras,,,,2020,0.1569,,,,,,,,,,,,,,,,,,,,,
754,1,DDP,Dem_Verduras,,,,2021,0.145,,,,,,,,,,,,,,,,,,,,,
754,1,DDP,Dem_Verduras,,,,2022,0.1507,,,,,,,,,,,,,,,,,,,,,
754,1,DDP,Dem_Verduras,,,,2023,0.1601,,,,,,,,,,,,,,,,,,,,,
754,1,DDP,Dem_Verduras,,,,2024,0.1629,,,,,,,,,,,,,,,,,,,,,
754,1,DDP,Dem_Verduras,,,,2025,0.1657,,,,,,,,,,,,,,,,,,,,,
754,1,DDP,Dem_Verduras,,,,2026,0.1685,,,,,,,,,,,,,,,,,,,,,
754,1,DDP,Dem_Verduras,,,,2027,0.1713,,,,,,,,,,,,,,,,,,,,,
754,1,DDP,Dem_Verduras,,,,2028,0.1741,,,,,,,,,,,,,,,,,,,,,
754,1,DDP,Dem_Verduras,,,,2029,0.177,,,,,,,,,,,,,,,,,,,,,
754,1,DDP,Dem_Verduras,,,,2030,0.1798,,,,,,,,,,,,,,,,,,,,,
754,1,DDP,Dem_Verduras,,,,2031,0.1826,,,,,,,,,,,,,,,,,,,,,
754,1,DDP,Dem_Verduras,,,,2032,0.1854,,,,,,,,,,,,,,,,,,,,,
754,1,DDP,Dem_Verduras,,,,2033,0.1882,,,,,,,,,,,,,,,,,,,,,
754,1,DDP,Dem_Verduras,,,,2034,0.191,,,,,,,,,,,,,,,,,,,,,
754,1,DDP,Dem_Verduras,,,,2035,0.1938,,,,,,,,,,,,,,,,,,,,,
754,1,DDP,Dem_Verduras,,,,2036,0.1966,,,,,,,,,,,,,,,,,,,,,
754,1,DDP,Dem_Verduras,,,,2037,0.1994,,,,,,,,,,,,,,,,,,,,,
754,1,DDP,Dem_Verduras,,,,2038,0.2023,,,,,,,,,,,,,,,,,,,,,
754,1,DDP,Dem_Verduras,,,,2039,0.2051,,,,,,,,,,,,,,,,,,,,,
754,1,DDP,Dem_Verduras,,,,2040,0.2079,,,,,,,,,,,,,,,,,,,,,
754,1,DDP,Dem_Verduras,,,,2041,0.2107,,,,,,,,,,,,,,,,,,,,,
754,1,DDP,Dem_Verduras,,,,2042,0.2135,,,,,,,,,,,,,,,,,,,,,
754,1,DDP,Dem_Verduras,,,,2043,0.2163,,,,,,,,,,,,,,,,,,,,,
754,1,DDP,Dem_Verduras,,,,2044,0.2191,,,,,,,,,,,,,,,,,,,,,
754,1,DDP,Dem_Verduras,,,,2045,0.2219,,,,,,,,,,,,,,,,,,,,,
754,1,DDP,Dem_Verduras,,,,2046,0.2248,,,,,,,,,,,,,,,,,,,,,
754,1,DDP,Dem_Verduras,,,,2047,0.2276,,,,,,,,,,,,,,,,,,,,,
754,1,DDP,Dem_Verduras,,,,2048,0.2304,,,,,,,,,,,,,,,,,,,,,
754,1,DDP,Dem_Verduras,,,,2049,0.2332,,,,,,,,,,,,,,,,,,,,,
754,1,DDP,Dem_Verduras,,,,2050,0.236,,,,,,,,,,,,,,,,,,,,,
754,1,DDP,Dem_Verduras,,,,2051,0.2388,,,,,,,,,,,,,,,,,,,,,
754,1,DDP,Dem_Verduras,,,,2052,0.2416,,,,,,,,,,,,,,,,,,,,,
754,1,DDP,Dem_Verduras,,,,2053,0.2444,,,,,,,,,,,,,,,,,,,,,
754,1,DDP,Dem_Verduras,,,,2054,0.2472,,,,,,,,,,,,,,,,,,,,,
754,1,DDP,Dem_Verduras,,,,2055,0.2501,,,,,,,,,,,,,,,,,,,,,
754,1,DDP,Dem_Verduras,,,,2056,0.2529,,,,,,,,,,,,,,,,,,,,,
754,1,DDP,Dem_Verduras,,,,2057,0.2557,,,,,,,,,,,,,,,,,,,,,
754,1,DDP,Dem_Verduras,,,,2058,0.2585,,,,,,,,,,,,,,,,,,,,,
754,1,DDP,Dem_Verduras,,,,2059,0.2613,,,,,,,,,,,,,,,,,,,,,
754,1,DDP,Dem_Verduras,,,,2060,0.2641,,,,,,,,,,,,,,,,,,,,,
754,1,DDP,Dem_Verduras,,,,2061,0.2669,,,,,,,,,,,,,,,,,,,,,
754,1,DDP,Dem_Verduras,,,,2062,0.2697,,,,,,,,,,,,,,,,,,,,,
754,1,DDP,Dem_Verduras,,,,2063,0.2726,,,,,,,,,,,,,,,,,,,,,
754,1,DDP,Dem_Verduras,,,,2064,0.2754,,,,,,,,,,,,,,,,,,,,,
754,1,DDP,Dem_Verduras,,,,2065,0.2782,,,,,,,,,,,,,,,,,,,,,
754,1,DDP,Dem_Verduras,,,,2066,0.281,,,,,,,,,,,,,,,,,,,,,
754,1,DDP,Dem_Verduras,,,,2067,0.2838,,,,,,,,,,,,,,,,,,,,,
754,1,DDP,Dem_Verduras,,,,2068,0.2866,,,,,,,,,,,,,,,,,,,,,
754,1,DDP,Dem_Verduras,,,,2069,0.2894,,,,,,,,,,,,,,,,,,,,,
754,1,DDP,Dem_Verduras,,,,2070,0.2922,,,,,,,,,,,,,,,,,,,,,
754,1,DDP,Dem_Floricolas,,,,2018,0.3524,,,,,,,,,,,,,,,,,,,,,
754,1,DDP,Dem_Floricolas,,,,2019,0.3674,,,,,,,,,,,,,,,,,,,,,
754,1,DDP,Dem_Floricolas,,,,2020,0.2407,,,,,,,,,,,,,,,,,,,,,
754,1,DDP,Dem_Floricolas,,,,2021,0.2727,,,,,,,,,,,,,,,,,,,,,
754,1,DDP,Dem_Floricolas,,,,2022,0.2853,,,,,,,,,,,,,,,,,,,,,
754,1,DDP,Dem_Floricolas,,,,2023,0.3077,,,,,,,,,,,,,,,,,,,,,
754,1,DDP,Dem_Floricolas,,,,2024,0.3079,,,,,,,,,,,,,,,,,,,,,
754,1,DDP,Dem_Floricolas,,,,2025,0.308,,,,,,,,,,,,,,,,,,,,,
754,1,DDP,Dem_Floricolas,,,,2026,0.3082,,,,,,,,,,,,,,,,,,,,,
754,1,DDP,Dem_Floricolas,,,,2027,0.3084,,,,,,,,,,,,,,,,,,,,,
754,1,DDP,Dem_Floricolas,,,,2028,0.3086,,,,,,,,,,,,,,,,,,,,,
754,1,DDP,Dem_Floricolas,,,,2029,0.3088,,,,,,,,,,,,,,,,,,,,,
754,1,DDP,Dem_Floricolas,,,,2030,0.309,,,,,,,,,,,,,,,,,,,,,
754,1,DDP,Dem_Floricolas,,,,2031,0.3092,,,,,,,,,,,,,,,,,,,,,
754,1,DDP,Dem_Floricolas,,,,2032,0.3093,,,,,,,,,,,,,,,,,,,,,
754,1,DDP,Dem_Floricolas,,,,2033,0.3095,,,,,,,,,,,,,,,,,,,,,
754,1,DDP,Dem_Floricolas,,,,2034,0.3097,,,,,,,,,,,,,,,,,,,,,
754,1,DDP,Dem_Floricolas,,,,2035,0.3099,,,,,,,,,,,,,,,,,,,,,
754,1,DDP,Dem_Floricolas,,,,2036,0.3101,,,,,,,,,,,,,,,,,,,,,
754,1,DDP,Dem_Floricolas,,,,2037,0.3103,,,,,,,,,,,,,,,,,,,,,
754,1,DDP,Dem_Floricolas,,,,2038,0.3104,,,,,,,,,,,,,,,,,,,,,
754,1,DDP,Dem_Floricolas,,,,2039,0.3106,,,,,,,,,,,,,,,,,,,,,
754,1,DDP,Dem_Floricolas,,,,2040,0.3108,,,,,,,,,,,,,,,,,,,,,
754,1,DDP,Dem_Floricolas,,,,2041,0.311,,,,,,,,,,,,,,,,,,,,,
754,1,DDP,Dem_Floricolas,,,,2042,0.3112,,,,,,,,,,,,,,,,,,,,,
754,1,DDP,Dem_Floricolas,,,,2043,0.3114,,,,,,,,,,,,,,,,,,,,,
754,1,DDP,Dem_Floricolas,,,,2044,0.3116,,,,,,,,,,,,,,,,,,,,,
754,1,DDP,Dem_Floricolas,,,,2045,0.3117,,,,,,,,,,,,,,,,,,,,,
754,1,DDP,Dem_Floricolas,,,,2046,0.3119,,,,,,,,,,,,,,,,,,,,,
754,1,DDP,Dem_Floricolas,,,,2047,0.3121,,,,,,,,,,,,,,,,,,,,,
754,1,DDP,Dem_Floricolas,,,,2048,0.3123,,,,,,,,,,,,,,,,,,,,,
754,1,DDP,Dem_Floricolas,,,,2049,0.3125,,,,,,,,,,,,,,,,,,,,,
754,1,DDP,Dem_Floricolas,,,,2050,0.3127,,,,,,,,,,,,,,,,,,,,,
754,1,DDP,Dem_Floricolas,,,,2051,0.3128,,,,,,,,,,,,,,,,,,,,,
754,1,DDP,Dem_Floricolas,,,,2052,0.313,,,,,,,,,,,,,,,,,,,,,
754,1,DDP,Dem_Floricolas,,,,2053,0.3132,,,,,,,,,,,,,,,,,,,,,
754,1,DDP,Dem_Floricolas,,,,2054,0.3134,,,,,,,,,,,,,,,,,,,,,
754,1,DDP,Dem_Floricolas,,,,2055,0.3136,,,,,,,,,,,,,,,,,,,,,
754,1,DDP,Dem_Floricolas,,,,2056,0.3138,,,,,,,,,,,,,,,,,,,,,
754,1,DDP,Dem_Floricolas,,,,2057,0.314,,,,,,,,,,,,,,,,,,,,,
754,1,DDP,Dem_Floricolas,,,,2058,0.3141,,,,,,,,,,,,,,,,,,,,,
754,1,DDP,Dem_Floricolas,,,,2059,0.3143,,,,,,,,,,,,,,,,,,,,,
754,1,DDP,Dem_Floricolas,,,,2060,0.3145,,,,,,,,,,,,,,,,,,,,,
754,1,DDP,Dem_Floricolas,,,,2061,0.3147,,,,,,,,,,,,,,,,,,,,,
754,1,DDP,Dem_Floricolas,,,,2062,0.3149,,,,,,,,,,,,,,,,,,,,,
754,1,DDP,Dem_Floricolas,,,,2063,0.3151,,,,,,,,,,,,,,,,,,,,,
754,1,DDP,Dem_Floricolas,,,,2064,0.3152,,,,,,,,,,,,,,,,,,,,,
754,1,DDP,Dem_Floricolas,,,,2065,0.3154,,,,,,,,,,,,,,,,,,,,,
754,1,DDP,Dem_Floricolas,,,,2066,0.3156,,,,,,,,,,,,,,,,,,,,,
754,1,DDP,Dem_Floricolas,,,,2067,0.3158,,,,,,,,,,,,,,,,,,,,,
754,1,DDP,Dem_Floricolas,,,,2068,0.316,,,,,,,,,,,,,,,,,,,,,
754,1,DDP,Dem_Floricolas,,,,2069,0.3162,,,,,,,,,,,,,,,,,,,,,
754,1,DDP,Dem_Floricolas,,,,2070,0.3164,,,,,,,,,,,,,,,,,,,,,
754,1,DDP,Dem_Carne,,,,2018,0.212,,,,,,,,,,,,,,,,,,,,,
754,1,DDP,Dem_Carne,,,,2019,0.2273,,,,,,,,,,,,,,,,,,,,,
754,1,DDP,Dem_Carne,,,,2020,0.2317,,,,,,,,,,,,,,,,,,,,,
754,1,DDP,Dem_Carne,,,,2021,0.242,,,,,,,,,,,,,,,,,,,,,
754,1,DDP,Dem_Carne,,,,2022,0.2494,,,,,,,,,,,,,,,,,,,,,
754,1,DDP,Dem_Carne,,,,2023,0.2494,,,,,,,,,,,,,,,,,,,,,
754,1,DDP,Dem_Carne,,,,2024,0.2498,,,,,,,,,,,,,,,,,,,,,
754,1,DDP,Dem_Carne,,,,2025,0.2501,,,,,,,,,,,,,,,,,,,,,
754,1,DDP,Dem_Carne,,,,2026,0.2504,,,,,,,,,,,,,,,,,,,,,
754,1,DDP,Dem_Carne,,,,2027,0.2507,,,,,,,,,,,,,,,,,,,,,
754,1,DDP,Dem_Carne,,,,2028,0.2511,,,,,,,,,,,,,,,,,,,,,
754,1,DDP,Dem_Carne,,,,2029,0.2514,,,,,,,,,,,,,,,,,,,,,
754,1,DDP,Dem_Carne,,,,2030,0.2517,,,,,,,,,,,,,,,,,,,,,
754,1,DDP,Dem_Carne,,,,2031,0.252,,,,,,,,,,,,,,,,,,,,,
754,1,DDP,Dem_Carne,,,,2032,0.2524,,,,,,,,,,,,,,,,,,,,,
754,1,DDP,Dem_Carne,,,,2033,0.2527,,,,,,,,,,,,,,,,,,,,,
754,1,DDP,Dem_Carne,,,,2034,0.253,,,,,,,,,,,,,,,,,,,,,
754,1,DDP,Dem_Carne,,,,2035,0.2533,,,,,,,,,,,,,,,,,,,,,
754,1,DDP,Dem_Carne,,,,2036,0.2537,,,,,,,,,,,,,,,,,,,,,
754,1,DDP,Dem_Carne,,,,2037,0.254,,,,,,,,,,,,,,,,,,,,,
754,1,DDP,Dem_Carne,,,,2038,0.2543,,,,,,,,,,,,,,,,,,,,,
754,1,DDP,Dem_Carne,,,,2039,0.2546,,,,,,,,,,,,,,,,,,,,,
754,1,DDP,Dem_Carne,,,,2040,0.255,,,,,,,,,,,,,,,,,,,,,
754,1,DDP,Dem_Carne,,,,2041,0.2553,,,,,,,,,,,,,,,,,,,,,
754,1,DDP,Dem_Carne,,,,2042,0.2556,,,,,,,,,,,,,,,,,,,,,
754,1,DDP,Dem_Carne,,,,2043,0.2559,,,,,,,,,,,,,,,,,,,,,
754,1,DDP,Dem_Carne,,,,2044,0.2563,,,,,,,,,,,,,,,,,,,,,
754,1,DDP,Dem_Carne,,,,2045,0.2566,,,,,,,,,,,,,,,,,,,,,
754,1,DDP,Dem_Carne,,,,2046,0.2569,,,,,,,,,,,,,,,,,,,,,
754,1,DDP,Dem_Carne,,,,2047,0.2572,,,,,,,,,,,,,,,,,,,,,
754,1,DDP,Dem_Carne,,,,2048,0.2576,,,,,,,,,,,,,,,,,,,,,
754,1,DDP,Dem_Carne,,,,2049,0.2579,,,,,,,,,,,,,,,,,,,,,
754,1,DDP,Dem_Carne,,,,2050,0.2582,,,,,,,,,,,,,,,,,,,,,
754,1,DDP,Dem_Carne,,,,2051,0.2585,,,,,,,,,,,,,,,,,,,,,
754,1,DDP,Dem_Carne,,,,2052,0.2589,,,,,,,,,,,,,,,,,,,,,
754,1,DDP,Dem_Carne,,,,2053,0.2592,,,,,,,,,,,,,,,,,,,,,
754,1,DDP,Dem_Carne,,,,2054,0.2595,,,,,,,,,,,,,,,,,,,,,
754,1,DDP,Dem_Carne,,,,2055,0.2598,,,,,,,,,,,,,,,,,,,,,
754,1,DDP,Dem_Carne,,,,2056,0.2602,,,,,,,,,,,,,,,,,,,,,
754,1,DDP,Dem_Carne,,,,2057,0.2605,,,,,,,,,,,,,,,,,,,,,
754,1,DDP,Dem_Carne,,,,2058,0.2608,,,,,,,,,,,,,,,,,,,,,
754,1,DDP,Dem_Carne,,,,2059,0.2611,,,,,,,,,,,,,,,,,,,,,
754,1,DDP,Dem_Carne,,,,2060,0.2615,,,,,,,,,,,,,,,,,,,,,
754,1,DDP,Dem_Carne,,,,2061,0.2618,,,,,,,,,,,,,,,,,,,,,
754,1,DDP,Dem_Carne,,,,2062,0.2621,,,,,,,,,,,,,,,,,,,,,
754,1,DDP,Dem_Carne,,,,2063,0.2624,,,,,,,,,,,,,,,,,,,,,
754,1,DDP,Dem_Carne,,,,2064,0.2628,,,,,,,,,,,,,,,,,,,,,
754,1,DDP,Dem_Carne,,,,2065,0.2631,,,,,,,,,,,,,,,,,,,,,
754,1,DDP,Dem_Carne,,,,2066,0.2634,,,,,,,,,,,,,,,,,,,,,
754,1,DDP,Dem_Carne,,,,2067,0.2637,,,,,,,,,,,,,,,,,,,,,
754,1,DDP,Dem_Carne,,,,2068,0.2641,,,,,,,,,,,,,,,,,,,,,
754,1,DDP,Dem_Carne,,,,2069,0.2644,,,,,,,,,,,,,,,,,,,,,
754,1,DDP,Dem_Carne,,,,2070,0.2647,,,,,,,,,,,,,,,,,,,,,
754,1,DDP,Dem_Leche,,,,2018,1.8667,,,,,,,,,,,,,,,,,,,,,
754,1,DDP,Dem_Leche,,,,2019,1.852,,,,,,,,,,,,,,,,,,,,,
754,1,DDP,Dem_Leche,,,,2020,1.7875,,,,,,,,,,,,,,,,,,,,,
754,1,DDP,Dem_Leche,,,,2021,1.8352,,,,,,,,,,,,,,,,,,,,,
754,1,DDP,Dem_Leche,,,,2022,1.8924,,,,,,,,,,,,,,,,,,,,,
754,1,DDP,Dem_Leche,,,,2023,1.8924,,,,,,,,,,,,,,,,,,,,,
754,1,DDP,Dem_Leche,,,,2024,1.8949,,,,,,,,,,,,,,,,,,,,,
754,1,DDP,Dem_Leche,,,,2025,1.8973,,,,,,,,,,,,,,,,,,,,,
754,1,DDP,Dem_Leche,,,,2026,1.8998,,,,,,,,,,,,,,,,,,,,,
754,1,DDP,Dem_Leche,,,,2027,1.9022,,,,,,,,,,,,,,,,,,,,,
754,1,DDP,Dem_Leche,,,,2028,1.9047,,,,,,,,,,,,,,,,,,,,,
754,1,DDP,Dem_Leche,,,,2029,1.9072,,,,,,,,,,,,,,,,,,,,,
754,1,DDP,Dem_Leche,,,,2030,1.9096,,,,,,,,,,,,,,,,,,,,,
754,1,DDP,Dem_Leche,,,,2031,1.9121,,,,,,,,,,,,,,,,,,,,,
754,1,DDP,Dem_Leche,,,,2032,1.9145,,,,,,,,,,,,,,,,,,,,,
754,1,DDP,Dem_Leche,,,,2033,1.917,,,,,,,,,,,,,,,,,,,,,
754,1,DDP,Dem_Leche,,,,2034,1.9195,,,,,,,,,,,,,,,,,,,,,
754,1,DDP,Dem_Leche,,,,2035,1.9219,,,,,,,,,,,,,,,,,,,,,
754,1,DDP,Dem_Leche,,,,2036,1.9244,,,,,,,,,,,,,,,,,,,,,
754,1,DDP,Dem_Leche,,,,2037,1.9269,,,,,,,,,,,,,,,,,,,,,
754,1,DDP,Dem_Leche,,,,2038,1.9293,,,,,,,,,,,,,,,,,,,,,
754,1,DDP,Dem_Leche,,,,2039,1.9318,,,,,,,,,,,,,,,,,,,,,
754,1,DDP,Dem_Leche,,,,2040,1.9342,,,,,,,,,,,,,,,,,,,,,
754,1,DDP,Dem_Leche,,,,2041,1.9367,,,,,,,,,,,,,,,,,,,,,
754,1,DDP,Dem_Leche,,,,2042,1.9392,,,,,,,,,,,,,,,,,,,,,
754,1,DDP,Dem_Leche,,,,2043,1.9416,,,,,,,,,,,,,,,,,,,,,
754,1,DDP,Dem_Leche,,,,2044,1.9441,,,,,,,,,,,,,,,,,,,,,
754,1,DDP,Dem_Leche,,,,2045,1.9466,,,,,,,,,,,,,,,,,,,,,
754,1,DDP,Dem_Leche,,,,2046,1.949,,,,,,,,,,,,,,,,,,,,,
754,1,DDP,Dem_Leche,,,,2047,1.9515,,,,,,,,,,,,,,,,,,,,,
754,1,DDP,Dem_Leche,,,,2048,1.9539,,,,,,,,,,,,,,,,,,,,,
754,1,DDP,Dem_Leche,,,,2049,1.9564,,,,,,,,,,,,,,,,,,,,,
754,1,DDP,Dem_Leche,,,,2050,1.9589,,,,,,,,,,,,,,,,,,,,,
754,1,DDP,Dem_Leche,,,,2051,1.9613,,,,,,,,,,,,,,,,,,,,,
754,1,DDP,Dem_Leche,,,,2052,1.9638,,,,,,,,,,,,,,,,,,,,,
754,1,DDP,Dem_Leche,,,,2053,1.9662,,,,,,,,,,,,,,,,,,,,,
754,1,DDP,Dem_Leche,,,,2054,1.9687,,,,,,,,,,,,,,,,,,,,,
754,1,DDP,Dem_Leche,,,,2055,1.9712,,,,,,,,,,,,,,,,,,,,,
754,1,DDP,Dem_Leche,,,,2056,1.9736,,,,,,,,,,,,,,,,,,,,,
754,1,DDP,Dem_Leche,,,,2057,1.9761,,,,,,,,,,,,,,,,,,,,,
754,1,DDP,Dem_Leche,,,,2058,1.9786,,,,,,,,,,,,,,,,,,,,,
754,1,DDP,Dem_Leche,,,,2059,1.981,,,,,,,,,,,,,,,,,,,,,
754,1,DDP,Dem_Leche,,,,2060,1.9835,,,,,,,,,,,,,,,,,,,,,
754,1,DDP,Dem_Leche,,,,2061,1.9859,,,,,,,,,,,,,,,,,,,,,
754,1,DDP,Dem_Leche,,,,2062,1.9884,,,,,,,,,,,,,,,,,,,,,
754,1,DDP,Dem_Leche,,,,2063,1.9909,,,,,,,,,,,,,,,,,,,,,
754,1,DDP,Dem_Leche,,,,2064,1.9933,,,,,,,,,,,,,,,,,,,,,
754,1,DDP,Dem_Leche,,,,2065,1.9958,,,,,,,,,,,,,,,,,,,,,
754,1,DDP,Dem_Leche,,,,2066,1.9983,,,,,,,,,,,,,,,,,,,,,
754,1,DDP,Dem_Leche,,,,2067,2.0007,,,,,,,,,,,,,,,,,,,,,
754,1,DDP,Dem_Leche,,,,2068,2.0032,,,,,,,,,,,,,,,,,,,,,
754,1,DDP,Dem_Leche,,,,2069,2.0056,,,,,,,,,,,,,,,,,,,,,
754,1,DDP,Dem_Leche,,,,2070,2.0081,,,,,,,,,,,,,,,,,,,,,
754,1,DDP,,Bosque,,,,,,1.0,,,,,,,,,,,,,,,,,,,
754,1,DDP,,Tierra_agropecuaria,,,,,,1.0,,,,,,,,,,,,,,,,,,,
754,1,DDP,,Pastizales,,,,,,1.0,,,,,,,,,,,,,,,,,,,
754,1,DDP,,Humedal,,,,,,1.0,,,,,,,,,,,,,,,,,,,
754,1,DDP,,Zona_atropica,,,,,,1.0,,,,,,,,,,,,,,,,,,,
754,1,DDP,,Otras_tierras,,,,,,1.0,,,,,,,,,,,,,,,,,,,
754,1,DDP,,Bosque_nativo_protegido,,,,,,1.0,,,,,,,,,,,,,,,,,,,
754,1,DDP,,Bosque_nativo_sinproteger,,,,,,1.0,,,,,,,,,,,,,,,,,,,
754,1,DDP,,Plantacion_forestal,,,,,,100.0,,,,,,,,,,,,,,,,,,,
754,1,DDP,,Cultivos,,,,,,1.0,,,,,,,,,,,,,,,,,,,
754,1,DDP,,Banano,,,,,,1.0,,,,,,,,,,,,,,,,,,,
754,1,DDP,,Arroz,,,,,,1.0,,,,,,,,,,,,,,,,,,,
754,1,DDP,,Cacao,,,,,,1.0,,,,,,,,,,,,,,,,,,,
754,1,DDP,,Cafe,,,,,,1.0,,,,,,,,,,,,,,,,,,,
754,1,DDP,,Cana,,,,,,1.0,,,,,,,,,,,,,,,,,,,
754,1,DDP,,Maiz,,,,,,1.0,,,,,,,,,,,,,,,,,,,
754,1,DDP,,Palma,,,,,,1.0,,,,,,,,,,,,,,,,,,,
754,1,DDP,,Soya,,,,,,1.0,,,,,,,,,,,,,,,,,,,
754,1,DDP,,Palmito,,,,,,1.0,,,,,,,,,,,,,,,,,,,
754,1,DDP,,Legumbres,,,,,,1.0,,,,,,,,,,,,,,,,,,,
754,1,DDP,,Cereales,,,,,,1.0,,,,,,,,,,,,,,,,,,,
754,1,DDP,,Tuberculos,,,,,,1.0,,,,,,,,,,,,,,,,,,,
754,1,DDP,,Fruta,,,,,,1.0,,,,,,,,,,,,,,,,,,,
754,1,DDP,,Verduras,,,,,,1.0,,,,,,,,,,,,,,,,,,,
754,1,DDP,,Floricolas,,,,,,1.0,,,,,,,,,,,,,,,,,,,
754,1,DDP,,Otros_cultivos,,,,,,1.0,,,,,,,,,,,,,,,,,,,
754,1,DDP,,Dem_Banano,,,,,,1.0,,,,,,,,,,,,,,,,,,,
754,1,DDP,,Dem_Arroz,,,,,,1.0,,,,,,,,,,,,,,,,,,,
754,1,DDP,,Dem_Cacao,,,,,,1.0,,,,,,,,,,,,,,,,,,,
754,1,DDP,,Dem_Cafe,,,,,,1.0,,,,,,,,,,,,,,,,,,,
754,1,DDP,,Dem_Cana,,,,,,1.0,,,,,,,,,,,,,,,,,,,
754,1,DDP,,Dem_Maiz,,,,,,1.0,,,,,,,,,,,,,,,,,,,
754,1,DDP,,Dem_Palma,,,,,,1.0,,,,,,,,,,,,,,,,,,,
754,1,DDP,,Dem_Soya,,,,,,1.0,,,,,,,,,,,,,,,,,,,
754,1,DDP,,Dem_Palmito,,,,,,1.0,,,,,,,,,,,,,,,,,,,
754,1,DDP,,Dem_Legumbres,,,,,,1.0,,,,,,,,,,,,,,,,,,,
754,1,DDP,,Dem_Cereales,,,,,,1.0,,,,,,,,,,,,,,,,,,,
754,1,DDP,,Dem_Tuberculos,,,,,,1.0,,,,,,,,,,,,,,,,,,,
754,1,DDP,,Dem_Fruta,,,,,,1.0,,,,,,,,,,,,,,,,,,,
754,1,DDP,,Dem_Verduras,,,,,,1.0,,,,,,,,,,,,,,,,,,,
754,1,DDP,,Dem_Floricolas,,,,,,1.0,,,,,,,,,,,,,,,,,,,
754,1,DDP,,Exp_Banano,,,,,,1.0,,,,,,,,,,,,,,,,,,,
754,1,DDP,,Exp_Arroz,,,,,,1.0,,,,,,,,,,,,,,,,,,,
754,1,DDP,,Exp_Cacao,,,,,,1.0,,,,,,,,,,,,,,,,,,,
754,1,DDP,,Exp_Cafe,,,,,,1.0,,,,,,,,,,,,,,,,,,,
754,1,DDP,,Exp_Cana,,,,,,1.0,,,,,,,,,,,,,,,,,,,
754,1,DDP,,Exp_Maiz,,,,,,1.0,,,,,,,,,,,,,,,,,,,
754,1,DDP,,Exp_Palma,,,,,,1.0,,,,,,,,,,,,,,,,,,,
754,1,DDP,,Exp_Soya,,,,,,1.0,,,,,,,,,,,,,,,,,,,
754,1,DDP,,Exp_Palmito,,,,,,1.0,,,,,,,,,,,,,,,,,,,
754,1,DDP,,Exp_Legumbres,,,,,,1.0,,,,,,,,,,,,,,,,,,,
754,1,DDP,,Exp_Cereales,,,,,,1.0,,,,,,,,,,,,,,,,,,,
754,1,DDP,,Exp_Tuberculos,,,,,,1.0,,,,,,,,,,,,,,,,,,,
754,1,DDP,,Exp_Fruta,,,,,,1.0,,,,,,,,,,,,,,,,,,,
754,1,DDP,,Exp_Verduras,,,,,,1.0,,,,,,,,,,,,,,,,,,,
754,1,DDP,,Exp_Floricolas,,,,,,1.0,,,,,,,,,,,,,,,,,,,
754,1,DDP,,Pasturas,,,,,,1.0,,,,,,,,,,,,,,,,,,,
754,1,DDP,,Ganaderia_importada,,,,,,5.0,,,,,,,,,,,,,,,,,,,
754,1,DDP,,Ganaderia_criolla,,,,,,5.0,,,,,,,,,,,,,,,,,,,
754,1,DDP,,Ganaderia_mestiza,,,,,,5.0,,,,,,,,,,,,,,,,,,,
754,1,DDP,,Dem_Carne,,,,,,1.0,,,,,,,,,,,,,,,,,,,
754,1,DDP,,Dem_Leche,,,,,,1.0,,,,,,,,,,,,,,,,,,,
754,1,DDP,,Exp_Carne,,,,,,1.0,,,,,,,,,,,,,,,,,,,
754,1,DDP,,Exp_Leche,,,,,,1.0,,,,,,,,,,,,,,,,,,,
754,1,DDP,,Suelo,,,,,,1.0,,,,,,,,,,,,,,,,,,,
754,1,DDP,,Imp_Banano,,,,,,1.0,,,,,,,,,,,,,,,,,,,
754,1,DDP,,Imp_Arroz,,,,,,1.0,,,,,,,,,,,,,,,,,,,
754,1,DDP,,Imp_Cacao,,,,,,1.0,,,,,,,,,,,,,,,,,,,
754,1,DDP,,Imp_Cafe,,,,,,1.0,,,,,,,,,,,,,,,,,,,
754,1,DDP,,Imp_Cana,,,,,,1.0,,,,,,,,,,,,,,,,,,,
754,1,DDP,,Imp_Maiz,,,,,,1.0,,,,,,,,,,,,,,,,,,,
754,1,DDP,,Imp_Palma,,,,,,1.0,,,,,,,,,,,,,,,,,,,
754,1,DDP,,Imp_Soya,,,,,,1.0,,,,,,,,,,,,,,,,,,,
754,1,DDP,,Imp_Palmito,,,,,,1.0,,,,,,,,,,,,,,,,,,,
754,1,DDP,,Imp_Legumbres,,,,,,1.0,,,,,,,,,,,,,,,,,,,
754,1,DDP,,Imp_Cereales,,,,,,1.0,,,,,,,,,,,,,,,,,,,
754,1,DDP,,Imp_Tuberculos,,,,,,1.0,,,,,,,,,,,,,,,,,,,
754,1,DDP,,Imp_Fruta,,,,,,1.0,,,,,,,,,,,,,,,,,,,
754,1,DDP,,Imp_Verduras,,,,,,1.0,,,,,,,,,,,,,,,,,,,
754,1,DDP,,Imp_Floricolas,,,,,,1.0,,,,,,,,,,,,,,,,,,,
754,1,DDP,,Imp_Carne,,,,,,1.0,,,,,,,,,,,,,,,,,,,
754,1,DDP,,Imp_Leche,,,,,,1.0,,,,,,,,,,,,,,,,,,,
754,1,DDP,,area_restaurada,,,,,,100.0,,,,,,,,,,,,,,,,,,,
754,1,DDP,,Plantacion_forestal,,,2018,,,,0.12199527,,,,4215.0503314355865,1377.694,,,,,,0.12199527,0.12199527,,,,,,
754,1,DDP,,Plantacion_forestal,,,2019,,,,0.109795743,,,,4215.0503314355865,1377.694,,,,,,0.121995417676529,0.121995417676529,,,,,,
754,1,DDP,,Plantacion_forestal,,,2020,,,,0.097596216,,,,4215.0503314355865,1377.694,,,,,,0.1219004124385531,0.1219004124385531,,,,,,
754,1,DDP,,Plantacion_forestal,,,2021,,,,0.085396689,,,,4215.0503314355865,1377.694,,,,,,0.1219520403258678,0.1219520403258678,,,,,,
754,1,DDP,,Plantacion_forestal,,,2022,,,,0.073197162,,,,4215.0503314355865,1377.694,,,,,,0.1219849673767558,0.1219849673767558,,,,,,
754,1,DDP,,Plantacion_forestal,,,2023,,,,0.060997635,,,,4215.0503314355865,1377.694,,,,,,0.142218,0.142218,,,,,,
754,1,DDP,,Plantacion_forestal,,,2024,,,,0.048798108,,,,4215.0503314355865,1377.694,,,,,,0.15519388799488734,0.15519388799488734,,,,,,
754,1,DDP,,Plantacion_forestal,,,2025,,,,0.036598581,,,,4215.0503314355865,1377.694,,,,,,0.1667605860580134,0.1667605860580134,,,,,,
754,1,DDP,,Plantacion_forestal,,,2026,,,,0.024399054,,,,4215.0503314355865,1377.694,,,,,,0.17685258269913037,0.17685258269913037,,,,,,
754,1,DDP,,Plantacion_forestal,,,2027,,,,0.012199527,,,,4215.0503314355865,1377.694,,,,,,0.18699682934112266,0.18699682934112266,,,,,,
754,1,DDP,,Plantacion_forestal,,,2028,,,,0.0,,,,4215.0503314355865,1377.694,,,,,,0.19719024848697228,0.19719024848697228,,,,,,
754,1,DDP,,Plantacion_forestal,,,2029,,,,0.0,,,,4215.0503314355865,1377.694,,,,,,0.2074299996699074,0.2074299996699074,,,,,,
754,1,DDP,,Plantacion_forestal,,,2030,,,,0.0,,,,4215.0503314355865,1377.694,,,,,,0.2177134570642833,0.2177134570642833,,,,,,
754,1,DDP,,Plantacion_forestal,,,2031,,,,0.0,,,,4215.0503314355865,1377.694,,,,,,0.2280381895871756,0.2280381895871756,,,,,,
754,1,DDP,,Plantacion_forestal,,,2032,,,,0.0,,,,4215.0503314355865,1377.694,,,,,,0.23840194317330715,0.23840194317330715,,,,,,
754,1,DDP,,Plantacion_forestal,,,2033,,,,0.0,,,,4215.0503314355865,1377.694,,,,,,0.2488026249513224,0.2488026249513224,,,,,,
754,1,DDP,,Plantacion_forestal,,,2034,,,,0.0,,,,4215.0503314355865,1377.694,,,,,,0.25923828908764024,0.25923828908764024,,,,,,
754,1,DDP,,Plantacion_forestal,,,2035,,,,0.0,,,,4215.0503314355865,1377.694,,,,,,0.26970712409639835,0.26970712409639835,,,,,,
754,1,DDP,,Plantacion_forestal,,,2036,,,,0.0,,,,4215.0503314355865,1377.694,,,,,,0.28020744144135074,0.28020744144135074,,,,,,
754,1,DDP,,Plantacion_forestal,,,2037,,,,0.0,,,,4215.0503314355865,1377.694,,,,,,0.290737665278827,0.290737665278827,,,,,,
754,1,DDP,,Plantacion_forestal,,,2038,,,,0.0,,,,4215.0503314355865,1377.694,,,,,,0.3012963232106683,0.3012963232106683,,,,,,
754,1,DDP,,Plantacion_forestal,,,2039,,,,0.0,,,,4215.0503314355865,1377.694,,,,,,0.3118820379329913,0.3118820379329913,,,,,,
754,1,DDP,,Plantacion_forestal,,,2040,,,,0.0,,,,4215.0503314355865,1377.694,,,,,,0.3224935196811389,0.3224935196811389,,,,,,
754,1,DDP,,Plantacion_forestal,,,2041,,,,0.0,,,,4215.0503314355865,1377.694,,,,,,0.3331295593836441,0.3331295593836441,,,,,,
754,1,DDP,,Plantacion_forestal,,,2042,,,,0.0,,,,4215.0503314355865,1377.694,,,,,,0.3437890224487773,0.3437890224487773,,,,,,
754,1,DDP,,Plantacion_forestal,,,2043,,,,0.0,,,,4215.0503314355865,1377.694,,,,,,0.35447084311651517,0.35447084311651517,,,,,,
754,1,DDP,,Plantacion_forestal,,,2044,,,,0.0,,,,4215.0503314355865,1377.694,,,,,,0.36517401931679966,0.36517401931679966,,,,,,
754,1,DDP,,Plantacion_forestal,,,2045,,,,0.0,,,,4215.0503314355865,1377.694,,,,,,0.3758976079819204,0.3758976079819204,,,,,,
754,1,DDP,,Plantacion_forestal,,,2046,,,,0.0,,,,4215.0503314355865,1377.694,,,,,,0.3866407207669045,0.3866407207669045,,,,,,
754,1,DDP,,Plantacion_forestal,,,2047,,,,0.0,,,,4215.0503314355865,1377.694,,,,,,0.3974025201370737,0.3974025201370737,,,,,,
754,1,DDP,,Plantacion_forestal,,,2048,,,,0.0,,,,4215.0503314355865,1377.694,,,,,,0.40818221578653896,0.40818221578653896,,,,,,
754,1,DDP,,Plantacion_forestal,,,2049,,,,0.0,,,,4215.0503314355865,1377.694,,,,,,0.41897906135542495,0.41897906135542495,,,,,,
754,1,DDP,,Plantacion_forestal,,,2050,,,,0.0,,,,4215.0503314355865,1377.694,,,,,,0.42979235141715594,0.42979235141715594,,,,,,
754,1,DDP,,Plantacion_forestal,,,2051,,,,0.0,,,,4215.0503314355865,1377.694,,,,,,0.4393843292646936,0.4393843292646936,,,,,,
754,1,DDP,,Plantacion_forestal,,,2052,,,,0.0,,,,4215.0503314355865,1377.694,,,,,,0.44895874692576015,0.44895874692576015,,,,,,
754,1,DDP,,Plantacion_forestal,,,2053,,,,0.0,,,,4215.0503314355865,1377.694,,,,,,0.4585156525778248,0.4585156525778248,,,,,,
754,1,DDP,,Plantacion_forestal,,,2054,,,,0.0,,,,4215.0503314355865,1377.694,,,,,,0.46805509422228114,0.46805509422228114,,,,,,
754,1,DDP,,Plantacion_forestal,,,2055,,,,0.0,,,,4215.0503314355865,1377.694,,,,,,0.47757711968524996,0.47757711968524996,,,,,,
754,1,DDP,,Plantacion_forestal,,,2056,,,,0.0,,,,4215.0503314355865,1377.694,,,,,,0.48708177661837876,0.48708177661837876,,,,,,
754,1,DDP,,Plantacion_forestal,,,2057,,,,0.0,,,,4215.0503314355865,1377.694,,,,,,0.49656911249963714,0.49656911249963714,,,,,,
754,1,DDP,,Plantacion_forestal,,,2058,,,,0.0,,,,4215.0503314355865,1377.694,,,,,,0.506039174634106,0.506039174634106,,,,,,
754,1,DDP,,Plantacion_forestal,,,2059,,,,0.0,,,,4215.0503314355865,1377.694,,,,,,0.5154920101547656,0.5154920101547656,,,,,,
754,1,DDP,,Plantacion_forestal,,,2060,,,,0.0,,,,4215.0503314355865,1377.694,,,,,,0.5249276660232758,0.5249276660232758,,,,,,
754,1,DDP,,Plantacion_forestal,,,2061,,,,0.0,,,,4215.0503314355865,1377.694,,,,,,0.5343461890307549,0.5343461890307549,,,,,,
754,1,DDP,,Plantacion_forestal,,,2062,,,,0.0,,,,4215.0503314355865,1377.694,,,,,,0.543747625798553,0.543747625798553,,,,,,
754,1,DDP,,Plantacion_forestal,,,2063,,,,0.0,,,,4215.0503314355865,1377.694,,,,,,0.5531320227790198,0.5531320227790198,,,,,,
754,1,DDP,,Plantacion_forestal,,,2064,,,,0.0,,,,4215.0503314355865,1377.694,,,,,,0.5624994262562721,0.5624994262562721,,,,,,
754,1,DDP,,Plantacion_forestal,,,2065,,,,0.0,,,,4215.0503314355865,1377.694,,,,,,0.5718498823469531,0.5718498823469531,,,,,,
754,1,DDP,,Plantacion_forestal,,,2066,,,,0.0,,,,4215.0503314355865,1377.694,,,,,,0.581183437000989,0.581183437000989,,,,,,
754,1,DDP,,Plantacion_forestal,,,2067,,,,0.0,,,,4215.0503314355865,1377.694,,,,,,0.5905001360023429,0.5905001360023429,,,,,,
754,1,DDP,,Plantacion_forestal,,,2068,,,,0.0,,,,4215.0503314355865,1377.694,,,,,,0.5998000249697619,0.5998000249697619,,,,,,
754,1,DDP,,Plantacion_forestal,,,2069,,,,0.0,,,,4215.0503314355865,1377.694,,,,,,0.6090831493575235,0.6090831493575235,,,,,,
754,1,DDP,,Plantacion_forestal,,,2070,,,,0.0,,,,4215.0503314355865,1377.694,,,,,,0.6183495544561746,0.6183495544561746,,,,,,
754,1,DDP,,Ganaderia_importada,,,2018,,,,1.216065795,,,,3277.6204103331434,85.21813066866171,,,,,,1.216065795,1.216065795,,,,,,
754,1,DDP,,Ganaderia_importada,,,2019,,,,0.972852636,,,,3710.5686102648538,96.47478386688621,,,,,,1.140225441,1.140225441,,,,,,
754,1,DDP,,Ganaderia_importada,,,2020,,,,0.7296394770000001,,,,3726.153830288593,96.8799995875034,,,,,,1.143282195,1.143282195,,,,,,
754,1,DDP,,Ganaderia_importada,,,2021,,,,0.4864263180000001,,,,3363.6677925953372,87.45536260747876,,,,,,1.18791717,1.18791717,,,,,,
754,1,DDP,,Ganaderia_importada,,,2022,,,,0.2432131590000001,,,,3363.6677925953363,87.45536260747875,,,,,,1.2038866472304526,1.2038866472304526,,,,,,
754,1,DDP,,Ganaderia_importada,,,2023,,,,0.0,,,,3407.3954738990756,86.31844289358152,,,,,,1.2907016966430456,1.2907016966430456,,,,,,
754,1,DDP,,Ganaderia_importada,,,2024,,,,0.0,,,,3407.3954738990765,85.19630313596495,,,,,,1.3073023196549445,1.3073023196549445,,,,,,
754,1,DDP,,Ganaderia_importada,,,2025,,,,0.0,,,,3407.395473899076,84.0887511951974,,,,,,1.323745734432676,1.323745734432676,,,,,,
754,1,DDP,,Ganaderia_importada,,,2026,,,,0.0,,,,3407.395473899076,82.99559742965984,,,,,,1.3400135292010673,1.3400135292010673,,,,,,
754,1,DDP,,Ganaderia_importada,,,2027,,,,0.0,,,,3407.395473899076,81.91665466307425,,,,,,1.3560995430968883,1.3560995430968883,,,,,,
754,1,DDP,,Ganaderia_importada,,,2028,,,,0.0,,,,3407.3954738990765,80.85173815245429,,,,,,1.3719922333533954,1.3719922333533954,,,,,,
754,1,DDP,,Ganaderia_importada,,,2029,,,,0.0,,,,3407.395473899077,79.80066555647238,,,,,,1.387689333905952,1.387689333905952,,,,,,
754,1,DDP,,Ganaderia_importada,,,2030,,,,0.0,,,,3407.395473899076,78.76325690423823,,,,,,1.4031732119391043,1.4031732119391043,,,,,,
754,1,DDP,,Ganaderia_importada,,,2031,,,,0.0,,,,3407.3954738990765,77.73933456448313,,,,,,1.4184355821540249,1.4184355821540249,,,,,,
754,1,DDP,,Ganaderia_importada,,,2032,,,,0.0,,,,3407.395473899076,76.72872321514485,,,,,,1.4334657515582088,1.4334657515582088,,,,,,
754,1,DDP,,Ganaderia_importada,,,2033,,,,0.0,,,,3407.3954738990765,75.73124981334797,,,,,,1.448251327610675,1.448251327610675,,,,,,
754,1,DDP,,Ganaderia_importada,,,2034,,,,0.0,,,,3407.3954738990765,74.74674356577445,,,,,,1.4627862202627127,1.4627862202627127,,,,,,
754,1,DDP,,Ganaderia_importada,,,2035,,,,0.0,,,,3407.3954738990765,73.77503589941938,,,,,,1.461266322836988,1.461266322836988,,,,,,
754,1,DDP,,Ganaderia_importada,,,2036,,,,0.0,,,,3407.395473899077,72.81596043272692,,,,,,1.4621796202566701,1.4621796202566701,,,,,,
754,1,DDP,,Ganaderia_importada,,,2037,,,,0.0,,,,3407.3954738990765,71.86935294710148,,,,,,1.462596347278356,1.462596347278356,,,,,,
754,1,DDP,,Ganaderia_importada,,,2038,,,,0.0,,,,3407.395473899076,70.93505135878915,,,,,,1.462519662715687,1.462519662715687,,,,,,
754,1,DDP,,Ganaderia_importada,,,2039,,,,0.0,,,,3407.395473899076,70.0128956911249,,,,,,1.461948946850833,1.461948946850833,,,,,,
754,1,DDP,,Ganaderia_importada,,,2040,,,,0.0,,,,3407.395473899077,69.10272804714027,,,,,,1.460886409479467,1.460886409479467,,,,,,
754,1,DDP,,Ganaderia_importada,,,2041,,,,0.0,,,,3407.395473899076,68.20439258252745,,,,,,1.4593386988746915,1.4593386988746915,,,,,,
754,1,DDP,,Ganaderia_importada,,,2042,,,,0.0,,,,3407.3954738990765,67.31773547895459,,,,,,1.4573099972747865,1.4573099972747865,,,,,,
754,1,DDP,,Ganaderia_importada,,,2043,,,,0.0,,,,3407.395473899076,66.44260491772818,,,,,,1.4548016151147793,1.4548016151147793,,,,,,
754,1,DDP,,Ganaderia_importada,,,2044,,,,0.0,,,,3407.395473899076,65.5788510537977,,,,,,1.4518205872156809,1.4518205872156809,,,,,,
754,1,DDP,,Ganaderia_importada,,,2045,,,,0.0,,,,3407.395473899077,64.72632599009833,,,,,,1.4483685426753772,1.4483685426753772,,,,,,
754,1,DDP,,Ganaderia_importada,,,2046,,,,0.0,,,,3407.395473899076,63.884883752227054,,,,,,1.4444524139269395,1.4444524139269395,,,,,,
754,1,DDP,,Ganaderia_importada,,,2047,,,,0.0,,,,3407.3954738990765,63.0543802634481,,,,,,1.4400824371377883,1.4400824371377883,,,,,,
754,1,DDP,,Ganaderia_importada,,,2048,,,,0.0,,,,3407.3954738990765,62.234673320023276,,,,,,1.435259195544826,1.435259195544826,,,,,,
754,1,DDP,,Ganaderia_importada,,,2049,,,,0.0,,,,3407.395473899076,61.42562256686297,,,,,,1.4299938969413304,1.4299938969413304,,,,,,
754,1,DDP,,Ganaderia_importada,,,2050,,,,0.0,,,,3407.3954738990765,60.62708947349375,,,,,,1.430279617979725,1.430279617979725,,,,,,
754,1,DDP,,Ganaderia_importada,,,2051,,,,0.0,,,,3407.395473899076,59.83893731033833,,,,,,1.4301886869781328,1.4301886869781328,,,,,,
754,1,DDP,,Ganaderia_importada,,,2052,,,,0.0,,,,3407.395473899076,59.061031125303934,,,,,,1.4297206190749985,1.4297206190749985,,,,,,
754,1,DDP,,Ganaderia_importada,,,2053,,,,0.0,,,,3407.395473899076,58.29323772067498,,,,,,1.4288752201281887,1.4288752201281887,,,,,,
754,1,DDP,,Ganaderia_importada,,,2054,,,,0.0,,,,3407.3954738990765,57.53542563030621,,,,,,1.427652587549494,1.427652587549494,,,,,,
754,1,DDP,,Ganaderia_importada,,,2055,,,,0.0,,,,3407.3954738990756,56.787465097112225,,,,,,1.4260531107711059,1.4260531107711059,,,,,,
754,1,DDP,,Ganaderia_importada,,,2056,,,,0.0,,,,3407.395473899077,56.04922805084976,,,,,,1.4240774713423492,1.4240774713423492,,,,,,
754,1,DDP,,Ganaderia_importada,,,2057,,,,0.0,,,,3407.395473899077,55.320588086188714,,,,,,1.4217266426556145,1.4217266426556145,,,,,,
754,1,DDP,,Ganaderia_importada,,,2058,,,,0.0,,,,3407.3954738990765,54.60142044106826,,,,,,1.4190018893010699,1.4190018893010699,,,,,,
754,1,DDP,,Ganaderia_importada,,,2059,,,,0.0,,,,3407.3954738990765,53.89160197533437,,,,,,1.4159047660503914,1.4159047660503914,,,,,,
754,1,DDP,,Ganaderia_importada,,,2060,,,,0.0,,,,3407.395473899076,53.19101114965502,,,,,,1.4124371164704015,1.4124371164704015,,,,,,
754,1,DDP,,Ganaderia_importada,,,2061,,,,0.0,,,,3407.395473899076,52.499528004709504,,,,,,1.408601071168153,1.408601071168153,,,,,,
754,1,DDP,,Ganaderia_importada,,,2062,,,,0.0,,,,3407.3954738990765,51.81703414064828,,,,,,1.4043990456696605,1.4043990456696605,,,,,,
754,1,DDP,,Ganaderia_importada,,,2063,,,,0.0,,,,3407.3954738990765,51.14341269681985,,,,,,1.3998337379351151,1.3998337379351151,,,,,,
754,1,DDP,,Ganaderia_importada,,,2064,,,,0.0,,,,3407.3954738990765,50.47854833176119,,,,,,1.3949081255140598,1.3949081255140598,,,,,,
754,1,DDP,,Ganaderia_importada,,,2065,,,,0.0,,,,3407.3954738990765,49.822327203448296,,,,,,1.3896254623446664,1.3896254623446664,,,,,,
754,1,DDP,,Ganaderia_importada,,,2066,,,,0.0,,,,3407.3954738990765,49.17463694980347,,,,,,1.3839892752018466,1.3839892752018466,,,,,,
754,1,DDP,,Ganaderia_importada,,,2067,,,,0.0,,,,3407.3954738990765,48.535366669456025,,,,,,1.3780033597995829,1.3780033597995829,,,,,,
754,1,DDP,,Ganaderia_importada,,,2068,,,,0.0,,,,3407.395473899076,47.904406902753095,,,,,,1.37167177655345,1.37167177655345,,,,,,
754,1,DDP,,Ganaderia_importada,,,2069,,,,0.0,,,,3407.395473899076,47.28164961301731,,,,,,1.3649988460099278,1.3649988460099278,,,,,,
754,1,DDP,,Ganaderia_importada,,,2070,,,,0.0,,,,3407.395473899076,46.666988168048086,,,,,,1.3579891439496512,1.3579891439496512,,,,,,
754,1,DDP,,Ganaderia_criolla,,,2018,,,,0.76739012,,,,1311.0481641332572,85.21813066866173,,,,,,0.76739012,0.76739012,,,,,,
754,1,DDP,,Ganaderia_criolla,,,2019,,,,0.613912096,,,,1484.2274441059415,96.47478386688618,,,,,,0.7195315760000001,0.7195315760000001,,,,,,
754,1,DDP,,Ganaderia_criolla,,,2020,,,,0.460434072,,,,1490.4615321154372,96.87999958750342,,,,,,0.7214605199999999,0.7214605199999999,,,,,,
754,1,DDP,,Ganaderia_criolla,,,2021,,,,0.306956048,,,,1345.467117038135,87.45536260747876,,,,,,0.74962712,0.74962712,,,,,,
754,1,DDP,,Ganaderia_criolla,,,2022,,,,0.153478024,,,,1345.4671170381346,87.45536260747875,,,,,,0.7597045509240514,0.7597045509240514,,,,,,
754,1,DDP,,Ganaderia_criolla,,,2023,,,,0.0,,,,1362.9581895596302,87.4553626074787,,,,,,0.8144886024617692,0.8144886024617692,,,,,,
754,1,DDP,,Ganaderia_criolla,,,2024,,,,0.0,,,,1362.9581895596305,87.4553626074787,,,,,,0.8173828254385234,0.8173828254385234,,,,,,
754,1,DDP,,Ganaderia_criolla,,,2025,,,,0.0,,,,1362.9581895596305,87.4553626074787,,,,,,0.8231499878287316,0.8231499878287316,,,,,,
754,1,DDP,,Ganaderia_criolla,,,2026,,,,0.0,,,,1362.9581895596305,87.4553626074787,,,,,,0.831438429455737,0.831438429455737,,,,,,
754,1,DDP,,Ganaderia_criolla,,,2027,,,,0.0,,,,1362.9581895596305,87.4553626074787,,,,,,0.83954119197861,0.83954119197861,,,,,,
754,1,DDP,,Ganaderia_criolla,,,2028,,,,0.0,,,,1362.9581895596305,87.4553626074787,,,,,,0.8474502663467511,0.8474502663467511,,,,,,
754,1,DDP,,Ganaderia_criolla,,,2029,,,,0.0,,,,1362.958189559631,87.4553626074786,,,,,,0.8551634030969172,0.8551634030969172,,,,,,
754,1,DDP,,Ganaderia_criolla,,,2030,,,,0.0,,,,1362.9581895596305,87.4553626074786,,,,,,0.862668896019767,0.862668896019767,,,,,,
754,1,DDP,,Ganaderia_criolla,,,2031,,,,0.0,,,,1362.9581895596302,87.4553626074786,,,,,,0.8699608529807942,0.8699608529807942,,,,,,
754,1,DDP,,Ganaderia_criolla,,,2032,,,,0.0,,,,1362.9581895596305,87.4553626074786,,,,,,0.8770319370544495,0.8770319370544495,,,,,,
754,1,DDP,,Ganaderia_criolla,,,2033,,,,0.0,,,,1362.9581895596305,87.4553626074786,,,,,,0.883873818217151,0.883873818217151,,,,,,
754,1,DDP,,Ganaderia_criolla,,,2034,,,,0.0,,,,1362.9581895596305,87.4553626074786,,,,,,0.8904820596263973,0.8904820596263973,,,,,,
754,1,DDP,,Ganaderia_criolla,,,2035,,,,0.0,,,,1362.9581895596305,87.4553626074786,,,,,,0.8872599149485205,0.8872599149485205,,,,,,
754,1,DDP,,Ganaderia_criolla,,,2036,,,,0.0,,,,1362.9581895596307,87.4553626074785,,,,,,0.8854784934763067,0.8854784934763067,,,,,,
754,1,DDP,,Ganaderia_criolla,,,2037,,,,0.0,,,,1362.9581895596307,87.4553626074785,,,,,,0.8833557364761622,0.8833557364761622,,,,,,
754,1,DDP,,Ganaderia_criolla,,,2038,,,,0.0,,,,1362.9581895596305,87.4553626074785,,,,,,0.8808950546523848,0.8808950546523848,,,,,,
754,1,DDP,,Ganaderia_criolla,,,2039,,,,0.0,,,,1362.9581895596305,87.4553626074785,,,,,,0.8780976202524694,0.8780976202524694,,,,,,
754,1,DDP,,Ganaderia_criolla,,,2040,,,,0.0,,,,1362.9581895596307,87.4553626074785,,,,,,0.8749663582026954,0.8749663582026954,,,,,,
754,1,DDP,,Ganaderia_criolla,,,2041,,,,0.0,,,,1362.9581895596305,87.4553626074785,,,,,,0.8715068847143803,0.8715068847143803,,,,,,
754,1,DDP,,Ganaderia_criolla,,,2042,,,,0.0,,,,1362.9581895596305,87.4553626074785,,,,,,0.8677233585480791,0.8677233585480791,,,,,,
754,1,DDP,,Ganaderia_criolla,,,2043,,,,0.0,,,,1362.9581895596305,87.4553626074784,,,,,,0.8636182625792748,0.8636182625792748,,,,,,
754,1,DDP,,Ganaderia_criolla,,,2044,,,,0.0,,,,1362.9581895596305,87.4553626074784,,,,,,0.8591975183936351,0.8591975183936351,,,,,,
754,1,DDP,,Ganaderia_criolla,,,2045,,,,0.0,,,,1362.9581895596305,87.4553626074784,,,,,,0.8544638689719122,0.8544638689719122,,,,,,
754,1,DDP,,Ganaderia_criolla,,,2046,,,,0.0,,,,1362.9581895596305,87.4553626074784,,,,,,0.8494232276389454,0.8494232276389454,,,,,,
754,1,DDP,,Ganaderia_criolla,,,2047,,,,0.0,,,,1362.9581895596305,87.4553626074784,,,,,,0.8440834571392486,0.8440834571392486,,,,,,
754,1,DDP,,Ganaderia_criolla,,,2048,,,,0.0,,,,1362.9581895596307,87.4553626074784,,,,,,0.8384467687194508,0.8384467687194508,,,,,,
754,1,DDP,,Ganaderia_criolla,,,2049,,,,0.0,,,,1362.9581895596305,87.4553626074784,,,,,,0.83252162283926,0.83252162283926,,,,,,
754,1,DDP,,Ganaderia_criolla,,,2050,,,,0.0,,,,1362.9581895596305,87.4553626074783,,,,,,0.8297868839447234,0.8297868839447234,,,,,,
754,1,DDP,,Ganaderia_criolla,,,2051,,,,0.0,,,,1362.9581895596305,87.4553626074783,,,,,,0.8302082071526132,0.8302082071526132,,,,,,
754,1,DDP,,Ganaderia_criolla,,,2052,,,,0.0,,,,1362.9581895596305,87.4553626074783,,,,,,0.8304122189754743,0.8304122189754743,,,,,,
754,1,DDP,,Ganaderia_criolla,,,2053,,,,0.0,,,,1362.9581895596307,87.4553626074783,,,,,,0.8303984083263551,0.8303984083263551,,,,,,
754,1,DDP,,Ganaderia_criolla,,,2054,,,,0.0,,,,1362.9581895596307,87.4553626074783,,,,,,0.8301664308649904,0.8301664308649904,,,,,,
754,1,DDP,,Ganaderia_criolla,,,2055,,,,0.0,,,,1362.9581895596305,87.4553626074783,,,,,,0.82971610980068,0.82971610980068,,,,,,
754,1,DDP,,Ganaderia_criolla,,,2056,,,,0.0,,,,1362.9581895596305,87.4553626074783,,,,,,0.829047436485253,0.829047436485253,,,,,,
754,1,DDP,,Ganaderia_criolla,,,2057,,,,0.0,,,,1362.9581895596307,87.4553626074782,,,,,,0.828160570794539,0.828160570794539,,,,,,
754,1,DDP,,Ganaderia_criolla,,,2058,,,,0.0,,,,1362.9581895596307,87.4553626074782,,,,,,0.8270558412971377,0.8270558412971377,,,,,,
754,1,DDP,,Ganaderia_criolla,,,2059,,,,0.0,,,,1362.9581895596305,87.4553626074782,,,,,,0.8257337452096392,0.8257337452096392,,,,,,
754,1,DDP,,Ganaderia_criolla,,,2060,,,,0.0,,,,1362.9581895596302,87.4553626074782,,,,,,0.8241949481378263,0.8241949481378263,,,,,,
754,1,DDP,,Ganaderia_criolla,,,2061,,,,0.0,,,,1362.958189559631,87.4553626074782,,,,,,0.8224402836037631,0.8224402836037631,,,,,,
754,1,DDP,,Ganaderia_criolla,,,2062,,,,0.0,,,,1362.9581895596307,87.4553626074782,,,,,,0.8204707523590457,0.8204707523590457,,,,,,
754,1,DDP,,Ganaderia_criolla,,,2063,,,,0.0,,,,1362.9581895596305,87.4553626074782,,,,,,0.8182875214848802,0.8182875214848802,,,,,,
754,1,DDP,,Ganaderia_criolla,,,2064,,,,0.0,,,,1362.9581895596307,87.4553626074782,,,,,,0.8158919232800084,0.8158919232800084,,,,,,
754,1,DDP,,Ganaderia_criolla,,,2065,,,,0.0,,,,1362.9581895596305,87.4553626074781,,,,,,0.8132854539379016,0.8132854539379016,,,,,,
754,1,DDP,,Ganaderia_criolla,,,2066,,,,0.0,,,,1362.9581895596307,87.4553626074781,,,,,,0.8104697720149938,0.8104697720149938,,,,,,
754,1,DDP,,Ganaderia_criolla,,,2067,,,,0.0,,,,1362.9581895596307,87.4553626074781,,,,,,0.8074466966921059,0.8074466966921059,,,,,,
754,1,DDP,,Ganaderia_criolla,,,2068,,,,0.0,,,,1362.9581895596307,87.4553626074781,,,,,,0.8042182058315803,0.8042182058315803,,,,,,
754,1,DDP,,Ganaderia_criolla,,,2069,,,,0.0,,,,1362.9581895596305,87.4553626074781,,,,,,0.8007864338330005,0.8007864338330005,,,,,,
754,1,DDP,,Ganaderia_criolla,,,2070,,,,0.0,,,,1362.9581895596305,87.4553626074781,,,,,,0.79715366929073,0.79715366929073,,,,,,
754,1,DDP,,Ganaderia_mestiza,,,2018,,,,1.110859085,,,,2622.096328266515,85.21813066866173,,,,,,1.110859085,1.110859085,,,,,,
754,1,DDP,,Ganaderia_mestiza,,,2019,,,,0.888687268,,,,2968.4548882118834,96.4747838668862,,,,,,1.0415799829999999,1.0415799829999999,,,,,,
754,1,DDP,,Ganaderia_mestiza,,,2020,,,,0.666515451,,,,2980.9230642308744,96.87999958750343,,,,,,1.044372285,1.044372285,,,,,,
754,1,DDP,,Ganaderia_mestiza,,,2021,,,,0.444343634,,,,2690.9342340762696,87.45536260747876,,,,,,1.08514571,1.08514571,,,,,,
754,1,DDP,,Ganaderia_mestiza,,,2022,,,,0.222171817,,,,2690.934234076269,87.45536260747875,,,,,,1.0997336039586068,1.0997336039586068,,,,,,
754,1,DDP,,Ganaderia_mestiza,,,2023,,,,0.0,,,,2725.9163791192605,88.59228232137596,,,,,,1.1790379366281254,1.1790379366281254,,,,,,
754,1,DDP,,Ganaderia_mestiza,,,2024,,,,0.0,,,,2725.9163791192605,89.74398199155384,,,,,,1.183227557792056,1.183227557792056,,,,,,
754,1,DDP,,Ganaderia_mestiza,,,2025,,,,0.0,,,,2725.9163791192614,90.91065375744402,,,,,,1.1915759904456233,1.1915759904456233,,,,,,
754,1,DDP,,Ganaderia_mestiza,,,2026,,,,0.0,,,,2725.9163791192614,92.09249225629078,,,,,,1.203574178123426,1.203574178123426,,,,,,
754,1,DDP,,Ganaderia_mestiza,,,2027,,,,0.0,,,,2725.9163791192605,93.28969465562255,,,,,,1.215303580323875,1.215303580323875,,,,,,
754,1,DDP,,Ganaderia_mestiza,,,2028,,,,0.0,,,,2725.916379119261,94.50246068614564,,,,,,1.226752603300337,1.226752603300337,,,,,,
754,1,DDP,,Ganaderia_mestiza,,,2029,,,,0.0,,,,2725.9163791192614,95.73099267506552,,,,,,1.23791799077336,1.23791799077336,,,,,,
754,1,DDP,,Ganaderia_mestiza,,,2030,,,,0.0,,,,2725.9163791192605,96.97549557984136,,,,,,1.2487827970608725,1.2487827970608725,,,,,,
754,1,DDP,,Ganaderia_mestiza,,,2031,,,,0.0,,,,2725.9163791192614,98.2361770223793,,,,,,1.2593384928230047,1.2593384928230047,,,,,,
754,1,DDP,,Ganaderia_mestiza,,,2032,,,,0.0,,,,2725.916379119261,99.51324732367021,,,,,,1.269574457268336,1.269574457268336,,,,,,
754,1,DDP,,Ganaderia_mestiza,,,2033,,,,0.0,,,,2725.9163791192614,100.80691953887792,,,,,,1.2794786320159566,1.2794786320159566,,,,,,
754,1,DDP,,Ganaderia_mestiza,,,2034,,,,0.0,,,,2725.9163791192614,102.11740949288333,,,,,,1.2890445943785345,1.2890445943785345,,,,,,
754,1,DDP,,Ganaderia_mestiza,,,2035,,,,0.0,,,,2725.916379119261,103.4449358162908,,,,,,1.284380280106931,1.284380280106931,,,,,,
754,1,DDP,,Ganaderia_mestiza,,,2036,,,,0.0,,,,2725.916379119261,104.78971998190256,,,,,,1.2818015288628792,1.2818015288628792,,,,,,
754,1,DDP,,Ganaderia_mestiza,,,2037,,,,0.0,,,,2725.916379119261,106.15198634166728,,,,,,1.2787286669150897,1.2787286669150897,,,,,,
754,1,DDP,,Ganaderia_mestiza,,,2038,,,,0.0,,,,2725.9163791192614,107.53196216410895,,,,,,1.2751666315330892,1.2751666315330892,,,,,,
754,1,DDP,,Ganaderia_mestiza,,,2039,,,,0.0,,,,2725.916379119261,108.92987767224236,,,,,,1.2711171196396631,1.2711171196396631,,,,,,
754,1,DDP,,Ganaderia_mestiza,,,2040,,,,0.0,,,,2725.9163791192614,110.3459660819815,,,,,,1.2665843653014826,1.2665843653014826,,,,,,
754,1,DDP,,Ganaderia_mestiza,,,2041,,,,0.0,,,,2725.916379119261,111.78046364104725,,,,,,1.261576498437349,1.261576498437349,,,,,,
754,1,DDP,,Ganaderia_mestiza,,,2042,,,,0.0,,,,2725.9163791192614,113.23360966838085,,,,,,1.25609953918855,1.25609953918855,,,,,,
754,1,DDP,,Ganaderia_mestiza,,,2043,,,,0.0,,,,2725.9163791192614,114.70564659406979,,,,,,1.250157081717579,1.250157081717579,,,,,,
754,1,DDP,,Ganaderia_mestiza,,,2044,,,,0.0,,,,2725.916379119261,116.19681999979268,,,,,,1.2437576979972378,1.2437576979972378,,,,,,
754,1,DDP,,Ganaderia_mestiza,,,2045,,,,0.0,,,,2725.916379119261,117.70737865978997,,,,,,1.2369053587133727,1.2369053587133727,,,,,,
754,1,DDP,,Ganaderia_mestiza,,,2046,,,,0.0,,,,2725.916379119261,119.23757458236723,,,,,,1.2296086238805701,1.2296086238805701,,,,,,
754,1,DDP,,Ganaderia_mestiza,,,2047,,,,0.0,,,,2725.916379119261,120.787663051938,,,,,,1.2218788754556058,1.2218788754556058,,,,,,
754,1,DDP,,Ganaderia_mestiza,,,2048,,,,0.0,,,,2725.9163791192614,122.35790267161318,,,,,,1.2137193143963017,1.2137193143963017,,,,,,
754,1,DDP,,Ganaderia_mestiza,,,2049,,,,0.0,,,,2725.916379119261,123.94855540634413,,,,,,1.2051421879003805,1.2051421879003805,,,,,,
754,1,DDP,,Ganaderia_mestiza,,,2050,,,,0.0,,,,2725.916379119261,125.5598866266266,,,,,,1.2011834328070796,1.2011834328070796,,,,,,
754,1,DDP,,Ganaderia_mestiza,,,2051,,,,0.0,,,,2725.916379119261,127.19216515277273,,,,,,1.201793332128178,1.201793332128178,,,,,,
754,1,DDP,,Ganaderia_mestiza,,,2052,,,,0.0,,,,2725.9163791192614,128.84566329975877,,,,,,1.202088655694336,1.202088655694336,,,,,,
754,1,DDP,,Ganaderia_mestiza,,,2053,,,,0.0,,,,2725.9163791192614,130.52065692265563,,,,,,1.2020686636659736,1.2020686636659736,,,,,,
754,1,DDP,,Ganaderia_mestiza,,,2054,,,,0.0,,,,2725.9163791192614,132.21742546265014,,,,,,1.2017328575827881,1.2017328575827881,,,,,,
754,1,DDP,,Ganaderia_mestiza,,,2055,,,,0.0,,,,2725.916379119261,133.93625199366457,,,,,,1.2010809815259844,1.2010809815259844,,,,,,
754,1,DDP,,Ganaderia_mestiza,,,2056,,,,0.0,,,,2725.9163791192614,135.6774232695822,,,,,,1.2001130229766364,1.2001130229766364,,,,,,
754,1,DDP,,Ganaderia_mestiza,,,2057,,,,0.0,,,,2725.9163791192614,137.44122977208676,,,,,,1.1988292133679013,1.1988292133679013,,,,,,
754,1,DDP,,Ganaderia_mestiza,,,2058,,,,0.0,,,,2725.916379119261,139.22796575912386,,,,,,1.1972300283293245,1.1972300283293245,,,,,,
754,1,DDP,,Ganaderia_mestiza,,,2059,,,,0.0,,,,2725.916379119261,141.03792931399246,,,,,,1.1953161876220177,1.1953161876220177,,,,,,
754,1,DDP,,Ganaderia_mestiza,,,2060,,,,0.0,,,,2725.916379119261,142.87142239507435,,,,,,1.193088654764031,1.193088654764031,,,,,,
754,1,DDP,,Ganaderia_mestiza,,,2061,,,,0.0,,,,2725.9163791192614,144.7287508862103,,,,,,1.1905486363457698,1.1905486363457698,,,,,,
754,1,DDP,,Ganaderia_mestiza,,,2062,,,,0.0,,,,2725.916379119261,146.610224647731,,,,,,1.1876975810358765,1.1876975810358765,,,,,,
754,1,DDP,,Ganaderia_mestiza,,,2063,,,,0.0,,,,2725.916379119261,148.5161575681515,,,,,,1.184537178278516,1.184537178278516,,,,,,
754,1,DDP,,Ganaderia_mestiza,,,2064,,,,0.0,,,,2725.916379119261,150.44686761653745,,,,,,1.1810693566835606,1.1810693566835606,,,,,,
754,1,DDP,,Ganaderia_mestiza,,,2065,,,,0.0,,,,2725.9163791192614,152.40267689555242,,,,,,1.1772962821117205,1.1772962821117205,,,,,,
754,1,DDP,,Ganaderia_mestiza,,,2066,,,,0.0,,,,2725.9163791192614,154.38391169519457,,,,,,1.1732203554571887,1.1732203554571887,,,,,,
754,1,DDP,,Ganaderia_mestiza,,,2067,,,,0.0,,,,2725.916379119261,156.3909025472321,,,,,,1.1688442101309113,1.1688442101309113,,,,,,
754,1,DDP,,Ganaderia_mestiza,,,2068,,,,0.0,,,,2725.9163791192614,158.42398428034608,,,,,,1.1641707092481344,1.1641707092481344,,,,,,
754,1,DDP,,Ganaderia_mestiza,,,2069,,,,0.0,,,,2725.916379119261,160.48349607599056,,,,,,1.159202942524384,1.159202942524384,,,,,,
754,1,DDP,,Ganaderia_mestiza,,,2070,,,,0.0,,,,2725.9163791192605,162.56978152497842,,,,,,1.1539442228845647,1.1539442228845647,,,,,,
754,1,DDP,Suelo,Bosque,,,2018,,,,,1.0,,,,,,,,,,,,,,,,,
754,1,DDP,Suelo,Bosque,,,2019,,,,,1.0,,,,,,,,,,,,,,,,,
754,1,DDP,Suelo,Bosque,,,2020,,,,,1.0,,,,,,,,,,,,,,,,,
754,1,DDP,Suelo,Bosque,,,2021,,,,,1.0,,,,,,,,,,,,,,,,,
754,1,DDP,Suelo,Bosque,,,2022,,,,,1.0,,,,,,,,,,,,,,,,,
754,1,DDP,Suelo,Bosque,,,2023,,,,,1.0,,,,,,,,,,,,,,,,,
754,1,DDP,Suelo,Bosque,,,2024,,,,,1.0,,,,,,,,,,,,,,,,,
754,1,DDP,Suelo,Bosque,,,2025,,,,,1.0,,,,,,,,,,,,,,,,,
754,1,DDP,Suelo,Bosque,,,2026,,,,,1.0,,,,,,,,,,,,,,,,,
754,1,DDP,Suelo,Bosque,,,2027,,,,,1.0,,,,,,,,,,,,,,,,,
754,1,DDP,Suelo,Bosque,,,2028,,,,,1.0,,,,,,,,,,,,,,,,,
754,1,DDP,Suelo,Bosque,,,2029,,,,,1.0,,,,,,,,,,,,,,,,,
754,1,DDP,Suelo,Bosque,,,2030,,,,,1.0,,,,,,,,,,,,,,,,,
754,1,DDP,Suelo,Bosque,,,2031,,,,,1.0,,,,,,,,,,,,,,,,,
754,1,DDP,Suelo,Bosque,,,2032,,,,,1.0,,,,,,,,,,,,,,,,,
754,1,DDP,Suelo,Bosque,,,2033,,,,,1.0,,,,,,,,,,,,,,,,,
754,1,DDP,Suelo,Bosque,,,2034,,,,,1.0,,,,,,,,,,,,,,,,,
754,1,DDP,Suelo,Bosque,,,2035,,,,,1.0,,,,,,,,,,,,,,,,,
754,1,DDP,Suelo,Bosque,,,2036,,,,,1.0,,,,,,,,,,,,,,,,,
754,1,DDP,Suelo,Bosque,,,2037,,,,,1.0,,,,,,,,,,,,,,,,,
754,1,DDP,Suelo,Bosque,,,2038,,,,,1.0,,,,,,,,,,,,,,,,,
754,1,DDP,Suelo,Bosque,,,2039,,,,,1.0,,,,,,,,,,,,,,,,,
754,1,DDP,Suelo,Bosque,,,2040,,,,,1.0,,,,,,,,,,,,,,,,,
754,1,DDP,Suelo,Bosque,,,2041,,,,,1.0,,,,,,,,,,,,,,,,,
754,1,DDP,Suelo,Bosque,,,2042,,,,,1.0,,,,,,,,,,,,,,,,,
754,1,DDP,Suelo,Bosque,,,2043,,,,,1.0,,,,,,,,,,,,,,,,,
754,1,DDP,Suelo,Bosque,,,2044,,,,,1.0,,,,,,,,,,,,,,,,,
754,1,DDP,Suelo,Bosque,,,2045,,,,,1.0,,,,,,,,,,,,,,,,,
754,1,DDP,Suelo,Bosque,,,2046,,,,,1.0,,,,,,,,,,,,,,,,,
754,1,DDP,Suelo,Bosque,,,2047,,,,,1.0,,,,,,,,,,,,,,,,,
754,1,DDP,Suelo,Bosque,,,2048,,,,,1.0,,,,,,,,,,,,,,,,,
754,1,DDP,Suelo,Bosque,,,2049,,,,,1.0,,,,,,,,,,,,,,,,,
754,1,DDP,Suelo,Bosque,,,2050,,,,,1.0,,,,,,,,,,,,,,,,,
754,1,DDP,Suelo,Bosque,,,2051,,,,,1.0,,,,,,,,,,,,,,,,,
754,1,DDP,Suelo,Bosque,,,2052,,,,,1.0,,,,,,,,,,,,,,,,,
754,1,DDP,Suelo,Bosque,,,2053,,,,,1.0,,,,,,,,,,,,,,,,,
754,1,DDP,Suelo,Bosque,,,2054,,,,,1.0,,,,,,,,,,,,,,,,,
754,1,DDP,Suelo,Bosque,,,2055,,,,,1.0,,,,,,,,,,,,,,,,,
754,1,DDP,Suelo,Bosque,,,2056,,,,,1.0,,,,,,,,,,,,,,,,,
754,1,DDP,Suelo,Bosque,,,2057,,,,,1.0,,,,,,,,,,,,,,,,,
754,1,DDP,Suelo,Bosque,,,2058,,,,,1.0,,,,,,,,,,,,,,,,,
754,1,DDP,Suelo,Bosque,,,2059,,,,,1.0,,,,,,,,,,,,,,,,,
754,1,DDP,Suelo,Bosque,,,2060,,,,,1.0,,,,,,,,,,,,,,,,,
754,1,DDP,Suelo,Bosque,,,2061,,,,,1.0,,,,,,,,,,,,,,,,,
754,1,DDP,Suelo,Bosque,,,2062,,,,,1.0,,,,,,,,,,,,,,,,,
754,1,DDP,Suelo,Bosque,,,2063,,,,,1.0,,,,,,,,,,,,,,,,,
754,1,DDP,Suelo,Bosque,,,2064,,,,,1.0,,,,,,,,,,,,,,,,,
754,1,DDP,Suelo,Bosque,,,2065,,,,,1.0,,,,,,,,,,,,,,,,,
754,1,DDP,Suelo,Bosque,,,2066,,,,,1.0,,,,,,,,,,,,,,,,,
754,1,DDP,Suelo,Bosque,,,2067,,,,,1.0,,,,,,,,,,,,,,,,,
754,1,DDP,Suelo,Bosque,,,2068,,,,,1.0,,,,,,,,,,,,,,,,,
754,1,DDP,Suelo,Bosque,,,2069,,,,,1.0,,,,,,,,,,,,,,,,,
754,1,DDP,Suelo,Bosque,,,2070,,,,,1.0,,,,,,,,,,,,,,,,,
754,1,DDP,Suelo,Tierra_agropecuaria,,,2018,,,,,1.0,,,,,,,,,,,,,,,,,
754,1,DDP,Suelo,Tierra_agropecuaria,,,2019,,,,,1.0,,,,,,,,,,,,,,,,,
754,1,DDP,Suelo,Tierra_agropecuaria,,,2020,,,,,1.0,,,,,,,,,,,,,,,,,
754,1,DDP,Suelo,Tierra_agropecuaria,,,2021,,,,,1.0,,,,,,,,,,,,,,,,,
754,1,DDP,Suelo,Tierra_agropecuaria,,,2022,,,,,1.0,,,,,,,,,,,,,,,,,
754,1,DDP,Suelo,Tierra_agropecuaria,,,2023,,,,,1.0,,,,,,,,,,,,,,,,,
754,1,DDP,Suelo,Tierra_agropecuaria,,,2024,,,,,1.0,,,,,,,,,,,,,,,,,
754,1,DDP,Suelo,Tierra_agropecuaria,,,2025,,,,,1.0,,,,,,,,,,,,,,,,,
754,1,DDP,Suelo,Tierra_agropecuaria,,,2026,,,,,1.0,,,,,,,,,,,,,,,,,
754,1,DDP,Suelo,Tierra_agropecuaria,,,2027,,,,,1.0,,,,,,,,,,,,,,,,,
754,1,DDP,Suelo,Tierra_agropecuaria,,,2028,,,,,1.0,,,,,,,,,,,,,,,,,
754,1,DDP,Suelo,Tierra_agropecuaria,,,2029,,,,,1.0,,,,,,,,,,,,,,,,,
754,1,DDP,Suelo,Tierra_agropecuaria,,,2030,,,,,1.0,,,,,,,,,,,,,,,,,
754,1,DDP,Suelo,Tierra_agropecuaria,,,2031,,,,,1.0,,,,,,,,,,,,,,,,,
754,1,DDP,Suelo,Tierra_agropecuaria,,,2032,,,,,1.0,,,,,,,,,,,,,,,,,
754,1,DDP,Suelo,Tierra_agropecuaria,,,2033,,,,,1.0,,,,,,,,,,,,,,,,,
754,1,DDP,Suelo,Tierra_agropecuaria,,,2034,,,,,1.0,,,,,,,,,,,,,,,,,
754,1,DDP,Suelo,Tierra_agropecuaria,,,2035,,,,,1.0,,,,,,,,,,,,,,,,,
754,1,DDP,Suelo,Tierra_agropecuaria,,,2036,,,,,1.0,,,,,,,,,,,,,,,,,
754,1,DDP,Suelo,Tierra_agropecuaria,,,2037,,,,,1.0,,,,,,,,,,,,,,,,,
754,1,DDP,Suelo,Tierra_agropecuaria,,,2038,,,,,1.0,,,,,,,,,,,,,,,,,
754,1,DDP,Suelo,Tierra_agropecuaria,,,2039,,,,,1.0,,,,,,,,,,,,,,,,,
754,1,DDP,Suelo,Tierra_agropecuaria,,,2040,,,,,1.0,,,,,,,,,,,,,,,,,
754,1,DDP,Suelo,Tierra_agropecuaria,,,2041,,,,,1.0,,,,,,,,,,,,,,,,,
754,1,DDP,Suelo,Tierra_agropecuaria,,,2042,,,,,1.0,,,,,,,,,,,,,,,,,
754,1,DDP,Suelo,Tierra_agropecuaria,,,2043,,,,,1.0,,,,,,,,,,,,,,,,,
754,1,DDP,Suelo,Tierra_agropecuaria,,,2044,,,,,1.0,,,,,,,,,,,,,,,,,
754,1,DDP,Suelo,Tierra_agropecuaria,,,2045,,,,,1.0,,,,,,,,,,,,,,,,,
754,1,DDP,Suelo,Tierra_agropecuaria,,,2046,,,,,1.0,,,,,,,,,,,,,,,,,
754,1,DDP,Suelo,Tierra_agropecuaria,,,2047,,,,,1.0,,,,,,,,,,,,,,,,,
754,1,DDP,Suelo,Tierra_agropecuaria,,,2048,,,,,1.0,,,,,,,,,,,,,,,,,
754,1,DDP,Suelo,Tierra_agropecuaria,,,2049,,,,,1.0,,,,,,,,,,,,,,,,,
754,1,DDP,Suelo,Tierra_agropecuaria,,,2050,,,,,1.0,,,,,,,,,,,,,,,,,
754,1,DDP,Suelo,Tierra_agropecuaria,,,2051,,,,,1.0,,,,,,,,,,,,,,,,,
754,1,DDP,Suelo,Tierra_agropecuaria,,,2052,,,,,1.0,,,,,,,,,,,,,,,,,
754,1,DDP,Suelo,Tierra_agropecuaria,,,2053,,,,,1.0,,,,,,,,,,,,,,,,,
754,1,DDP,Suelo,Tierra_agropecuaria,,,2054,,,,,1.0,,,,,,,,,,,,,,,,,
754,1,DDP,Suelo,Tierra_agropecuaria,,,2055,,,,,1.0,,,,,,,,,,,,,,,,,
754,1,DDP,Suelo,Tierra_agropecuaria,,,2056,,,,,1.0,,,,,,,,,,,,,,,,,
754,1,DDP,Suelo,Tierra_agropecuaria,,,2057,,,,,1.0,,,,,,,,,,,,,,,,,
754,1,DDP,Suelo,Tierra_agropecuaria,,,2058,,,,,1.0,,,,,,,,,,,,,,,,,
754,1,DDP,Suelo,Tierra_agropecuaria,,,2059,,,,,1.0,,,,,,,,,,,,,,,,,
754,1,DDP,Suelo,Tierra_agropecuaria,,,2060,,,,,1.0,,,,,,,,,,,,,,,,,
754,1,DDP,Suelo,Tierra_agropecuaria,,,2061,,,,,1.0,,,,,,,,,,,,,,,,,
754,1,DDP,Suelo,Tierra_agropecuaria,,,2062,,,,,1.0,,,,,,,,,,,,,,,,,
754,1,DDP,Suelo,Tierra_agropecuaria,,,2063,,,,,1.0,,,,,,,,,,,,,,,,,
754,1,DDP,Suelo,Tierra_agropecuaria,,,2064,,,,,1.0,,,,,,,,,,,,,,,,,
754,1,DDP,Suelo,Tierra_agropecuaria,,,2065,,,,,1.0,,,,,,,,,,,,,,,,,
754,1,DDP,Suelo,Tierra_agropecuaria,,,2066,,,,,1.0,,,,,,,,,,,,,,,,,
754,1,DDP,Suelo,Tierra_agropecuaria,,,2067,,,,,1.0,,,,,,,,,,,,,,,,,
754,1,DDP,Suelo,Tierra_agropecuaria,,,2068,,,,,1.0,,,,,,,,,,,,,,,,,
754,1,DDP,Suelo,Tierra_agropecuaria,,,2069,,,,,1.0,,,,,,,,,,,,,,,,,
754,1,DDP,Suelo,Tierra_agropecuaria,,,2070,,,,,1.0,,,,,,,,,,,,,,,,,
754,1,DDP,Suelo,Pastizales,,,2018,,,,,1.0,,,,,,,,,,,,,,,,,
754,1,DDP,Suelo,Pastizales,,,2019,,,,,1.0,,,,,,,,,,,,,,,,,
754,1,DDP,Suelo,Pastizales,,,2020,,,,,1.0,,,,,,,,,,,,,,,,,
754,1,DDP,Suelo,Pastizales,,,2021,,,,,1.0,,,,,,,,,,,,,,,,,
754,1,DDP,Suelo,Pastizales,,,2022,,,,,1.0,,,,,,,,,,,,,,,,,
754,1,DDP,Suelo,Pastizales,,,2023,,,,,1.0,,,,,,,,,,,,,,,,,
754,1,DDP,Suelo,Pastizales,,,2024,,,,,1.0,,,,,,,,,,,,,,,,,
754,1,DDP,Suelo,Pastizales,,,2025,,,,,1.0,,,,,,,,,,,,,,,,,
754,1,DDP,Suelo,Pastizales,,,2026,,,,,1.0,,,,,,,,,,,,,,,,,
754,1,DDP,Suelo,Pastizales,,,2027,,,,,1.0,,,,,,,,,,,,,,,,,
754,1,DDP,Suelo,Pastizales,,,2028,,,,,1.0,,,,,,,,,,,,,,,,,
754,1,DDP,Suelo,Pastizales,,,2029,,,,,1.0,,,,,,,,,,,,,,,,,
754,1,DDP,Suelo,Pastizales,,,2030,,,,,1.0,,,,,,,,,,,,,,,,,
754,1,DDP,Suelo,Pastizales,,,2031,,,,,1.0,,,,,,,,,,,,,,,,,
754,1,DDP,Suelo,Pastizales,,,2032,,,,,1.0,,,,,,,,,,,,,,,,,
754,1,DDP,Suelo,Pastizales,,,2033,,,,,1.0,,,,,,,,,,,,,,,,,
754,1,DDP,Suelo,Pastizales,,,2034,,,,,1.0,,,,,,,,,,,,,,,,,
754,1,DDP,Suelo,Pastizales,,,2035,,,,,1.0,,,,,,,,,,,,,,,,,
754,1,DDP,Suelo,Pastizales,,,2036,,,,,1.0,,,,,,,,,,,,,,,,,
754,1,DDP,Suelo,Pastizales,,,2037,,,,,1.0,,,,,,,,,,,,,,,,,
754,1,DDP,Suelo,Pastizales,,,2038,,,,,1.0,,,,,,,,,,,,,,,,,
754,1,DDP,Suelo,Pastizales,,,2039,,,,,1.0,,,,,,,,,,,,,,,,,
754,1,DDP,Suelo,Pastizales,,,2040,,,,,1.0,,,,,,,,,,,,,,,,,
754,1,DDP,Suelo,Pastizales,,,2041,,,,,1.0,,,,,,,,,,,,,,,,,
754,1,DDP,Suelo,Pastizales,,,2042,,,,,1.0,,,,,,,,,,,,,,,,,
754,1,DDP,Suelo,Pastizales,,,2043,,,,,1.0,,,,,,,,,,,,,,,,,
754,1,DDP,Suelo,Pastizales,,,2044,,,,,1.0,,,,,,,,,,,,,,,,,
754,1,DDP,Suelo,Pastizales,,,2045,,,,,1.0,,,,,,,,,,,,,,,,,
754,1,DDP,Suelo,Pastizales,,,2046,,,,,1.0,,,,,,,,,,,,,,,,,
754,1,DDP,Suelo,Pastizales,,,2047,,,,,1.0,,,,,,,,,,,,,,,,,
754,1,DDP,Suelo,Pastizales,,,2048,,,,,1.0,,,,,,,,,,,,,,,,,
754,1,DDP,Suelo,Pastizales,,,2049,,,,,1.0,,,,,,,,,,,,,,,,,
754,1,DDP,Suelo,Pastizales,,,2050,,,,,1.0,,,,,,,,,,,,,,,,,
754,1,DDP,Suelo,Pastizales,,,2051,,,,,1.0,,,,,,,,,,,,,,,,,
754,1,DDP,Suelo,Pastizales,,,2052,,,,,1.0,,,,,,,,,,,,,,,,,
754,1,DDP,Suelo,Pastizales,,,2053,,,,,1.0,,,,,,,,,,,,,,,,,
754,1,DDP,Suelo,Pastizales,,,2054,,,,,1.0,,,,,,,,,,,,,,,,,
754,1,DDP,Suelo,Pastizales,,,2055,,,,,1.0,,,,,,,,,,,,,,,,,
754,1,DDP,Suelo,Pastizales,,,2056,,,,,1.0,,,,,,,,,,,,,,,,,
754,1,DDP,Suelo,Pastizales,,,2057,,,,,1.0,,,,,,,,,,,,,,,,,
754,1,DDP,Suelo,Pastizales,,,2058,,,,,1.0,,,,,,,,,,,,,,,,,
754,1,DDP,Suelo,Pastizales,,,2059,,,,,1.0,,,,,,,,,,,,,,,,,
754,1,DDP,Suelo,Pastizales,,,2060,,,,,1.0,,,,,,,,,,,,,,,,,
754,1,DDP,Suelo,Pastizales,,,2061,,,,,1.0,,,,,,,,,,,,,,,,,
754,1,DDP,Suelo,Pastizales,,,2062,,,,,1.0,,,,,,,,,,,,,,,,,
754,1,DDP,Suelo,Pastizales,,,2063,,,,,1.0,,,,,,,,,,,,,,,,,
754,1,DDP,Suelo,Pastizales,,,2064,,,,,1.0,,,,,,,,,,,,,,,,,
754,1,DDP,Suelo,Pastizales,,,2065,,,,,1.0,,,,,,,,,,,,,,,,,
754,1,DDP,Suelo,Pastizales,,,2066,,,,,1.0,,,,,,,,,,,,,,,,,
754,1,DDP,Suelo,Pastizales,,,2067,,,,,1.0,,,,,,,,,,,,,,,,,
754,1,DDP,Suelo,Pastizales,,,2068,,,,,1.0,,,,,,,,,,,,,,,,,
754,1,DDP,Suelo,Pastizales,,,2069,,,,,1.0,,,,,,,,,,,,,,,,,
754,1,DDP,Suelo,Pastizales,,,2070,,,,,1.0,,,,,,,,,,,,,,,,,
754,1,DDP,Suelo,Humedal,,,2018,,,,,1.0,,,,,,,,,,,,,,,,,
754,1,DDP,Suelo,Humedal,,,2019,,,,,1.0,,,,,,,,,,,,,,,,,
754,1,DDP,Suelo,Humedal,,,2020,,,,,1.0,,,,,,,,,,,,,,,,,
754,1,DDP,Suelo,Humedal,,,2021,,,,,1.0,,,,,,,,,,,,,,,,,
754,1,DDP,Suelo,Humedal,,,2022,,,,,1.0,,,,,,,,,,,,,,,,,
754,1,DDP,Suelo,Humedal,,,2023,,,,,1.0,,,,,,,,,,,,,,,,,
754,1,DDP,Suelo,Humedal,,,2024,,,,,1.0,,,,,,,,,,,,,,,,,
754,1,DDP,Suelo,Humedal,,,2025,,,,,1.0,,,,,,,,,,,,,,,,,
754,1,DDP,Suelo,Humedal,,,2026,,,,,1.0,,,,,,,,,,,,,,,,,
754,1,DDP,Suelo,Humedal,,,2027,,,,,1.0,,,,,,,,,,,,,,,,,
754,1,DDP,Suelo,Humedal,,,2028,,,,,1.0,,,,,,,,,,,,,,,,,
754,1,DDP,Suelo,Humedal,,,2029,,,,,1.0,,,,,,,,,,,,,,,,,
754,1,DDP,Suelo,Humedal,,,2030,,,,,1.0,,,,,,,,,,,,,,,,,
754,1,DDP,Suelo,Humedal,,,2031,,,,,1.0,,,,,,,,,,,,,,,,,
754,1,DDP,Suelo,Humedal,,,2032,,,,,1.0,,,,,,,,,,,,,,,,,
754,1,DDP,Suelo,Humedal,,,2033,,,,,1.0,,,,,,,,,,,,,,,,,
754,1,DDP,Suelo,Humedal,,,2034,,,,,1.0,,,,,,,,,,,,,,,,,
754,1,DDP,Suelo,Humedal,,,2035,,,,,1.0,,,,,,,,,,,,,,,,,
754,1,DDP,Suelo,Humedal,,,2036,,,,,1.0,,,,,,,,,,,,,,,,,
754,1,DDP,Suelo,Humedal,,,2037,,,,,1.0,,,,,,,,,,,,,,,,,
754,1,DDP,Suelo,Humedal,,,2038,,,,,1.0,,,,,,,,,,,,,,,,,
754,1,DDP,Suelo,Humedal,,,2039,,,,,1.0,,,,,,,,,,,,,,,,,
754,1,DDP,Suelo,Humedal,,,2040,,,,,1.0,,,,,,,,,,,,,,,,,
754,1,DDP,Suelo,Humedal,,,2041,,,,,1.0,,,,,,,,,,,,,,,,,
754,1,DDP,Suelo,Humedal,,,2042,,,,,1.0,,,,,,,,,,,,,,,,,
754,1,DDP,Suelo,Humedal,,,2043,,,,,1.0,,,,,,,,,,,,,,,,,
754,1,DDP,Suelo,Humedal,,,2044,,,,,1.0,,,,,,,,,,,,,,,,,
754,1,DDP,Suelo,Humedal,,,2045,,,,,1.0,,,,,,,,,,,,,,,,,
754,1,DDP,Suelo,Humedal,,,2046,,,,,1.0,,,,,,,,,,,,,,,,,
754,1,DDP,Suelo,Humedal,,,2047,,,,,1.0,,,,,,,,,,,,,,,,,
754,1,DDP,Suelo,Humedal,,,2048,,,,,1.0,,,,,,,,,,,,,,,,,
754,1,DDP,Suelo,Humedal,,,2049,,,,,1.0,,,,,,,,,,,,,,,,,
754,1,DDP,Suelo,Humedal,,,2050,,,,,1.0,,,,,,,,,,,,,,,,,
754,1,DDP,Suelo,Humedal,,,2051,,,,,1.0,,,,,,,,,,,,,,,,,
754,1,DDP,Suelo,Humedal,,,2052,,,,,1.0,,,,,,,,,,,,,,,,,
754,1,DDP,Suelo,Humedal,,,2053,,,,,1.0,,,,,,,,,,,,,,,,,
754,1,DDP,Suelo,Humedal,,,2054,,,,,1.0,,,,,,,,,,,,,,,,,
754,1,DDP,Suelo,Humedal,,,2055,,,,,1.0,,,,,,,,,,,,,,,,,
754,1,DDP,Suelo,Humedal,,,2056,,,,,1.0,,,,,,,,,,,,,,,,,
754,1,DDP,Suelo,Humedal,,,2057,,,,,1.0,,,,,,,,,,,,,,,,,
754,1,DDP,Suelo,Humedal,,,2058,,,,,1.0,,,,,,,,,,,,,,,,,
754,1,DDP,Suelo,Humedal,,,2059,,,,,1.0,,,,,,,,,,,,,,,,,
754,1,DDP,Suelo,Humedal,,,2060,,,,,1.0,,,,,,,,,,,,,,,,,
754,1,DDP,Suelo,Humedal,,,2061,,,,,1.0,,,,,,,,,,,,,,,,,
754,1,DDP,Suelo,Humedal,,,2062,,,,,1.0,,,,,,,,,,,,,,,,,
754,1,DDP,Suelo,Humedal,,,2063,,,,,1.0,,,,,,,,,,,,,,,,,
754,1,DDP,Suelo,Humedal,,,2064,,,,,1.0,,,,,,,,,,,,,,,,,
754,1,DDP,Suelo,Humedal,,,2065,,,,,1.0,,,,,,,,,,,,,,,,,
754,1,DDP,Suelo,Humedal,,,2066,,,,,1.0,,,,,,,,,,,,,,,,,
754,1,DDP,Suelo,Humedal,,,2067,,,,,1.0,,,,,,,,,,,,,,,,,
754,1,DDP,Suelo,Humedal,,,2068,,,,,1.0,,,,,,,,,,,,,,,,,
754,1,DDP,Suelo,Humedal,,,2069,,,,,1.0,,,,,,,,,,,,,,,,,
754,1,DDP,Suelo,Humedal,,,2070,,,,,1.0,,,,,,,,,,,,,,,,,
754,1,DDP,Suelo,Zona_atropica,,,2018,,,,,1.0,,,,,,,,,,,,,,,,,
754,1,DDP,Suelo,Zona_atropica,,,2019,,,,,1.0,,,,,,,,,,,,,,,,,
754,1,DDP,Suelo,Zona_atropica,,,2020,,,,,1.0,,,,,,,,,,,,,,,,,
754,1,DDP,Suelo,Zona_atropica,,,2021,,,,,1.0,,,,,,,,,,,,,,,,,
754,1,DDP,Suelo,Zona_atropica,,,2022,,,,,1.0,,,,,,,,,,,,,,,,,
754,1,DDP,Suelo,Zona_atropica,,,2023,,,,,1.0,,,,,,,,,,,,,,,,,
754,1,DDP,Suelo,Zona_atropica,,,2024,,,,,1.0,,,,,,,,,,,,,,,,,
754,1,DDP,Suelo,Zona_atropica,,,2025,,,,,1.0,,,,,,,,,,,,,,,,,
754,1,DDP,Suelo,Zona_atropica,,,2026,,,,,1.0,,,,,,,,,,,,,,,,,
754,1,DDP,Suelo,Zona_atropica,,,2027,,,,,1.0,,,,,,,,,,,,,,,,,
754,1,DDP,Suelo,Zona_atropica,,,2028,,,,,1.0,,,,,,,,,,,,,,,,,
754,1,DDP,Suelo,Zona_atropica,,,2029,,,,,1.0,,,,,,,,,,,,,,,,,
754,1,DDP,Suelo,Zona_atropica,,,2030,,,,,1.0,,,,,,,,,,,,,,,,,
754,1,DDP,Suelo,Zona_atropica,,,2031,,,,,1.0,,,,,,,,,,,,,,,,,
754,1,DDP,Suelo,Zona_atropica,,,2032,,,,,1.0,,,,,,,,,,,,,,,,,
754,1,DDP,Suelo,Zona_atropica,,,2033,,,,,1.0,,,,,,,,,,,,,,,,,
754,1,DDP,Suelo,Zona_atropica,,,2034,,,,,1.0,,,,,,,,,,,,,,,,,
754,1,DDP,Suelo,Zona_atropica,,,2035,,,,,1.0,,,,,,,,,,,,,,,,,
754,1,DDP,Suelo,Zona_atropica,,,2036,,,,,1.0,,,,,,,,,,,,,,,,,
754,1,DDP,Suelo,Zona_atropica,,,2037,,,,,1.0,,,,,,,,,,,,,,,,,
754,1,DDP,Suelo,Zona_atropica,,,2038,,,,,1.0,,,,,,,,,,,,,,,,,
754,1,DDP,Suelo,Zona_atropica,,,2039,,,,,1.0,,,,,,,,,,,,,,,,,
754,1,DDP,Suelo,Zona_atropica,,,2040,,,,,1.0,,,,,,,,,,,,,,,,,
754,1,DDP,Suelo,Zona_atropica,,,2041,,,,,1.0,,,,,,,,,,,,,,,,,
754,1,DDP,Suelo,Zona_atropica,,,2042,,,,,1.0,,,,,,,,,,,,,,,,,
754,1,DDP,Suelo,Zona_atropica,,,2043,,,,,1.0,,,,,,,,,,,,,,,,,
754,1,DDP,Suelo,Zona_atropica,,,2044,,,,,1.0,,,,,,,,,,,,,,,,,
754,1,DDP,Suelo,Zona_atropica,,,2045,,,,,1.0,,,,,,,,,,,,,,,,,
754,1,DDP,Suelo,Zona_atropica,,,2046,,,,,1.0,,,,,,,,,,,,,,,,,
754,1,DDP,Suelo,Zona_atropica,,,2047,,,,,1.0,,,,,,,,,,,,,,,,,
754,1,DDP,Suelo,Zona_atropica,,,2048,,,,,1.0,,,,,,,,,,,,,,,,,
754,1,DDP,Suelo,Zona_atropica,,,2049,,,,,1.0,,,,,,,,,,,,,,,,,
754,1,DDP,Suelo,Zona_atropica,,,2050,,,,,1.0,,,,,,,,,,,,,,,,,
754,1,DDP,Suelo,Zona_atropica,,,2051,,,,,1.0,,,,,,,,,,,,,,,,,
754,1,DDP,Suelo,Zona_atropica,,,2052,,,,,1.0,,,,,,,,,,,,,,,,,
754,1,DDP,Suelo,Zona_atropica,,,2053,,,,,1.0,,,,,,,,,,,,,,,,,
754,1,DDP,Suelo,Zona_atropica,,,2054,,,,,1.0,,,,,,,,,,,,,,,,,
754,1,DDP,Suelo,Zona_atropica,,,2055,,,,,1.0,,,,,,,,,,,,,,,,,
754,1,DDP,Suelo,Zona_atropica,,,2056,,,,,1.0,,,,,,,,,,,,,,,,,
754,1,DDP,Suelo,Zona_atropica,,,2057,,,,,1.0,,,,,,,,,,,,,,,,,
754,1,DDP,Suelo,Zona_atropica,,,2058,,,,,1.0,,,,,,,,,,,,,,,,,
754,1,DDP,Suelo,Zona_atropica,,,2059,,,,,1.0,,,,,,,,,,,,,,,,,
754,1,DDP,Suelo,Zona_atropica,,,2060,,,,,1.0,,,,,,,,,,,,,,,,,
754,1,DDP,Suelo,Zona_atropica,,,2061,,,,,1.0,,,,,,,,,,,,,,,,,
754,1,DDP,Suelo,Zona_atropica,,,2062,,,,,1.0,,,,,,,,,,,,,,,,,
754,1,DDP,Suelo,Zona_atropica,,,2063,,,,,1.0,,,,,,,,,,,,,,,,,
754,1,DDP,Suelo,Zona_atropica,,,2064,,,,,1.0,,,,,,,,,,,,,,,,,
754,1,DDP,Suelo,Zona_atropica,,,2065,,,,,1.0,,,,,,,,,,,,,,,,,
754,1,DDP,Suelo,Zona_atropica,,,2066,,,,,1.0,,,,,,,,,,,,,,,,,
754,1,DDP,Suelo,Zona_atropica,,,2067,,,,,1.0,,,,,,,,,,,,,,,,,
754,1,DDP,Suelo,Zona_atropica,,,2068,,,,,1.0,,,,,,,,,,,,,,,,,
754,1,DDP,Suelo,Zona_atropica,,,2069,,,,,1.0,,,,,,,,,,,,,,,,,
754,1,DDP,Suelo,Zona_atropica,,,2070,,,,,1.0,,,,,,,,,,,,,,,,,
754,1,DDP,Suelo,Otras_tierras,,,2018,,,,,1.0,,,,,,,,,,,,,,,,,
754,1,DDP,Suelo,Otras_tierras,,,2019,,,,,1.0,,,,,,,,,,,,,,,,,
754,1,DDP,Suelo,Otras_tierras,,,2020,,,,,1.0,,,,,,,,,,,,,,,,,
754,1,DDP,Suelo,Otras_tierras,,,2021,,,,,1.0,,,,,,,,,,,,,,,,,
754,1,DDP,Suelo,Otras_tierras,,,2022,,,,,1.0,,,,,,,,,,,,,,,,,
754,1,DDP,Suelo,Otras_tierras,,,2023,,,,,1.0,,,,,,,,,,,,,,,,,
754,1,DDP,Suelo,Otras_tierras,,,2024,,,,,1.0,,,,,,,,,,,,,,,,,
754,1,DDP,Suelo,Otras_tierras,,,2025,,,,,1.0,,,,,,,,,,,,,,,,,
754,1,DDP,Suelo,Otras_tierras,,,2026,,,,,1.0,,,,,,,,,,,,,,,,,
754,1,DDP,Suelo,Otras_tierras,,,2027,,,,,1.0,,,,,,,,,,,,,,,,,
754,1,DDP,Suelo,Otras_tierras,,,2028,,,,,1.0,,,,,,,,,,,,,,,,,
754,1,DDP,Suelo,Otras_tierras,,,2029,,,,,1.0,,,,,,,,,,,,,,,,,
754,1,DDP,Suelo,Otras_tierras,,,2030,,,,,1.0,,,,,,,,,,,,,,,,,
754,1,DDP,Suelo,Otras_tierras,,,2031,,,,,1.0,,,,,,,,,,,,,,,,,
754,1,DDP,Suelo,Otras_tierras,,,2032,,,,,1.0,,,,,,,,,,,,,,,,,
754,1,DDP,Suelo,Otras_tierras,,,2033,,,,,1.0,,,,,,,,,,,,,,,,,
754,1,DDP,Suelo,Otras_tierras,,,2034,,,,,1.0,,,,,,,,,,,,,,,,,
754,1,DDP,Suelo,Otras_tierras,,,2035,,,,,1.0,,,,,,,,,,,,,,,,,
754,1,DDP,Suelo,Otras_tierras,,,2036,,,,,1.0,,,,,,,,,,,,,,,,,
754,1,DDP,Suelo,Otras_tierras,,,2037,,,,,1.0,,,,,,,,,,,,,,,,,
754,1,DDP,Suelo,Otras_tierras,,,2038,,,,,1.0,,,,,,,,,,,,,,,,,
754,1,DDP,Suelo,Otras_tierras,,,2039,,,,,1.0,,,,,,,,,,,,,,,,,
754,1,DDP,Suelo,Otras_tierras,,,2040,,,,,1.0,,,,,,,,,,,,,,,,,
754,1,DDP,Suelo,Otras_tierras,,,2041,,,,,1.0,,,,,,,,,,,,,,,,,
754,1,DDP,Suelo,Otras_tierras,,,2042,,,,,1.0,,,,,,,,,,,,,,,,,
754,1,DDP,Suelo,Otras_tierras,,,2043,,,,,1.0,,,,,,,,,,,,,,,,,
754,1,DDP,Suelo,Otras_tierras,,,2044,,,,,1.0,,,,,,,,,,,,,,,,,
754,1,DDP,Suelo,Otras_tierras,,,2045,,,,,1.0,,,,,,,,,,,,,,,,,
754,1,DDP,Suelo,Otras_tierras,,,2046,,,,,1.0,,,,,,,,,,,,,,,,,
754,1,DDP,Suelo,Otras_tierras,,,2047,,,,,1.0,,,,,,,,,,,,,,,,,
754,1,DDP,Suelo,Otras_tierras,,,2048,,,,,1.0,,,,,,,,,,,,,,,,,
754,1,DDP,Suelo,Otras_tierras,,,2049,,,,,1.0,,,,,,,,,,,,,,,,,
754,1,DDP,Suelo,Otras_tierras,,,2050,,,,,1.0,,,,,,,,,,,,,,,,,
754,1,DDP,Suelo,Otras_tierras,,,2051,,,,,1.0,,,,,,,,,,,,,,,,,
754,1,DDP,Suelo,Otras_tierras,,,2052,,,,,1.0,,,,,,,,,,,,,,,,,
754,1,DDP,Suelo,Otras_tierras,,,2053,,,,,1.0,,,,,,,,,,,,,,,,,
754,1,DDP,Suelo,Otras_tierras,,,2054,,,,,1.0,,,,,,,,,,,,,,,,,
754,1,DDP,Suelo,Otras_tierras,,,2055,,,,,1.0,,,,,,,,,,,,,,,,,
754,1,DDP,Suelo,Otras_tierras,,,2056,,,,,1.0,,,,,,,,,,,,,,,,,
754,1,DDP,Suelo,Otras_tierras,,,2057,,,,,1.0,,,,,,,,,,,,,,,,,
754,1,DDP,Suelo,Otras_tierras,,,2058,,,,,1.0,,,,,,,,,,,,,,,,,
754,1,DDP,Suelo,Otras_tierras,,,2059,,,,,1.0,,,,,,,,,,,,,,,,,
754,1,DDP,Suelo,Otras_tierras,,,2060,,,,,1.0,,,,,,,,,,,,,,,,,
754,1,DDP,Suelo,Otras_tierras,,,2061,,,,,1.0,,,,,,,,,,,,,,,,,
754,1,DDP,Suelo,Otras_tierras,,,2062,,,,,1.0,,,,,,,,,,,,,,,,,
754,1,DDP,Suelo,Otras_tierras,,,2063,,,,,1.0,,,,,,,,,,,,,,,,,
754,1,DDP,Suelo,Otras_tierras,,,2064,,,,,1.0,,,,,,,,,,,,,,,,,
754,1,DDP,Suelo,Otras_tierras,,,2065,,,,,1.0,,,,,,,,,,,,,,,,,
754,1,DDP,Suelo,Otras_tierras,,,2066,,,,,1.0,,,,,,,,,,,,,,,,,
754,1,DDP,Suelo,Otras_tierras,,,2067,,,,,1.0,,,,,,,,,,,,,,,,,
754,1,DDP,Suelo,Otras_tierras,,,2068,,,,,1.0,,,,,,,,,,,,,,,,,
754,1,DDP,Suelo,Otras_tierras,,,2069,,,,,1.0,,,,,,,,,,,,,,,,,
754,1,DDP,Suelo,Otras_tierras,,,2070,,,,,1.0,,,,,,,,,,,,,,,,,
754,1,DDP,Bosque,Bosque_nativo_protegido,,,2018,,,,,1.0,,,,,,,,,,,,,,,,,
754,1,DDP,Bosque,Bosque_nativo_protegido,,,2019,,,,,1.0,,,,,,,,,,,,,,,,,
754,1,DDP,Bosque,Bosque_nativo_protegido,,,2020,,,,,1.0,,,,,,,,,,,,,,,,,
754,1,DDP,Bosque,Bosque_nativo_protegido,,,2021,,,,,1.0,,,,,,,,,,,,,,,,,
754,1,DDP,Bosque,Bosque_nativo_protegido,,,2022,,,,,1.0,,,,,,,,,,,,,,,,,
754,1,DDP,Bosque,Bosque_nativo_protegido,,,2023,,,,,1.0,,,,,,,,,,,,,,,,,
754,1,DDP,Bosque,Bosque_nativo_protegido,,,2024,,,,,1.0,,,,,,,,,,,,,,,,,
754,1,DDP,Bosque,Bosque_nativo_protegido,,,2025,,,,,1.0,,,,,,,,,,,,,,,,,
754,1,DDP,Bosque,Bosque_nativo_protegido,,,2026,,,,,1.0,,,,,,,,,,,,,,,,,
754,1,DDP,Bosque,Bosque_nativo_protegido,,,2027,,,,,1.0,,,,,,,,,,,,,,,,,
754,1,DDP,Bosque,Bosque_nativo_protegido,,,2028,,,,,1.0,,,,,,,,,,,,,,,,,
754,1,DDP,Bosque,Bosque_nativo_protegido,,,2029,,,,,1.0,,,,,,,,,,,,,,,,,
754,1,DDP,Bosque,Bosque_nativo_protegido,,,2030,,,,,1.0,,,,,,,,,,,,,,,,,
754,1,DDP,Bosque,Bosque_nativo_protegido,,,2031,,,,,1.0,,,,,,,,,,,,,,,,,
754,1,DDP,Bosque,Bosque_nativo_protegido,,,2032,,,,,1.0,,,,,,,,,,,,,,,,,
754,1,DDP,Bosque,Bosque_nativo_protegido,,,2033,,,,,1.0,,,,,,,,,,,,,,,,,
754,1,DDP,Bosque,Bosque_nativo_protegido,,,2034,,,,,1.0,,,,,,,,,,,,,,,,,
754,1,DDP,Bosque,Bosque_nativo_protegido,,,2035,,,,,1.0,,,,,,,,,,,,,,,,,
754,1,DDP,Bosque,Bosque_nativo_protegido,,,2036,,,,,1.0,,,,,,,,,,,,,,,,,
754,1,DDP,Bosque,Bosque_nativo_protegido,,,2037,,,,,1.0,,,,,,,,,,,,,,,,,
754,1,DDP,Bosque,Bosque_nativo_protegido,,,2038,,,,,1.0,,,,,,,,,,,,,,,,,
754,1,DDP,Bosque,Bosque_nativo_protegido,,,2039,,,,,1.0,,,,,,,,,,,,,,,,,
754,1,DDP,Bosque,Bosque_nativo_protegido,,,2040,,,,,1.0,,,,,,,,,,,,,,,,,
754,1,DDP,Bosque,Bosque_nativo_protegido,,,2041,,,,,1.0,,,,,,,,,,,,,,,,,
754,1,DDP,Bosque,Bosque_nativo_protegido,,,2042,,,,,1.0,,,,,,,,,,,,,,,,,
754,1,DDP,Bosque,Bosque_nativo_protegido,,,2043,,,,,1.0,,,,,,,,,,,,,,,,,
754,1,DDP,Bosque,Bosque_nativo_protegido,,,2044,,,,,1.0,,,,,,,,,,,,,,,,,
754,1,DDP,Bosque,Bosque_nativo_protegido,,,2045,,,,,1.0,,,,,,,,,,,,,,,,,
754,1,DDP,Bosque,Bosque_nativo_protegido,,,2046,,,,,1.0,,,,,,,,,,,,,,,,,
754,1,DDP,Bosque,Bosque_nativo_protegido,,,2047,,,,,1.0,,,,,,,,,,,,,,,,,
754,1,DDP,Bosque,Bosque_nativo_protegido,,,2048,,,,,1.0,,,,,,,,,,,,,,,,,
754,1,DDP,Bosque,Bosque_nativo_protegido,,,2049,,,,,1.0,,,,,,,,,,,,,,,,,
754,1,DDP,Bosque,Bosque_nativo_protegido,,,2050,,,,,1.0,,,,,,,,,,,,,,,,,
754,1,DDP,Bosque,Bosque_nativo_protegido,,,2051,,,,,1.0,,,,,,,,,,,,,,,,,
754,1,DDP,Bosque,Bosque_nativo_protegido,,,2052,,,,,1.0,,,,,,,,,,,,,,,,,
754,1,DDP,Bosque,Bosque_nativo_protegido,,,2053,,,,,1.0,,,,,,,,,,,,,,,,,
754,1,DDP,Bosque,Bosque_nativo_protegido,,,2054,,,,,1.0,,,,,,,,,,,,,,,,,
754,1,DDP,Bosque,Bosque_nativo_protegido,,,2055,,,,,1.0,,,,,,,,,,,,,,,,,
754,1,DDP,Bosque,Bosque_nativo_protegido,,,2056,,,,,1.0,,,,,,,,,,,,,,,,,
754,1,DDP,Bosque,Bosque_nativo_protegido,,,2057,,,,,1.0,,,,,,,,,,,,,,,,,
754,1,DDP,Bosque,Bosque_nativo_protegido,,,2058,,,,,1.0,,,,,,,,,,,,,,,,,
754,1,DDP,Bosque,Bosque_nativo_protegido,,,2059,,,,,1.0,,,,,,,,,,,,,,,,,
754,1,DDP,Bosque,Bosque_nativo_protegido,,,2060,,,,,1.0,,,,,,,,,,,,,,,,,
754,1,DDP,Bosque,Bosque_nativo_protegido,,,2061,,,,,1.0,,,,,,,,,,,,,,,,,
754,1,DDP,Bosque,Bosque_nativo_protegido,,,2062,,,,,1.0,,,,,,,,,,,,,,,,,
754,1,DDP,Bosque,Bosque_nativo_protegido,,,2063,,,,,1.0,,,,,,,,,,,,,,,,,
754,1,DDP,Bosque,Bosque_nativo_protegido,,,2064,,,,,1.0,,,,,,,,,,,,,,,,,
754,1,DDP,Bosque,Bosque_nativo_protegido,,,2065,,,,,1.0,,,,,,,,,,,,,,,,,
754,1,DDP,Bosque,Bosque_nativo_protegido,,,2066,,,,,1.0,,,,,,,,,,,,,,,,,
754,1,DDP,Bosque,Bosque_nativo_protegido,,,2067,,,,,1.0,,,,,,,,,,,,,,,,,
754,1,DDP,Bosque,Bosque_nativo_protegido,,,2068,,,,,1.0,,,,,,,,,,,,,,,,,
754,1,DDP,Bosque,Bosque_nativo_protegido,,,2069,,,,,1.0,,,,,,,,,,,,,,,,,
754,1,DDP,Bosque,Bosque_nativo_protegido,,,2070,,,,,1.0,,,,,,,,,,,,,,,,,
754,1,DDP,Bosque,Bosque_nativo_sinproteger,,,2018,,,,,1.0,,,,,,,,,,,,,,,,,
754,1,DDP,Bosque,Bosque_nativo_sinproteger,,,2019,,,,,1.0,,,,,,,,,,,,,,,,,
754,1,DDP,Bosque,Bosque_nativo_sinproteger,,,2020,,,,,1.0,,,,,,,,,,,,,,,,,
754,1,DDP,Bosque,Bosque_nativo_sinproteger,,,2021,,,,,1.0,,,,,,,,,,,,,,,,,
754,1,DDP,Bosque,Bosque_nativo_sinproteger,,,2022,,,,,1.0,,,,,,,,,,,,,,,,,
754,1,DDP,Bosque,Bosque_nativo_sinproteger,,,2023,,,,,1.0,,,,,,,,,,,,,,,,,
754,1,DDP,Bosque,Bosque_nativo_sinproteger,,,2024,,,,,1.0,,,,,,,,,,,,,,,,,
754,1,DDP,Bosque,Bosque_nativo_sinproteger,,,2025,,,,,1.0,,,,,,,,,,,,,,,,,
754,1,DDP,Bosque,Bosque_nativo_sinproteger,,,2026,,,,,1.0,,,,,,,,,,,,,,,,,
754,1,DDP,Bosque,Bosque_nativo_sinproteger,,,2027,,,,,1.0,,,,,,,,,,,,,,,,,
754,1,DDP,Bosque,Bosque_nativo_sinproteger,,,2028,,,,,1.0,,,,,,,,,,,,,,,,,
754,1,DDP,Bosque,Bosque_nativo_sinproteger,,,2029,,,,,1.0,,,,,,,,,,,,,,,,,
754,1,DDP,Bosque,Bosque_nativo_sinproteger,,,2030,,,,,1.0,,,,,,,,,,,,,,,,,
754,1,DDP,Bosque,Bosque_nativo_sinproteger,,,2031,,,,,1.0,,,,,,,,,,,,,,,,,
754,1,DDP,Bosque,Bosque_nativo_sinproteger,,,2032,,,,,1.0,,,,,,,,,,,,,,,,,
754,1,DDP,Bosque,Bosque_nativo_sinproteger,,,2033,,,,,1.0,,,,,,,,,,,,,,,,,
754,1,DDP,Bosque,Bosque_nativo_sinproteger,,,2034,,,,,1.0,,,,,,,,,,,,,,,,,
754,1,DDP,Bosque,Bosque_nativo_sinproteger,,,2035,,,,,1.0,,,,,,,,,,,,,,,,,
754,1,DDP,Bosque,Bosque_nativo_sinproteger,,,2036,,,,,1.0,,,,,,,,,,,,,,,,,
754,1,DDP,Bosque,Bosque_nativo_sinproteger,,,2037,,,,,1.0,,,,,,,,,,,,,,,,,
754,1,DDP,Bosque,Bosque_nativo_sinproteger,,,2038,,,,,1.0,,,,,,,,,,,,,,,,,
754,1,DDP,Bosque,Bosque_nativo_sinproteger,,,2039,,,,,1.0,,,,,,,,,,,,,,,,,
754,1,DDP,Bosque,Bosque_nativo_sinproteger,,,2040,,,,,1.0,,,,,,,,,,,,,,,,,
754,1,DDP,Bosque,Bosque_nativo_sinproteger,,,2041,,,,,1.0,,,,,,,,,,,,,,,,,
754,1,DDP,Bosque,Bosque_nativo_sinproteger,,,2042,,,,,1.0,,,,,,,,,,,,,,,,,
754,1,DDP,Bosque,Bosque_nativo_sinproteger,,,2043,,,,,1.0,,,,,,,,,,,,,,,,,
754,1,DDP,Bosque,Bosque_nativo_sinproteger,,,2044,,,,,1.0,,,,,,,,,,,,,,,,,
754,1,DDP,Bosque,Bosque_nativo_sinproteger,,,2045,,,,,1.0,,,,,,,,,,,,,,,,,
754,1,DDP,Bosque,Bosque_nativo_sinproteger,,,2046,,,,,1.0,,,,,,,,,,,,,,,,,
754,1,DDP,Bosque,Bosque_nativo_sinproteger,,,2047,,,,,1.0,,,,,,,,,,,,,,,,,
754,1,DDP,Bosque,Bosque_nativo_sinproteger,,,2048,,,,,1.0,,,,,,,,,,,,,,,,,
754,1,DDP,Bosque,Bosque_nativo_sinproteger,,,2049,,,,,1.0,,,,,,,,,,,,,,,,,
754,1,DDP,Bosque,Bosque_nativo_sinproteger,,,2050,,,,,1.0,,,,,,,,,,,,,,,,,
754,1,DDP,Bosque,Bosque_nativo_sinproteger,,,2051,,,,,1.0,,,,,,,,,,,,,,,,,
754,1,DDP,Bosque,Bosque_nativo_sinproteger,,,2052,,,,,1.0,,,,,,,,,,,,,,,,,
754,1,DDP,Bosque,Bosque_nativo_sinproteger,,,2053,,,,,1.0,,,,,,,,,,,,,,,,,
754,1,DDP,Bosque,Bosque_nativo_sinproteger,,,2054,,,,,1.0,,,,,,,,,,,,,,,,,
754,1,DDP,Bosque,Bosque_nativo_sinproteger,,,2055,,,,,1.0,,,,,,,,,,,,,,,,,
754,1,DDP,Bosque,Bosque_nativo_sinproteger,,,2056,,,,,1.0,,,,,,,,,,,,,,,,,
754,1,DDP,Bosque,Bosque_nativo_sinproteger,,,2057,,,,,1.0,,,,,,,,,,,,,,,,,
754,1,DDP,Bosque,Bosque_nativo_sinproteger,,,2058,,,,,1.0,,,,,,,,,,,,,,,,,
754,1,DDP,Bosque,Bosque_nativo_sinproteger,,,2059,,,,,1.0,,,,,,,,,,,,,,,,,
754,1,DDP,Bosque,Bosque_nativo_sinproteger,,,2060,,,,,1.0,,,,,,,,,,,,,,,,,
754,1,DDP,Bosque,Bosque_nativo_sinproteger,,,2061,,,,,1.0,,,,,,,,,,,,,,,,,
754,1,DDP,Bosque,Bosque_nativo_sinproteger,,,2062,,,,,1.0,,,,,,,,,,,,,,,,,
754,1,DDP,Bosque,Bosque_nativo_sinproteger,,,2063,,,,,1.0,,,,,,,,,,,,,,,,,
754,1,DDP,Bosque,Bosque_nativo_sinproteger,,,2064,,,,,1.0,,,,,,,,,,,,,,,,,
754,1,DDP,Bosque,Bosque_nativo_sinproteger,,,2065,,,,,1.0,,,,,,,,,,,,,,,,,
754,1,DDP,Bosque,Bosque_nativo_sinproteger,,,2066,,,,,1.0,,,,,,,,,,,,,,,,,
754,1,DDP,Bosque,Bosque_nativo_sinproteger,,,2067,,,,,1.0,,,,,,,,,,,,,,,,,
754,1,DDP,Bosque,Bosque_nativo_sinproteger,,,2068,,,,,1.0,,,,,,,,,,,,,,,,,
754,1,DDP,Bosque,Bosque_nativo_sinproteger,,,2069,,,,,1.0,,,,,,,,,,,,,,,,,
754,1,DDP,Bosque,Bosque_nativo_sinproteger,,,2070,,,,,1.0,,,,,,,,,,,,,,,,,
754,1,DDP,Bosque,Plantacion_forestal,,,2018,,,,,1.0,,,,,,,,,,,,,,,,,
754,1,DDP,Bosque,Plantacion_forestal,,,2019,,,,,1.0,,,,,,,,,,,,,,,,,
754,1,DDP,Bosque,Plantacion_forestal,,,2020,,,,,1.0,,,,,,,,,,,,,,,,,
754,1,DDP,Bosque,Plantacion_forestal,,,2021,,,,,1.0,,,,,,,,,,,,,,,,,
754,1,DDP,Bosque,Plantacion_forestal,,,2022,,,,,1.0,,,,,,,,,,,,,,,,,
754,1,DDP,Bosque,Plantacion_forestal,,,2023,,,,,1.0,,,,,,,,,,,,,,,,,
754,1,DDP,Bosque,Plantacion_forestal,,,2024,,,,,1.0,,,,,,,,,,,,,,,,,
754,1,DDP,Bosque,Plantacion_forestal,,,2025,,,,,1.0,,,,,,,,,,,,,,,,,
754,1,DDP,Bosque,Plantacion_forestal,,,2026,,,,,1.0,,,,,,,,,,,,,,,,,
754,1,DDP,Bosque,Plantacion_forestal,,,2027,,,,,1.0,,,,,,,,,,,,,,,,,
754,1,DDP,Bosque,Plantacion_forestal,,,2028,,,,,1.0,,,,,,,,,,,,,,,,,
754,1,DDP,Bosque,Plantacion_forestal,,,2029,,,,,1.0,,,,,,,,,,,,,,,,,
754,1,DDP,Bosque,Plantacion_forestal,,,2030,,,,,1.0,,,,,,,,,,,,,,,,,
754,1,DDP,Bosque,Plantacion_forestal,,,2031,,,,,1.0,,,,,,,,,,,,,,,,,
754,1,DDP,Bosque,Plantacion_forestal,,,2032,,,,,1.0,,,,,,,,,,,,,,,,,
754,1,DDP,Bosque,Plantacion_forestal,,,2033,,,,,1.0,,,,,,,,,,,,,,,,,
754,1,DDP,Bosque,Plantacion_forestal,,,2034,,,,,1.0,,,,,,,,,,,,,,,,,
754,1,DDP,Bosque,Plantacion_forestal,,,2035,,,,,1.0,,,,,,,,,,,,,,,,,
754,1,DDP,Bosque,Plantacion_forestal,,,2036,,,,,1.0,,,,,,,,,,,,,,,,,
754,1,DDP,Bosque,Plantacion_forestal,,,2037,,,,,1.0,,,,,,,,,,,,,,,,,
754,1,DDP,Bosque,Plantacion_forestal,,,2038,,,,,1.0,,,,,,,,,,,,,,,,,
754,1,DDP,Bosque,Plantacion_forestal,,,2039,,,,,1.0,,,,,,,,,,,,,,,,,
754,1,DDP,Bosque,Plantacion_forestal,,,2040,,,,,1.0,,,,,,,,,,,,,,,,,
754,1,DDP,Bosque,Plantacion_forestal,,,2041,,,,,1.0,,,,,,,,,,,,,,,,,
754,1,DDP,Bosque,Plantacion_forestal,,,2042,,,,,1.0,,,,,,,,,,,,,,,,,
754,1,DDP,Bosque,Plantacion_forestal,,,2043,,,,,1.0,,,,,,,,,,,,,,,,,
754,1,DDP,Bosque,Plantacion_forestal,,,2044,,,,,1.0,,,,,,,,,,,,,,,,,
754,1,DDP,Bosque,Plantacion_forestal,,,2045,,,,,1.0,,,,,,,,,,,,,,,,,
754,1,DDP,Bosque,Plantacion_forestal,,,2046,,,,,1.0,,,,,,,,,,,,,,,,,
754,1,DDP,Bosque,Plantacion_forestal,,,2047,,,,,1.0,,,,,,,,,,,,,,,,,
754,1,DDP,Bosque,Plantacion_forestal,,,2048,,,,,1.0,,,,,,,,,,,,,,,,,
754,1,DDP,Bosque,Plantacion_forestal,,,2049,,,,,1.0,,,,,,,,,,,,,,,,,
754,1,DDP,Bosque,Plantacion_forestal,,,2050,,,,,1.0,,,,,,,,,,,,,,,,,
754,1,DDP,Bosque,Plantacion_forestal,,,2051,,,,,1.0,,,,,,,,,,,,,,,,,
754,1,DDP,Bosque,Plantacion_forestal,,,2052,,,,,1.0,,,,,,,,,,,,,,,,,
754,1,DDP,Bosque,Plantacion_forestal,,,2053,,,,,1.0,,,,,,,,,,,,,,,,,
754,1,DDP,Bosque,Plantacion_forestal,,,2054,,,,,1.0,,,,,,,,,,,,,,,,,
754,1,DDP,Bosque,Plantacion_forestal,,,2055,,,,,1.0,,,,,,,,,,,,,,,,,
754,1,DDP,Bosque,Plantacion_forestal,,,2056,,,,,1.0,,,,,,,,,,,,,,,,,
754,1,DDP,Bosque,Plantacion_forestal,,,2057,,,,,1.0,,,,,,,,,,,,,,,,,
754,1,DDP,Bosque,Plantacion_forestal,,,2058,,,,,1.0,,,,,,,,,,,,,,,,,
754,1,DDP,Bosque,Plantacion_forestal,,,2059,,,,,1.0,,,,,,,,,,,,,,,,,
754,1,DDP,Bosque,Plantacion_forestal,,,2060,,,,,1.0,,,,,,,,,,,,,,,,,
754,1,DDP,Bosque,Plantacion_forestal,,,2061,,,,,1.0,,,,,,,,,,,,,,,,,
754,1,DDP,Bosque,Plantacion_forestal,,,2062,,,,,1.0,,,,,,,,,,,,,,,,,
754,1,DDP,Bosque,Plantacion_forestal,,,2063,,,,,1.0,,,,,,,,,,,,,,,,,
754,1,DDP,Bosque,Plantacion_forestal,,,2064,,,,,1.0,,,,,,,,,,,,,,,,,
754,1,DDP,Bosque,Plantacion_forestal,,,2065,,,,,1.0,,,,,,,,,,,,,,,,,
754,1,DDP,Bosque,Plantacion_forestal,,,2066,,,,,1.0,,,,,,,,,,,,,,,,,
754,1,DDP,Bosque,Plantacion_forestal,,,2067,,,,,1.0,,,,,,,,,,,,,,,,,
754,1,DDP,Bosque,Plantacion_forestal,,,2068,,,,,1.0,,,,,,,,,,,,,,,,,
754,1,DDP,Bosque,Plantacion_forestal,,,2069,,,,,1.0,,,,,,,,,,,,,,,,,
754,1,DDP,Bosque,Plantacion_forestal,,,2070,,,,,1.0,,,,,,,,,,,,,,,,,
754,1,DDP,Tierra_agropecuaria,Cultivos,,,2018,,,,,1.0,,,,,,,,,,,,,,,,,
754,1,DDP,Tierra_agropecuaria,Cultivos,,,2019,,,,,1.0,,,,,,,,,,,,,,,,,
754,1,DDP,Tierra_agropecuaria,Cultivos,,,2020,,,,,1.0,,,,,,,,,,,,,,,,,
754,1,DDP,Tierra_agropecuaria,Cultivos,,,2021,,,,,1.0,,,,,,,,,,,,,,,,,
754,1,DDP,Tierra_agropecuaria,Cultivos,,,2022,,,,,1.0,,,,,,,,,,,,,,,,,
754,1,DDP,Tierra_agropecuaria,Cultivos,,,2023,,,,,1.0,,,,,,,,,,,,,,,,,
754,1,DDP,Tierra_agropecuaria,Cultivos,,,2024,,,,,1.0,,,,,,,,,,,,,,,,,
754,1,DDP,Tierra_agropecuaria,Cultivos,,,2025,,,,,1.0,,,,,,,,,,,,,,,,,
754,1,DDP,Tierra_agropecuaria,Cultivos,,,2026,,,,,1.0,,,,,,,,,,,,,,,,,
754,1,DDP,Tierra_agropecuaria,Cultivos,,,2027,,,,,1.0,,,,,,,,,,,,,,,,,
754,1,DDP,Tierra_agropecuaria,Cultivos,,,2028,,,,,1.0,,,,,,,,,,,,,,,,,
754,1,DDP,Tierra_agropecuaria,Cultivos,,,2029,,,,,1.0,,,,,,,,,,,,,,,,,
754,1,DDP,Tierra_agropecuaria,Cultivos,,,2030,,,,,1.0,,,,,,,,,,,,,,,,,
754,1,DDP,Tierra_agropecuaria,Cultivos,,,2031,,,,,1.0,,,,,,,,,,,,,,,,,
754,1,DDP,Tierra_agropecuaria,Cultivos,,,2032,,,,,1.0,,,,,,,,,,,,,,,,,
754,1,DDP,Tierra_agropecuaria,Cultivos,,,2033,,,,,1.0,,,,,,,,,,,,,,,,,
754,1,DDP,Tierra_agropecuaria,Cultivos,,,2034,,,,,1.0,,,,,,,,,,,,,,,,,
754,1,DDP,Tierra_agropecuaria,Cultivos,,,2035,,,,,1.0,,,,,,,,,,,,,,,,,
754,1,DDP,Tierra_agropecuaria,Cultivos,,,2036,,,,,1.0,,,,,,,,,,,,,,,,,
754,1,DDP,Tierra_agropecuaria,Cultivos,,,2037,,,,,1.0,,,,,,,,,,,,,,,,,
754,1,DDP,Tierra_agropecuaria,Cultivos,,,2038,,,,,1.0,,,,,,,,,,,,,,,,,
754,1,DDP,Tierra_agropecuaria,Cultivos,,,2039,,,,,1.0,,,,,,,,,,,,,,,,,
754,1,DDP,Tierra_agropecuaria,Cultivos,,,2040,,,,,1.0,,,,,,,,,,,,,,,,,
754,1,DDP,Tierra_agropecuaria,Cultivos,,,2041,,,,,1.0,,,,,,,,,,,,,,,,,
754,1,DDP,Tierra_agropecuaria,Cultivos,,,2042,,,,,1.0,,,,,,,,,,,,,,,,,
754,1,DDP,Tierra_agropecuaria,Cultivos,,,2043,,,,,1.0,,,,,,,,,,,,,,,,,
754,1,DDP,Tierra_agropecuaria,Cultivos,,,2044,,,,,1.0,,,,,,,,,,,,,,,,,
754,1,DDP,Tierra_agropecuaria,Cultivos,,,2045,,,,,1.0,,,,,,,,,,,,,,,,,
754,1,DDP,Tierra_agropecuaria,Cultivos,,,2046,,,,,1.0,,,,,,,,,,,,,,,,,
754,1,DDP,Tierra_agropecuaria,Cultivos,,,2047,,,,,1.0,,,,,,,,,,,,,,,,,
754,1,DDP,Tierra_agropecuaria,Cultivos,,,2048,,,,,1.0,,,,,,,,,,,,,,,,,
754,1,DDP,Tierra_agropecuaria,Cultivos,,,2049,,,,,1.0,,,,,,,,,,,,,,,,,
754,1,DDP,Tierra_agropecuaria,Cultivos,,,2050,,,,,1.0,,,,,,,,,,,,,,,,,
754,1,DDP,Tierra_agropecuaria,Cultivos,,,2051,,,,,1.0,,,,,,,,,,,,,,,,,
754,1,DDP,Tierra_agropecuaria,Cultivos,,,2052,,,,,1.0,,,,,,,,,,,,,,,,,
754,1,DDP,Tierra_agropecuaria,Cultivos,,,2053,,,,,1.0,,,,,,,,,,,,,,,,,
754,1,DDP,Tierra_agropecuaria,Cultivos,,,2054,,,,,1.0,,,,,,,,,,,,,,,,,
754,1,DDP,Tierra_agropecuaria,Cultivos,,,2055,,,,,1.0,,,,,,,,,,,,,,,,,
754,1,DDP,Tierra_agropecuaria,Cultivos,,,2056,,,,,1.0,,,,,,,,,,,,,,,,,
754,1,DDP,Tierra_agropecuaria,Cultivos,,,2057,,,,,1.0,,,,,,,,,,,,,,,,,
754,1,DDP,Tierra_agropecuaria,Cultivos,,,2058,,,,,1.0,,,,,,,,,,,,,,,,,
754,1,DDP,Tierra_agropecuaria,Cultivos,,,2059,,,,,1.0,,,,,,,,,,,,,,,,,
754,1,DDP,Tierra_agropecuaria,Cultivos,,,2060,,,,,1.0,,,,,,,,,,,,,,,,,
754,1,DDP,Tierra_agropecuaria,Cultivos,,,2061,,,,,1.0,,,,,,,,,,,,,,,,,
754,1,DDP,Tierra_agropecuaria,Cultivos,,,2062,,,,,1.0,,,,,,,,,,,,,,,,,
754,1,DDP,Tierra_agropecuaria,Cultivos,,,2063,,,,,1.0,,,,,,,,,,,,,,,,,
754,1,DDP,Tierra_agropecuaria,Cultivos,,,2064,,,,,1.0,,,,,,,,,,,,,,,,,
754,1,DDP,Tierra_agropecuaria,Cultivos,,,2065,,,,,1.0,,,,,,,,,,,,,,,,,
754,1,DDP,Tierra_agropecuaria,Cultivos,,,2066,,,,,1.0,,,,,,,,,,,,,,,,,
754,1,DDP,Tierra_agropecuaria,Cultivos,,,2067,,,,,1.0,,,,,,,,,,,,,,,,,
754,1,DDP,Tierra_agropecuaria,Cultivos,,,2068,,,,,1.0,,,,,,,,,,,,,,,,,
754,1,DDP,Tierra_agropecuaria,Cultivos,,,2069,,,,,1.0,,,,,,,,,,,,,,,,,
754,1,DDP,Tierra_agropecuaria,Cultivos,,,2070,,,,,1.0,,,,,,,,,,,,,,,,,
754,1,DDP,Cultivos,Banano,,,2018,,,,,1.0,,,,,,,,,,,,,,,,,
754,1,DDP,Cultivos,Banano,,,2019,,,,,1.0,,,,,,,,,,,,,,,,,
754,1,DDP,Cultivos,Banano,,,2020,,,,,1.0,,,,,,,,,,,,,,,,,
754,1,DDP,Cultivos,Banano,,,2021,,,,,1.0,,,,,,,,,,,,,,,,,
754,1,DDP,Cultivos,Banano,,,2022,,,,,1.0,,,,,,,,,,,,,,,,,
754,1,DDP,Cultivos,Banano,,,2023,,,,,1.0,,,,,,,,,,,,,,,,,
754,1,DDP,Cultivos,Banano,,,2024,,,,,1.0,,,,,,,,,,,,,,,,,
754,1,DDP,Cultivos,Banano,,,2025,,,,,1.0,,,,,,,,,,,,,,,,,
754,1,DDP,Cultivos,Banano,,,2026,,,,,1.0,,,,,,,,,,,,,,,,,
754,1,DDP,Cultivos,Banano,,,2027,,,,,1.0,,,,,,,,,,,,,,,,,
754,1,DDP,Cultivos,Banano,,,2028,,,,,1.0,,,,,,,,,,,,,,,,,
754,1,DDP,Cultivos,Banano,,,2029,,,,,1.0,,,,,,,,,,,,,,,,,
754,1,DDP,Cultivos,Banano,,,2030,,,,,1.0,,,,,,,,,,,,,,,,,
754,1,DDP,Cultivos,Banano,,,2031,,,,,1.0,,,,,,,,,,,,,,,,,
754,1,DDP,Cultivos,Banano,,,2032,,,,,1.0,,,,,,,,,,,,,,,,,
754,1,DDP,Cultivos,Banano,,,2033,,,,,1.0,,,,,,,,,,,,,,,,,
754,1,DDP,Cultivos,Banano,,,2034,,,,,1.0,,,,,,,,,,,,,,,,,
754,1,DDP,Cultivos,Banano,,,2035,,,,,1.0,,,,,,,,,,,,,,,,,
754,1,DDP,Cultivos,Banano,,,2036,,,,,1.0,,,,,,,,,,,,,,,,,
754,1,DDP,Cultivos,Banano,,,2037,,,,,1.0,,,,,,,,,,,,,,,,,
754,1,DDP,Cultivos,Banano,,,2038,,,,,1.0,,,,,,,,,,,,,,,,,
754,1,DDP,Cultivos,Banano,,,2039,,,,,1.0,,,,,,,,,,,,,,,,,
754,1,DDP,Cultivos,Banano,,,2040,,,,,1.0,,,,,,,,,,,,,,,,,
754,1,DDP,Cultivos,Banano,,,2041,,,,,1.0,,,,,,,,,,,,,,,,,
754,1,DDP,Cultivos,Banano,,,2042,,,,,1.0,,,,,,,,,,,,,,,,,
754,1,DDP,Cultivos,Banano,,,2043,,,,,1.0,,,,,,,,,,,,,,,,,
754,1,DDP,Cultivos,Banano,,,2044,,,,,1.0,,,,,,,,,,,,,,,,,
754,1,DDP,Cultivos,Banano,,,2045,,,,,1.0,,,,,,,,,,,,,,,,,
754,1,DDP,Cultivos,Banano,,,2046,,,,,1.0,,,,,,,,,,,,,,,,,
754,1,DDP,Cultivos,Banano,,,2047,,,,,1.0,,,,,,,,,,,,,,,,,
754,1,DDP,Cultivos,Banano,,,2048,,,,,1.0,,,,,,,,,,,,,,,,,
754,1,DDP,Cultivos,Banano,,,2049,,,,,1.0,,,,,,,,,,,,,,,,,
754,1,DDP,Cultivos,Banano,,,2050,,,,,1.0,,,,,,,,,,,,,,,,,
754,1,DDP,Cultivos,Banano,,,2051,,,,,1.0,,,,,,,,,,,,,,,,,
754,1,DDP,Cultivos,Banano,,,2052,,,,,1.0,,,,,,,,,,,,,,,,,
754,1,DDP,Cultivos,Banano,,,2053,,,,,1.0,,,,,,,,,,,,,,,,,
754,1,DDP,Cultivos,Banano,,,2054,,,,,1.0,,,,,,,,,,,,,,,,,
754,1,DDP,Cultivos,Banano,,,2055,,,,,1.0,,,,,,,,,,,,,,,,,
754,1,DDP,Cultivos,Banano,,,2056,,,,,1.0,,,,,,,,,,,,,,,,,
754,1,DDP,Cultivos,Banano,,,2057,,,,,1.0,,,,,,,,,,,,,,,,,
754,1,DDP,Cultivos,Banano,,,2058,,,,,1.0,,,,,,,,,,,,,,,,,
754,1,DDP,Cultivos,Banano,,,2059,,,,,1.0,,,,,,,,,,,,,,,,,
754,1,DDP,Cultivos,Banano,,,2060,,,,,1.0,,,,,,,,,,,,,,,,,
754,1,DDP,Cultivos,Banano,,,2061,,,,,1.0,,,,,,,,,,,,,,,,,
754,1,DDP,Cultivos,Banano,,,2062,,,,,1.0,,,,,,,,,,,,,,,,,
754,1,DDP,Cultivos,Banano,,,2063,,,,,1.0,,,,,,,,,,,,,,,,,
754,1,DDP,Cultivos,Banano,,,2064,,,,,1.0,,,,,,,,,,,,,,,,,
754,1,DDP,Cultivos,Banano,,,2065,,,,,1.0,,,,,,,,,,,,,,,,,
754,1,DDP,Cultivos,Banano,,,2066,,,,,1.0,,,,,,,,,,,,,,,,,
754,1,DDP,Cultivos,Banano,,,2067,,,,,1.0,,,,,,,,,,,,,,,,,
754,1,DDP,Cultivos,Banano,,,2068,,,,,1.0,,,,,,,,,,,,,,,,,
754,1,DDP,Cultivos,Banano,,,2069,,,,,1.0,,,,,,,,,,,,,,,,,
754,1,DDP,Cultivos,Banano,,,2070,,,,,1.0,,,,,,,,,,,,,,,,,
754,1,DDP,Cultivos,Arroz,,,2018,,,,,1.0,,,,,,,,,,,,,,,,,
754,1,DDP,Cultivos,Arroz,,,2019,,,,,1.0,,,,,,,,,,,,,,,,,
754,1,DDP,Cultivos,Arroz,,,2020,,,,,1.0,,,,,,,,,,,,,,,,,
754,1,DDP,Cultivos,Arroz,,,2021,,,,,1.0,,,,,,,,,,,,,,,,,
754,1,DDP,Cultivos,Arroz,,,2022,,,,,1.0,,,,,,,,,,,,,,,,,
754,1,DDP,Cultivos,Arroz,,,2023,,,,,1.0,,,,,,,,,,,,,,,,,
754,1,DDP,Cultivos,Arroz,,,2024,,,,,1.0,,,,,,,,,,,,,,,,,
754,1,DDP,Cultivos,Arroz,,,2025,,,,,1.0,,,,,,,,,,,,,,,,,
754,1,DDP,Cultivos,Arroz,,,2026,,,,,1.0,,,,,,,,,,,,,,,,,
754,1,DDP,Cultivos,Arroz,,,2027,,,,,1.0,,,,,,,,,,,,,,,,,
754,1,DDP,Cultivos,Arroz,,,2028,,,,,1.0,,,,,,,,,,,,,,,,,
754,1,DDP,Cultivos,Arroz,,,2029,,,,,1.0,,,,,,,,,,,,,,,,,
754,1,DDP,Cultivos,Arroz,,,2030,,,,,1.0,,,,,,,,,,,,,,,,,
754,1,DDP,Cultivos,Arroz,,,2031,,,,,1.0,,,,,,,,,,,,,,,,,
754,1,DDP,Cultivos,Arroz,,,2032,,,,,1.0,,,,,,,,,,,,,,,,,
754,1,DDP,Cultivos,Arroz,,,2033,,,,,1.0,,,,,,,,,,,,,,,,,
754,1,DDP,Cultivos,Arroz,,,2034,,,,,1.0,,,,,,,,,,,,,,,,,
754,1,DDP,Cultivos,Arroz,,,2035,,,,,1.0,,,,,,,,,,,,,,,,,
754,1,DDP,Cultivos,Arroz,,,2036,,,,,1.0,,,,,,,,,,,,,,,,,
754,1,DDP,Cultivos,Arroz,,,2037,,,,,1.0,,,,,,,,,,,,,,,,,
754,1,DDP,Cultivos,Arroz,,,2038,,,,,1.0,,,,,,,,,,,,,,,,,
754,1,DDP,Cultivos,Arroz,,,2039,,,,,1.0,,,,,,,,,,,,,,,,,
754,1,DDP,Cultivos,Arroz,,,2040,,,,,1.0,,,,,,,,,,,,,,,,,
754,1,DDP,Cultivos,Arroz,,,2041,,,,,1.0,,,,,,,,,,,,,,,,,
754,1,DDP,Cultivos,Arroz,,,2042,,,,,1.0,,,,,,,,,,,,,,,,,
754,1,DDP,Cultivos,Arroz,,,2043,,,,,1.0,,,,,,,,,,,,,,,,,
754,1,DDP,Cultivos,Arroz,,,2044,,,,,1.0,,,,,,,,,,,,,,,,,
754,1,DDP,Cultivos,Arroz,,,2045,,,,,1.0,,,,,,,,,,,,,,,,,
754,1,DDP,Cultivos,Arroz,,,2046,,,,,1.0,,,,,,,,,,,,,,,,,
754,1,DDP,Cultivos,Arroz,,,2047,,,,,1.0,,,,,,,,,,,,,,,,,
754,1,DDP,Cultivos,Arroz,,,2048,,,,,1.0,,,,,,,,,,,,,,,,,
754,1,DDP,Cultivos,Arroz,,,2049,,,,,1.0,,,,,,,,,,,,,,,,,
754,1,DDP,Cultivos,Arroz,,,2050,,,,,1.0,,,,,,,,,,,,,,,,,
754,1,DDP,Cultivos,Arroz,,,2051,,,,,1.0,,,,,,,,,,,,,,,,,
754,1,DDP,Cultivos,Arroz,,,2052,,,,,1.0,,,,,,,,,,,,,,,,,
754,1,DDP,Cultivos,Arroz,,,2053,,,,,1.0,,,,,,,,,,,,,,,,,
754,1,DDP,Cultivos,Arroz,,,2054,,,,,1.0,,,,,,,,,,,,,,,,,
754,1,DDP,Cultivos,Arroz,,,2055,,,,,1.0,,,,,,,,,,,,,,,,,
754,1,DDP,Cultivos,Arroz,,,2056,,,,,1.0,,,,,,,,,,,,,,,,,
754,1,DDP,Cultivos,Arroz,,,2057,,,,,1.0,,,,,,,,,,,,,,,,,
754,1,DDP,Cultivos,Arroz,,,2058,,,,,1.0,,,,,,,,,,,,,,,,,
754,1,DDP,Cultivos,Arroz,,,2059,,,,,1.0,,,,,,,,,,,,,,,,,
754,1,DDP,Cultivos,Arroz,,,2060,,,,,1.0,,,,,,,,,,,,,,,,,
754,1,DDP,Cultivos,Arroz,,,2061,,,,,1.0,,,,,,,,,,,,,,,,,
754,1,DDP,Cultivos,Arroz,,,2062,,,,,1.0,,,,,,,,,,,,,,,,,
754,1,DDP,Cultivos,Arroz,,,2063,,,,,1.0,,,,,,,,,,,,,,,,,
754,1,DDP,Cultivos,Arroz,,,2064,,,,,1.0,,,,,,,,,,,,,,,,,
754,1,DDP,Cultivos,Arroz,,,2065,,,,,1.0,,,,,,,,,,,,,,,,,
754,1,DDP,Cultivos,Arroz,,,2066,,,,,1.0,,,,,,,,,,,,,,,,,
754,1,DDP,Cultivos,Arroz,,,2067,,,,,1.0,,,,,,,,,,,,,,,,,
754,1,DDP,Cultivos,Arroz,,,2068,,,,,1.0,,,,,,,,,,,,,,,,,
754,1,DDP,Cultivos,Arroz,,,2069,,,,,1.0,,,,,,,,,,,,,,,,,
754,1,DDP,Cultivos,Arroz,,,2070,,,,,1.0,,,,,,,,,,,,,,,,,
754,1,DDP,Cultivos,Cacao,,,2018,,,,,1.0,,,,,,,,,,,,,,,,,
754,1,DDP,Cultivos,Cacao,,,2019,,,,,1.0,,,,,,,,,,,,,,,,,
754,1,DDP,Cultivos,Cacao,,,2020,,,,,1.0,,,,,,,,,,,,,,,,,
754,1,DDP,Cultivos,Cacao,,,2021,,,,,1.0,,,,,,,,,,,,,,,,,
754,1,DDP,Cultivos,Cacao,,,2022,,,,,1.0,,,,,,,,,,,,,,,,,
754,1,DDP,Cultivos,Cacao,,,2023,,,,,1.0,,,,,,,,,,,,,,,,,
754,1,DDP,Cultivos,Cacao,,,2024,,,,,1.0,,,,,,,,,,,,,,,,,
754,1,DDP,Cultivos,Cacao,,,2025,,,,,1.0,,,,,,,,,,,,,,,,,
754,1,DDP,Cultivos,Cacao,,,2026,,,,,1.0,,,,,,,,,,,,,,,,,
754,1,DDP,Cultivos,Cacao,,,2027,,,,,1.0,,,,,,,,,,,,,,,,,
754,1,DDP,Cultivos,Cacao,,,2028,,,,,1.0,,,,,,,,,,,,,,,,,
754,1,DDP,Cultivos,Cacao,,,2029,,,,,1.0,,,,,,,,,,,,,,,,,
754,1,DDP,Cultivos,Cacao,,,2030,,,,,1.0,,,,,,,,,,,,,,,,,
754,1,DDP,Cultivos,Cacao,,,2031,,,,,1.0,,,,,,,,,,,,,,,,,
754,1,DDP,Cultivos,Cacao,,,2032,,,,,1.0,,,,,,,,,,,,,,,,,
754,1,DDP,Cultivos,Cacao,,,2033,,,,,1.0,,,,,,,,,,,,,,,,,
754,1,DDP,Cultivos,Cacao,,,2034,,,,,1.0,,,,,,,,,,,,,,,,,
754,1,DDP,Cultivos,Cacao,,,2035,,,,,1.0,,,,,,,,,,,,,,,,,
754,1,DDP,Cultivos,Cacao,,,2036,,,,,1.0,,,,,,,,,,,,,,,,,
754,1,DDP,Cultivos,Cacao,,,2037,,,,,1.0,,,,,,,,,,,,,,,,,
754,1,DDP,Cultivos,Cacao,,,2038,,,,,1.0,,,,,,,,,,,,,,,,,
754,1,DDP,Cultivos,Cacao,,,2039,,,,,1.0,,,,,,,,,,,,,,,,,
754,1,DDP,Cultivos,Cacao,,,2040,,,,,1.0,,,,,,,,,,,,,,,,,
754,1,DDP,Cultivos,Cacao,,,2041,,,,,1.0,,,,,,,,,,,,,,,,,
754,1,DDP,Cultivos,Cacao,,,2042,,,,,1.0,,,,,,,,,,,,,,,,,
754,1,DDP,Cultivos,Cacao,,,2043,,,,,1.0,,,,,,,,,,,,,,,,,
754,1,DDP,Cultivos,Cacao,,,2044,,,,,1.0,,,,,,,,,,,,,,,,,
754,1,DDP,Cultivos,Cacao,,,2045,,,,,1.0,,,,,,,,,,,,,,,,,
754,1,DDP,Cultivos,Cacao,,,2046,,,,,1.0,,,,,,,,,,,,,,,,,
754,1,DDP,Cultivos,Cacao,,,2047,,,,,1.0,,,,,,,,,,,,,,,,,
754,1,DDP,Cultivos,Cacao,,,2048,,,,,1.0,,,,,,,,,,,,,,,,,
754,1,DDP,Cultivos,Cacao,,,2049,,,,,1.0,,,,,,,,,,,,,,,,,
754,1,DDP,Cultivos,Cacao,,,2050,,,,,1.0,,,,,,,,,,,,,,,,,
754,1,DDP,Cultivos,Cacao,,,2051,,,,,1.0,,,,,,,,,,,,,,,,,
754,1,DDP,Cultivos,Cacao,,,2052,,,,,1.0,,,,,,,,,,,,,,,,,
754,1,DDP,Cultivos,Cacao,,,2053,,,,,1.0,,,,,,,,,,,,,,,,,
754,1,DDP,Cultivos,Cacao,,,2054,,,,,1.0,,,,,,,,,,,,,,,,,
754,1,DDP,Cultivos,Cacao,,,2055,,,,,1.0,,,,,,,,,,,,,,,,,
754,1,DDP,Cultivos,Cacao,,,2056,,,,,1.0,,,,,,,,,,,,,,,,,
754,1,DDP,Cultivos,Cacao,,,2057,,,,,1.0,,,,,,,,,,,,,,,,,
754,1,DDP,Cultivos,Cacao,,,2058,,,,,1.0,,,,,,,,,,,,,,,,,
754,1,DDP,Cultivos,Cacao,,,2059,,,,,1.0,,,,,,,,,,,,,,,,,
754,1,DDP,Cultivos,Cacao,,,2060,,,,,1.0,,,,,,,,,,,,,,,,,
754,1,DDP,Cultivos,Cacao,,,2061,,,,,1.0,,,,,,,,,,,,,,,,,
754,1,DDP,Cultivos,Cacao,,,2062,,,,,1.0,,,,,,,,,,,,,,,,,
754,1,DDP,Cultivos,Cacao,,,2063,,,,,1.0,,,,,,,,,,,,,,,,,
754,1,DDP,Cultivos,Cacao,,,2064,,,,,1.0,,,,,,,,,,,,,,,,,
754,1,DDP,Cultivos,Cacao,,,2065,,,,,1.0,,,,,,,,,,,,,,,,,
754,1,DDP,Cultivos,Cacao,,,2066,,,,,1.0,,,,,,,,,,,,,,,,,
754,1,DDP,Cultivos,Cacao,,,2067,,,,,1.0,,,,,,,,,,,,,,,,,
754,1,DDP,Cultivos,Cacao,,,2068,,,,,1.0,,,,,,,,,,,,,,,,,
754,1,DDP,Cultivos,Cacao,,,2069,,,,,1.0,,,,,,,,,,,,,,,,,
754,1,DDP,Cultivos,Cacao,,,2070,,,,,1.0,,,,,,,,,,,,,,,,,
754,1,DDP,Cultivos,Cafe,,,2018,,,,,1.0,,,,,,,,,,,,,,,,,
754,1,DDP,Cultivos,Cafe,,,2019,,,,,1.0,,,,,,,,,,,,,,,,,
754,1,DDP,Cultivos,Cafe,,,2020,,,,,1.0,,,,,,,,,,,,,,,,,
754,1,DDP,Cultivos,Cafe,,,2021,,,,,1.0,,,,,,,,,,,,,,,,,
754,1,DDP,Cultivos,Cafe,,,2022,,,,,1.0,,,,,,,,,,,,,,,,,
754,1,DDP,Cultivos,Cafe,,,2023,,,,,1.0,,,,,,,,,,,,,,,,,
754,1,DDP,Cultivos,Cafe,,,2024,,,,,1.0,,,,,,,,,,,,,,,,,
754,1,DDP,Cultivos,Cafe,,,2025,,,,,1.0,,,,,,,,,,,,,,,,,
754,1,DDP,Cultivos,Cafe,,,2026,,,,,1.0,,,,,,,,,,,,,,,,,
754,1,DDP,Cultivos,Cafe,,,2027,,,,,1.0,,,,,,,,,,,,,,,,,
754,1,DDP,Cultivos,Cafe,,,2028,,,,,1.0,,,,,,,,,,,,,,,,,
754,1,DDP,Cultivos,Cafe,,,2029,,,,,1.0,,,,,,,,,,,,,,,,,
754,1,DDP,Cultivos,Cafe,,,2030,,,,,1.0,,,,,,,,,,,,,,,,,
754,1,DDP,Cultivos,Cafe,,,2031,,,,,1.0,,,,,,,,,,,,,,,,,
754,1,DDP,Cultivos,Cafe,,,2032,,,,,1.0,,,,,,,,,,,,,,,,,
754,1,DDP,Cultivos,Cafe,,,2033,,,,,1.0,,,,,,,,,,,,,,,,,
754,1,DDP,Cultivos,Cafe,,,2034,,,,,1.0,,,,,,,,,,,,,,,,,
754,1,DDP,Cultivos,Cafe,,,2035,,,,,1.0,,,,,,,,,,,,,,,,,
754,1,DDP,Cultivos,Cafe,,,2036,,,,,1.0,,,,,,,,,,,,,,,,,
754,1,DDP,Cultivos,Cafe,,,2037,,,,,1.0,,,,,,,,,,,,,,,,,
754,1,DDP,Cultivos,Cafe,,,2038,,,,,1.0,,,,,,,,,,,,,,,,,
754,1,DDP,Cultivos,Cafe,,,2039,,,,,1.0,,,,,,,,,,,,,,,,,
754,1,DDP,Cultivos,Cafe,,,2040,,,,,1.0,,,,,,,,,,,,,,,,,
754,1,DDP,Cultivos,Cafe,,,2041,,,,,1.0,,,,,,,,,,,,,,,,,
754,1,DDP,Cultivos,Cafe,,,2042,,,,,1.0,,,,,,,,,,,,,,,,,
754,1,DDP,Cultivos,Cafe,,,2043,,,,,1.0,,,,,,,,,,,,,,,,,
754,1,DDP,Cultivos,Cafe,,,2044,,,,,1.0,,,,,,,,,,,,,,,,,
754,1,DDP,Cultivos,Cafe,,,2045,,,,,1.0,,,,,,,,,,,,,,,,,
754,1,DDP,Cultivos,Cafe,,,2046,,,,,1.0,,,,,,,,,,,,,,,,,
754,1,DDP,Cultivos,Cafe,,,2047,,,,,1.0,,,,,,,,,,,,,,,,,
754,1,DDP,Cultivos,Cafe,,,2048,,,,,1.0,,,,,,,,,,,,,,,,,
754,1,DDP,Cultivos,Cafe,,,2049,,,,,1.0,,,,,,,,,,,,,,,,,
754,1,DDP,Cultivos,Cafe,,,2050,,,,,1.0,,,,,,,,,,,,,,,,,
754,1,DDP,Cultivos,Cafe,,,2051,,,,,1.0,,,,,,,,,,,,,,,,,
754,1,DDP,Cultivos,Cafe,,,2052,,,,,1.0,,,,,,,,,,,,,,,,,
754,1,DDP,Cultivos,Cafe,,,2053,,,,,1.0,,,,,,,,,,,,,,,,,
754,1,DDP,Cultivos,Cafe,,,2054,,,,,1.0,,,,,,,,,,,,,,,,,
754,1,DDP,Cultivos,Cafe,,,2055,,,,,1.0,,,,,,,,,,,,,,,,,
754,1,DDP,Cultivos,Cafe,,,2056,,,,,1.0,,,,,,,,,,,,,,,,,
754,1,DDP,Cultivos,Cafe,,,2057,,,,,1.0,,,,,,,,,,,,,,,,,
754,1,DDP,Cultivos,Cafe,,,2058,,,,,1.0,,,,,,,,,,,,,,,,,
754,1,DDP,Cultivos,Cafe,,,2059,,,,,1.0,,,,,,,,,,,,,,,,,
754,1,DDP,Cultivos,Cafe,,,2060,,,,,1.0,,,,,,,,,,,,,,,,,
754,1,DDP,Cultivos,Cafe,,,2061,,,,,1.0,,,,,,,,,,,,,,,,,
754,1,DDP,Cultivos,Cafe,,,2062,,,,,1.0,,,,,,,,,,,,,,,,,
754,1,DDP,Cultivos,Cafe,,,2063,,,,,1.0,,,,,,,,,,,,,,,,,
754,1,DDP,Cultivos,Cafe,,,2064,,,,,1.0,,,,,,,,,,,,,,,,,
754,1,DDP,Cultivos,Cafe,,,2065,,,,,1.0,,,,,,,,,,,,,,,,,
754,1,DDP,Cultivos,Cafe,,,2066,,,,,1.0,,,,,,,,,,,,,,,,,
754,1,DDP,Cultivos,Cafe,,,2067,,,,,1.0,,,,,,,,,,,,,,,,,
754,1,DDP,Cultivos,Cafe,,,2068,,,,,1.0,,,,,,,,,,,,,,,,,
754,1,DDP,Cultivos,Cafe,,,2069,,,,,1.0,,,,,,,,,,,,,,,,,
754,1,DDP,Cultivos,Cafe,,,2070,,,,,1.0,,,,,,,,,,,,,,,,,
754,1,DDP,Cultivos,Cana,,,2018,,,,,1.0,,,,,,,,,,,,,,,,,
754,1,DDP,Cultivos,Cana,,,2019,,,,,1.0,,,,,,,,,,,,,,,,,
754,1,DDP,Cultivos,Cana,,,2020,,,,,1.0,,,,,,,,,,,,,,,,,
754,1,DDP,Cultivos,Cana,,,2021,,,,,1.0,,,,,,,,,,,,,,,,,
754,1,DDP,Cultivos,Cana,,,2022,,,,,1.0,,,,,,,,,,,,,,,,,
754,1,DDP,Cultivos,Cana,,,2023,,,,,1.0,,,,,,,,,,,,,,,,,
754,1,DDP,Cultivos,Cana,,,2024,,,,,1.0,,,,,,,,,,,,,,,,,
754,1,DDP,Cultivos,Cana,,,2025,,,,,1.0,,,,,,,,,,,,,,,,,
754,1,DDP,Cultivos,Cana,,,2026,,,,,1.0,,,,,,,,,,,,,,,,,
754,1,DDP,Cultivos,Cana,,,2027,,,,,1.0,,,,,,,,,,,,,,,,,
754,1,DDP,Cultivos,Cana,,,2028,,,,,1.0,,,,,,,,,,,,,,,,,
754,1,DDP,Cultivos,Cana,,,2029,,,,,1.0,,,,,,,,,,,,,,,,,
754,1,DDP,Cultivos,Cana,,,2030,,,,,1.0,,,,,,,,,,,,,,,,,
754,1,DDP,Cultivos,Cana,,,2031,,,,,1.0,,,,,,,,,,,,,,,,,
754,1,DDP,Cultivos,Cana,,,2032,,,,,1.0,,,,,,,,,,,,,,,,,
754,1,DDP,Cultivos,Cana,,,2033,,,,,1.0,,,,,,,,,,,,,,,,,
754,1,DDP,Cultivos,Cana,,,2034,,,,,1.0,,,,,,,,,,,,,,,,,
754,1,DDP,Cultivos,Cana,,,2035,,,,,1.0,,,,,,,,,,,,,,,,,
754,1,DDP,Cultivos,Cana,,,2036,,,,,1.0,,,,,,,,,,,,,,,,,
754,1,DDP,Cultivos,Cana,,,2037,,,,,1.0,,,,,,,,,,,,,,,,,
754,1,DDP,Cultivos,Cana,,,2038,,,,,1.0,,,,,,,,,,,,,,,,,
754,1,DDP,Cultivos,Cana,,,2039,,,,,1.0,,,,,,,,,,,,,,,,,
754,1,DDP,Cultivos,Cana,,,2040,,,,,1.0,,,,,,,,,,,,,,,,,
754,1,DDP,Cultivos,Cana,,,2041,,,,,1.0,,,,,,,,,,,,,,,,,
754,1,DDP,Cultivos,Cana,,,2042,,,,,1.0,,,,,,,,,,,,,,,,,
754,1,DDP,Cultivos,Cana,,,2043,,,,,1.0,,,,,,,,,,,,,,,,,
754,1,DDP,Cultivos,Cana,,,2044,,,,,1.0,,,,,,,,,,,,,,,,,
754,1,DDP,Cultivos,Cana,,,2045,,,,,1.0,,,,,,,,,,,,,,,,,
754,1,DDP,Cultivos,Cana,,,2046,,,,,1.0,,,,,,,,,,,,,,,,,
754,1,DDP,Cultivos,Cana,,,2047,,,,,1.0,,,,,,,,,,,,,,,,,
754,1,DDP,Cultivos,Cana,,,2048,,,,,1.0,,,,,,,,,,,,,,,,,
754,1,DDP,Cultivos,Cana,,,2049,,,,,1.0,,,,,,,,,,,,,,,,,
754,1,DDP,Cultivos,Cana,,,2050,,,,,1.0,,,,,,,,,,,,,,,,,
754,1,DDP,Cultivos,Cana,,,2051,,,,,1.0,,,,,,,,,,,,,,,,,
754,1,DDP,Cultivos,Cana,,,2052,,,,,1.0,,,,,,,,,,,,,,,,,
754,1,DDP,Cultivos,Cana,,,2053,,,,,1.0,,,,,,,,,,,,,,,,,
754,1,DDP,Cultivos,Cana,,,2054,,,,,1.0,,,,,,,,,,,,,,,,,
754,1,DDP,Cultivos,Cana,,,2055,,,,,1.0,,,,,,,,,,,,,,,,,
754,1,DDP,Cultivos,Cana,,,2056,,,,,1.0,,,,,,,,,,,,,,,,,
754,1,DDP,Cultivos,Cana,,,2057,,,,,1.0,,,,,,,,,,,,,,,,,
754,1,DDP,Cultivos,Cana,,,2058,,,,,1.0,,,,,,,,,,,,,,,,,
754,1,DDP,Cultivos,Cana,,,2059,,,,,1.0,,,,,,,,,,,,,,,,,
754,1,DDP,Cultivos,Cana,,,2060,,,,,1.0,,,,,,,,,,,,,,,,,
754,1,DDP,Cultivos,Cana,,,2061,,,,,1.0,,,,,,,,,,,,,,,,,
754,1,DDP,Cultivos,Cana,,,2062,,,,,1.0,,,,,,,,,,,,,,,,,
754,1,DDP,Cultivos,Cana,,,2063,,,,,1.0,,,,,,,,,,,,,,,,,
754,1,DDP,Cultivos,Cana,,,2064,,,,,1.0,,,,,,,,,,,,,,,,,
754,1,DDP,Cultivos,Cana,,,2065,,,,,1.0,,,,,,,,,,,,,,,,,
754,1,DDP,Cultivos,Cana,,,2066,,,,,1.0,,,,,,,,,,,,,,,,,
754,1,DDP,Cultivos,Cana,,,2067,,,,,1.0,,,,,,,,,,,,,,,,,
754,1,DDP,Cultivos,Cana,,,2068,,,,,1.0,,,,,,,,,,,,,,,,,
754,1,DDP,Cultivos,Cana,,,2069,,,,,1.0,,,,,,,,,,,,,,,,,
754,1,DDP,Cultivos,Cana,,,2070,,,,,1.0,,,,,,,,,,,,,,,,,
754,1,DDP,Cultivos,Maiz,,,2018,,,,,1.0,,,,,,,,,,,,,,,,,
754,1,DDP,Cultivos,Maiz,,,2019,,,,,1.0,,,,,,,,,,,,,,,,,
754,1,DDP,Cultivos,Maiz,,,2020,,,,,1.0,,,,,,,,,,,,,,,,,
754,1,DDP,Cultivos,Maiz,,,2021,,,,,1.0,,,,,,,,,,,,,,,,,
754,1,DDP,Cultivos,Maiz,,,2022,,,,,1.0,,,,,,,,,,,,,,,,,
754,1,DDP,Cultivos,Maiz,,,2023,,,,,1.0,,,,,,,,,,,,,,,,,
754,1,DDP,Cultivos,Maiz,,,2024,,,,,1.0,,,,,,,,,,,,,,,,,
754,1,DDP,Cultivos,Maiz,,,2025,,,,,1.0,,,,,,,,,,,,,,,,,
754,1,DDP,Cultivos,Maiz,,,2026,,,,,1.0,,,,,,,,,,,,,,,,,
754,1,DDP,Cultivos,Maiz,,,2027,,,,,1.0,,,,,,,,,,,,,,,,,
754,1,DDP,Cultivos,Maiz,,,2028,,,,,1.0,,,,,,,,,,,,,,,,,
754,1,DDP,Cultivos,Maiz,,,2029,,,,,1.0,,,,,,,,,,,,,,,,,
754,1,DDP,Cultivos,Maiz,,,2030,,,,,1.0,,,,,,,,,,,,,,,,,
754,1,DDP,Cultivos,Maiz,,,2031,,,,,1.0,,,,,,,,,,,,,,,,,
754,1,DDP,Cultivos,Maiz,,,2032,,,,,1.0,,,,,,,,,,,,,,,,,
754,1,DDP,Cultivos,Maiz,,,2033,,,,,1.0,,,,,,,,,,,,,,,,,
754,1,DDP,Cultivos,Maiz,,,2034,,,,,1.0,,,,,,,,,,,,,,,,,
754,1,DDP,Cultivos,Maiz,,,2035,,,,,1.0,,,,,,,,,,,,,,,,,
754,1,DDP,Cultivos,Maiz,,,2036,,,,,1.0,,,,,,,,,,,,,,,,,
754,1,DDP,Cultivos,Maiz,,,2037,,,,,1.0,,,,,,,,,,,,,,,,,
754,1,DDP,Cultivos,Maiz,,,2038,,,,,1.0,,,,,,,,,,,,,,,,,
754,1,DDP,Cultivos,Maiz,,,2039,,,,,1.0,,,,,,,,,,,,,,,,,
754,1,DDP,Cultivos,Maiz,,,2040,,,,,1.0,,,,,,,,,,,,,,,,,
754,1,DDP,Cultivos,Maiz,,,2041,,,,,1.0,,,,,,,,,,,,,,,,,
754,1,DDP,Cultivos,Maiz,,,2042,,,,,1.0,,,,,,,,,,,,,,,,,
754,1,DDP,Cultivos,Maiz,,,2043,,,,,1.0,,,,,,,,,,,,,,,,,
754,1,DDP,Cultivos,Maiz,,,2044,,,,,1.0,,,,,,,,,,,,,,,,,
754,1,DDP,Cultivos,Maiz,,,2045,,,,,1.0,,,,,,,,,,,,,,,,,
754,1,DDP,Cultivos,Maiz,,,2046,,,,,1.0,,,,,,,,,,,,,,,,,
754,1,DDP,Cultivos,Maiz,,,2047,,,,,1.0,,,,,,,,,,,,,,,,,
754,1,DDP,Cultivos,Maiz,,,2048,,,,,1.0,,,,,,,,,,,,,,,,,
754,1,DDP,Cultivos,Maiz,,,2049,,,,,1.0,,,,,,,,,,,,,,,,,
754,1,DDP,Cultivos,Maiz,,,2050,,,,,1.0,,,,,,,,,,,,,,,,,
754,1,DDP,Cultivos,Maiz,,,2051,,,,,1.0,,,,,,,,,,,,,,,,,
754,1,DDP,Cultivos,Maiz,,,2052,,,,,1.0,,,,,,,,,,,,,,,,,
754,1,DDP,Cultivos,Maiz,,,2053,,,,,1.0,,,,,,,,,,,,,,,,,
754,1,DDP,Cultivos,Maiz,,,2054,,,,,1.0,,,,,,,,,,,,,,,,,
754,1,DDP,Cultivos,Maiz,,,2055,,,,,1.0,,,,,,,,,,,,,,,,,
754,1,DDP,Cultivos,Maiz,,,2056,,,,,1.0,,,,,,,,,,,,,,,,,
754,1,DDP,Cultivos,Maiz,,,2057,,,,,1.0,,,,,,,,,,,,,,,,,
754,1,DDP,Cultivos,Maiz,,,2058,,,,,1.0,,,,,,,,,,,,,,,,,
754,1,DDP,Cultivos,Maiz,,,2059,,,,,1.0,,,,,,,,,,,,,,,,,
754,1,DDP,Cultivos,Maiz,,,2060,,,,,1.0,,,,,,,,,,,,,,,,,
754,1,DDP,Cultivos,Maiz,,,2061,,,,,1.0,,,,,,,,,,,,,,,,,
754,1,DDP,Cultivos,Maiz,,,2062,,,,,1.0,,,,,,,,,,,,,,,,,
754,1,DDP,Cultivos,Maiz,,,2063,,,,,1.0,,,,,,,,,,,,,,,,,
754,1,DDP,Cultivos,Maiz,,,2064,,,,,1.0,,,,,,,,,,,,,,,,,
754,1,DDP,Cultivos,Maiz,,,2065,,,,,1.0,,,,,,,,,,,,,,,,,
754,1,DDP,Cultivos,Maiz,,,2066,,,,,1.0,,,,,,,,,,,,,,,,,
754,1,DDP,Cultivos,Maiz,,,2067,,,,,1.0,,,,,,,,,,,,,,,,,
754,1,DDP,Cultivos,Maiz,,,2068,,,,,1.0,,,,,,,,,,,,,,,,,
754,1,DDP,Cultivos,Maiz,,,2069,,,,,1.0,,,,,,,,,,,,,,,,,
754,1,DDP,Cultivos,Maiz,,,2070,,,,,1.0,,,,,,,,,,,,,,,,,
754,1,DDP,Cultivos,Palma,,,2018,,,,,1.0,,,,,,,,,,,,,,,,,
754,1,DDP,Cultivos,Palma,,,2019,,,,,1.0,,,,,,,,,,,,,,,,,
754,1,DDP,Cultivos,Palma,,,2020,,,,,1.0,,,,,,,,,,,,,,,,,
754,1,DDP,Cultivos,Palma,,,2021,,,,,1.0,,,,,,,,,,,,,,,,,
754,1,DDP,Cultivos,Palma,,,2022,,,,,1.0,,,,,,,,,,,,,,,,,
754,1,DDP,Cultivos,Palma,,,2023,,,,,1.0,,,,,,,,,,,,,,,,,
754,1,DDP,Cultivos,Palma,,,2024,,,,,1.0,,,,,,,,,,,,,,,,,
754,1,DDP,Cultivos,Palma,,,2025,,,,,1.0,,,,,,,,,,,,,,,,,
754,1,DDP,Cultivos,Palma,,,2026,,,,,1.0,,,,,,,,,,,,,,,,,
754,1,DDP,Cultivos,Palma,,,2027,,,,,1.0,,,,,,,,,,,,,,,,,
754,1,DDP,Cultivos,Palma,,,2028,,,,,1.0,,,,,,,,,,,,,,,,,
754,1,DDP,Cultivos,Palma,,,2029,,,,,1.0,,,,,,,,,,,,,,,,,
754,1,DDP,Cultivos,Palma,,,2030,,,,,1.0,,,,,,,,,,,,,,,,,
754,1,DDP,Cultivos,Palma,,,2031,,,,,1.0,,,,,,,,,,,,,,,,,
754,1,DDP,Cultivos,Palma,,,2032,,,,,1.0,,,,,,,,,,,,,,,,,
754,1,DDP,Cultivos,Palma,,,2033,,,,,1.0,,,,,,,,,,,,,,,,,
754,1,DDP,Cultivos,Palma,,,2034,,,,,1.0,,,,,,,,,,,,,,,,,
754,1,DDP,Cultivos,Palma,,,2035,,,,,1.0,,,,,,,,,,,,,,,,,
754,1,DDP,Cultivos,Palma,,,2036,,,,,1.0,,,,,,,,,,,,,,,,,
754,1,DDP,Cultivos,Palma,,,2037,,,,,1.0,,,,,,,,,,,,,,,,,
754,1,DDP,Cultivos,Palma,,,2038,,,,,1.0,,,,,,,,,,,,,,,,,
754,1,DDP,Cultivos,Palma,,,2039,,,,,1.0,,,,,,,,,,,,,,,,,
754,1,DDP,Cultivos,Palma,,,2040,,,,,1.0,,,,,,,,,,,,,,,,,
754,1,DDP,Cultivos,Palma,,,2041,,,,,1.0,,,,,,,,,,,,,,,,,
754,1,DDP,Cultivos,Palma,,,2042,,,,,1.0,,,,,,,,,,,,,,,,,
754,1,DDP,Cultivos,Palma,,,2043,,,,,1.0,,,,,,,,,,,,,,,,,
754,1,DDP,Cultivos,Palma,,,2044,,,,,1.0,,,,,,,,,,,,,,,,,
754,1,DDP,Cultivos,Palma,,,2045,,,,,1.0,,,,,,,,,,,,,,,,,
754,1,DDP,Cultivos,Palma,,,2046,,,,,1.0,,,,,,,,,,,,,,,,,
754,1,DDP,Cultivos,Palma,,,2047,,,,,1.0,,,,,,,,,,,,,,,,,
754,1,DDP,Cultivos,Palma,,,2048,,,,,1.0,,,,,,,,,,,,,,,,,
754,1,DDP,Cultivos,Palma,,,2049,,,,,1.0,,,,,,,,,,,,,,,,,
754,1,DDP,Cultivos,Palma,,,2050,,,,,1.0,,,,,,,,,,,,,,,,,
754,1,DDP,Cultivos,Palma,,,2051,,,,,1.0,,,,,,,,,,,,,,,,,
754,1,DDP,Cultivos,Palma,,,2052,,,,,1.0,,,,,,,,,,,,,,,,,
754,1,DDP,Cultivos,Palma,,,2053,,,,,1.0,,,,,,,,,,,,,,,,,
754,1,DDP,Cultivos,Palma,,,2054,,,,,1.0,,,,,,,,,,,,,,,,,
754,1,DDP,Cultivos,Palma,,,2055,,,,,1.0,,,,,,,,,,,,,,,,,
754,1,DDP,Cultivos,Palma,,,2056,,,,,1.0,,,,,,,,,,,,,,,,,
754,1,DDP,Cultivos,Palma,,,2057,,,,,1.0,,,,,,,,,,,,,,,,,
754,1,DDP,Cultivos,Palma,,,2058,,,,,1.0,,,,,,,,,,,,,,,,,
754,1,DDP,Cultivos,Palma,,,2059,,,,,1.0,,,,,,,,,,,,,,,,,
754,1,DDP,Cultivos,Palma,,,2060,,,,,1.0,,,,,,,,,,,,,,,,,
754,1,DDP,Cultivos,Palma,,,2061,,,,,1.0,,,,,,,,,,,,,,,,,
754,1,DDP,Cultivos,Palma,,,2062,,,,,1.0,,,,,,,,,,,,,,,,,
754,1,DDP,Cultivos,Palma,,,2063,,,,,1.0,,,,,,,,,,,,,,,,,
754,1,DDP,Cultivos,Palma,,,2064,,,,,1.0,,,,,,,,,,,,,,,,,
754,1,DDP,Cultivos,Palma,,,2065,,,,,1.0,,,,,,,,,,,,,,,,,
754,1,DDP,Cultivos,Palma,,,2066,,,,,1.0,,,,,,,,,,,,,,,,,
754,1,DDP,Cultivos,Palma,,,2067,,,,,1.0,,,,,,,,,,,,,,,,,
754,1,DDP,Cultivos,Palma,,,2068,,,,,1.0,,,,,,,,,,,,,,,,,
754,1,DDP,Cultivos,Palma,,,2069,,,,,1.0,,,,,,,,,,,,,,,,,
754,1,DDP,Cultivos,Palma,,,2070,,,,,1.0,,,,,,,,,,,,,,,,,
754,1,DDP,Cultivos,Soya,,,2018,,,,,1.0,,,,,,,,,,,,,,,,,
754,1,DDP,Cultivos,Soya,,,2019,,,,,1.0,,,,,,,,,,,,,,,,,
754,1,DDP,Cultivos,Soya,,,2020,,,,,1.0,,,,,,,,,,,,,,,,,
754,1,DDP,Cultivos,Soya,,,2021,,,,,1.0,,,,,,,,,,,,,,,,,
754,1,DDP,Cultivos,Soya,,,2022,,,,,1.0,,,,,,,,,,,,,,,,,
754,1,DDP,Cultivos,Soya,,,2023,,,,,1.0,,,,,,,,,,,,,,,,,
754,1,DDP,Cultivos,Soya,,,2024,,,,,1.0,,,,,,,,,,,,,,,,,
754,1,DDP,Cultivos,Soya,,,2025,,,,,1.0,,,,,,,,,,,,,,,,,
754,1,DDP,Cultivos,Soya,,,2026,,,,,1.0,,,,,,,,,,,,,,,,,
754,1,DDP,Cultivos,Soya,,,2027,,,,,1.0,,,,,,,,,,,,,,,,,
754,1,DDP,Cultivos,Soya,,,2028,,,,,1.0,,,,,,,,,,,,,,,,,
754,1,DDP,Cultivos,Soya,,,2029,,,,,1.0,,,,,,,,,,,,,,,,,
754,1,DDP,Cultivos,Soya,,,2030,,,,,1.0,,,,,,,,,,,,,,,,,
754,1,DDP,Cultivos,Soya,,,2031,,,,,1.0,,,,,,,,,,,,,,,,,
754,1,DDP,Cultivos,Soya,,,2032,,,,,1.0,,,,,,,,,,,,,,,,,
754,1,DDP,Cultivos,Soya,,,2033,,,,,1.0,,,,,,,,,,,,,,,,,
754,1,DDP,Cultivos,Soya,,,2034,,,,,1.0,,,,,,,,,,,,,,,,,
754,1,DDP,Cultivos,Soya,,,2035,,,,,1.0,,,,,,,,,,,,,,,,,
754,1,DDP,Cultivos,Soya,,,2036,,,,,1.0,,,,,,,,,,,,,,,,,
754,1,DDP,Cultivos,Soya,,,2037,,,,,1.0,,,,,,,,,,,,,,,,,
754,1,DDP,Cultivos,Soya,,,2038,,,,,1.0,,,,,,,,,,,,,,,,,
754,1,DDP,Cultivos,Soya,,,2039,,,,,1.0,,,,,,,,,,,,,,,,,
754,1,DDP,Cultivos,Soya,,,2040,,,,,1.0,,,,,,,,,,,,,,,,,
754,1,DDP,Cultivos,Soya,,,2041,,,,,1.0,,,,,,,,,,,,,,,,,
754,1,DDP,Cultivos,Soya,,,2042,,,,,1.0,,,,,,,,,,,,,,,,,
754,1,DDP,Cultivos,Soya,,,2043,,,,,1.0,,,,,,,,,,,,,,,,,
754,1,DDP,Cultivos,Soya,,,2044,,,,,1.0,,,,,,,,,,,,,,,,,
754,1,DDP,Cultivos,Soya,,,2045,,,,,1.0,,,,,,,,,,,,,,,,,
754,1,DDP,Cultivos,Soya,,,2046,,,,,1.0,,,,,,,,,,,,,,,,,
754,1,DDP,Cultivos,Soya,,,2047,,,,,1.0,,,,,,,,,,,,,,,,,
754,1,DDP,Cultivos,Soya,,,2048,,,,,1.0,,,,,,,,,,,,,,,,,
754,1,DDP,Cultivos,Soya,,,2049,,,,,1.0,,,,,,,,,,,,,,,,,
754,1,DDP,Cultivos,Soya,,,2050,,,,,1.0,,,,,,,,,,,,,,,,,
754,1,DDP,Cultivos,Soya,,,2051,,,,,1.0,,,,,,,,,,,,,,,,,
754,1,DDP,Cultivos,Soya,,,2052,,,,,1.0,,,,,,,,,,,,,,,,,
754,1,DDP,Cultivos,Soya,,,2053,,,,,1.0,,,,,,,,,,,,,,,,,
754,1,DDP,Cultivos,Soya,,,2054,,,,,1.0,,,,,,,,,,,,,,,,,
754,1,DDP,Cultivos,Soya,,,2055,,,,,1.0,,,,,,,,,,,,,,,,,
754,1,DDP,Cultivos,Soya,,,2056,,,,,1.0,,,,,,,,,,,,,,,,,
754,1,DDP,Cultivos,Soya,,,2057,,,,,1.0,,,,,,,,,,,,,,,,,
754,1,DDP,Cultivos,Soya,,,2058,,,,,1.0,,,,,,,,,,,,,,,,,
754,1,DDP,Cultivos,Soya,,,2059,,,,,1.0,,,,,,,,,,,,,,,,,
754,1,DDP,Cultivos,Soya,,,2060,,,,,1.0,,,,,,,,,,,,,,,,,
754,1,DDP,Cultivos,Soya,,,2061,,,,,1.0,,,,,,,,,,,,,,,,,
754,1,DDP,Cultivos,Soya,,,2062,,,,,1.0,,,,,,,,,,,,,,,,,
754,1,DDP,Cultivos,Soya,,,2063,,,,,1.0,,,,,,,,,,,,,,,,,
754,1,DDP,Cultivos,Soya,,,2064,,,,,1.0,,,,,,,,,,,,,,,,,
754,1,DDP,Cultivos,Soya,,,2065,,,,,1.0,,,,,,,,,,,,,,,,,
754,1,DDP,Cultivos,Soya,,,2066,,,,,1.0,,,,,,,,,,,,,,,,,
754,1,DDP,Cultivos,Soya,,,2067,,,,,1.0,,,,,,,,,,,,,,,,,
754,1,DDP,Cultivos,Soya,,,2068,,,,,1.0,,,,,,,,,,,,,,,,,
754,1,DDP,Cultivos,Soya,,,2069,,,,,1.0,,,,,,,,,,,,,,,,,
754,1,DDP,Cultivos,Soya,,,2070,,,,,1.0,,,,,,,,,,,,,,,,,
754,1,DDP,Cultivos,Palmito,,,2018,,,,,1.0,,,,,,,,,,,,,,,,,
754,1,DDP,Cultivos,Palmito,,,2019,,,,,1.0,,,,,,,,,,,,,,,,,
754,1,DDP,Cultivos,Palmito,,,2020,,,,,1.0,,,,,,,,,,,,,,,,,
754,1,DDP,Cultivos,Palmito,,,2021,,,,,1.0,,,,,,,,,,,,,,,,,
754,1,DDP,Cultivos,Palmito,,,2022,,,,,1.0,,,,,,,,,,,,,,,,,
754,1,DDP,Cultivos,Palmito,,,2023,,,,,1.0,,,,,,,,,,,,,,,,,
754,1,DDP,Cultivos,Palmito,,,2024,,,,,1.0,,,,,,,,,,,,,,,,,
754,1,DDP,Cultivos,Palmito,,,2025,,,,,1.0,,,,,,,,,,,,,,,,,
754,1,DDP,Cultivos,Palmito,,,2026,,,,,1.0,,,,,,,,,,,,,,,,,
754,1,DDP,Cultivos,Palmito,,,2027,,,,,1.0,,,,,,,,,,,,,,,,,
754,1,DDP,Cultivos,Palmito,,,2028,,,,,1.0,,,,,,,,,,,,,,,,,
754,1,DDP,Cultivos,Palmito,,,2029,,,,,1.0,,,,,,,,,,,,,,,,,
754,1,DDP,Cultivos,Palmito,,,2030,,,,,1.0,,,,,,,,,,,,,,,,,
754,1,DDP,Cultivos,Palmito,,,2031,,,,,1.0,,,,,,,,,,,,,,,,,
754,1,DDP,Cultivos,Palmito,,,2032,,,,,1.0,,,,,,,,,,,,,,,,,
754,1,DDP,Cultivos,Palmito,,,2033,,,,,1.0,,,,,,,,,,,,,,,,,
754,1,DDP,Cultivos,Palmito,,,2034,,,,,1.0,,,,,,,,,,,,,,,,,
754,1,DDP,Cultivos,Palmito,,,2035,,,,,1.0,,,,,,,,,,,,,,,,,
754,1,DDP,Cultivos,Palmito,,,2036,,,,,1.0,,,,,,,,,,,,,,,,,
754,1,DDP,Cultivos,Palmito,,,2037,,,,,1.0,,,,,,,,,,,,,,,,,
754,1,DDP,Cultivos,Palmito,,,2038,,,,,1.0,,,,,,,,,,,,,,,,,
754,1,DDP,Cultivos,Palmito,,,2039,,,,,1.0,,,,,,,,,,,,,,,,,
754,1,DDP,Cultivos,Palmito,,,2040,,,,,1.0,,,,,,,,,,,,,,,,,
754,1,DDP,Cultivos,Palmito,,,2041,,,,,1.0,,,,,,,,,,,,,,,,,
754,1,DDP,Cultivos,Palmito,,,2042,,,,,1.0,,,,,,,,,,,,,,,,,
754,1,DDP,Cultivos,Palmito,,,2043,,,,,1.0,,,,,,,,,,,,,,,,,
754,1,DDP,Cultivos,Palmito,,,2044,,,,,1.0,,,,,,,,,,,,,,,,,
754,1,DDP,Cultivos,Palmito,,,2045,,,,,1.0,,,,,,,,,,,,,,,,,
754,1,DDP,Cultivos,Palmito,,,2046,,,,,1.0,,,,,,,,,,,,,,,,,
754,1,DDP,Cultivos,Palmito,,,2047,,,,,1.0,,,,,,,,,,,,,,,,,
754,1,DDP,Cultivos,Palmito,,,2048,,,,,1.0,,,,,,,,,,,,,,,,,
754,1,DDP,Cultivos,Palmito,,,2049,,,,,1.0,,,,,,,,,,,,,,,,,
754,1,DDP,Cultivos,Palmito,,,2050,,,,,1.0,,,,,,,,,,,,,,,,,
754,1,DDP,Cultivos,Palmito,,,2051,,,,,1.0,,,,,,,,,,,,,,,,,
754,1,DDP,Cultivos,Palmito,,,2052,,,,,1.0,,,,,,,,,,,,,,,,,
754,1,DDP,Cultivos,Palmito,,,2053,,,,,1.0,,,,,,,,,,,,,,,,,
754,1,DDP,Cultivos,Palmito,,,2054,,,,,1.0,,,,,,,,,,,,,,,,,
754,1,DDP,Cultivos,Palmito,,,2055,,,,,1.0,,,,,,,,,,,,,,,,,
754,1,DDP,Cultivos,Palmito,,,2056,,,,,1.0,,,,,,,,,,,,,,,,,
754,1,DDP,Cultivos,Palmito,,,2057,,,,,1.0,,,,,,,,,,,,,,,,,
754,1,DDP,Cultivos,Palmito,,,2058,,,,,1.0,,,,,,,,,,,,,,,,,
754,1,DDP,Cultivos,Palmito,,,2059,,,,,1.0,,,,,,,,,,,,,,,,,
754,1,DDP,Cultivos,Palmito,,,2060,,,,,1.0,,,,,,,,,,,,,,,,,
754,1,DDP,Cultivos,Palmito,,,2061,,,,,1.0,,,,,,,,,,,,,,,,,
754,1,DDP,Cultivos,Palmito,,,2062,,,,,1.0,,,,,,,,,,,,,,,,,
754,1,DDP,Cultivos,Palmito,,,2063,,,,,1.0,,,,,,,,,,,,,,,,,
754,1,DDP,Cultivos,Palmito,,,2064,,,,,1.0,,,,,,,,,,,,,,,,,
754,1,DDP,Cultivos,Palmito,,,2065,,,,,1.0,,,,,,,,,,,,,,,,,
754,1,DDP,Cultivos,Palmito,,,2066,,,,,1.0,,,,,,,,,,,,,,,,,
754,1,DDP,Cultivos,Palmito,,,2067,,,,,1.0,,,,,,,,,,,,,,,,,
754,1,DDP,Cultivos,Palmito,,,2068,,,,,1.0,,,,,,,,,,,,,,,,,
754,1,DDP,Cultivos,Palmito,,,2069,,,,,1.0,,,,,,,,,,,,,,,,,
754,1,DDP,Cultivos,Palmito,,,2070,,,,,1.0,,,,,,,,,,,,,,,,,
754,1,DDP,Cultivos,Legumbres,,,2018,,,,,1.0,,,,,,,,,,,,,,,,,
754,1,DDP,Cultivos,Legumbres,,,2019,,,,,1.0,,,,,,,,,,,,,,,,,
754,1,DDP,Cultivos,Legumbres,,,2020,,,,,1.0,,,,,,,,,,,,,,,,,
754,1,DDP,Cultivos,Legumbres,,,2021,,,,,1.0,,,,,,,,,,,,,,,,,
754,1,DDP,Cultivos,Legumbres,,,2022,,,,,1.0,,,,,,,,,,,,,,,,,
754,1,DDP,Cultivos,Legumbres,,,2023,,,,,1.0,,,,,,,,,,,,,,,,,
754,1,DDP,Cultivos,Legumbres,,,2024,,,,,1.0,,,,,,,,,,,,,,,,,
754,1,DDP,Cultivos,Legumbres,,,2025,,,,,1.0,,,,,,,,,,,,,,,,,
754,1,DDP,Cultivos,Legumbres,,,2026,,,,,1.0,,,,,,,,,,,,,,,,,
754,1,DDP,Cultivos,Legumbres,,,2027,,,,,1.0,,,,,,,,,,,,,,,,,
754,1,DDP,Cultivos,Legumbres,,,2028,,,,,1.0,,,,,,,,,,,,,,,,,
754,1,DDP,Cultivos,Legumbres,,,2029,,,,,1.0,,,,,,,,,,,,,,,,,
754,1,DDP,Cultivos,Legumbres,,,2030,,,,,1.0,,,,,,,,,,,,,,,,,
754,1,DDP,Cultivos,Legumbres,,,2031,,,,,1.0,,,,,,,,,,,,,,,,,
754,1,DDP,Cultivos,Legumbres,,,2032,,,,,1.0,,,,,,,,,,,,,,,,,
754,1,DDP,Cultivos,Legumbres,,,2033,,,,,1.0,,,,,,,,,,,,,,,,,
754,1,DDP,Cultivos,Legumbres,,,2034,,,,,1.0,,,,,,,,,,,,,,,,,
754,1,DDP,Cultivos,Legumbres,,,2035,,,,,1.0,,,,,,,,,,,,,,,,,
754,1,DDP,Cultivos,Legumbres,,,2036,,,,,1.0,,,,,,,,,,,,,,,,,
754,1,DDP,Cultivos,Legumbres,,,2037,,,,,1.0,,,,,,,,,,,,,,,,,
754,1,DDP,Cultivos,Legumbres,,,2038,,,,,1.0,,,,,,,,,,,,,,,,,
754,1,DDP,Cultivos,Legumbres,,,2039,,,,,1.0,,,,,,,,,,,,,,,,,
754,1,DDP,Cultivos,Legumbres,,,2040,,,,,1.0,,,,,,,,,,,,,,,,,
754,1,DDP,Cultivos,Legumbres,,,2041,,,,,1.0,,,,,,,,,,,,,,,,,
754,1,DDP,Cultivos,Legumbres,,,2042,,,,,1.0,,,,,,,,,,,,,,,,,
754,1,DDP,Cultivos,Legumbres,,,2043,,,,,1.0,,,,,,,,,,,,,,,,,
754,1,DDP,Cultivos,Legumbres,,,2044,,,,,1.0,,,,,,,,,,,,,,,,,
754,1,DDP,Cultivos,Legumbres,,,2045,,,,,1.0,,,,,,,,,,,,,,,,,
754,1,DDP,Cultivos,Legumbres,,,2046,,,,,1.0,,,,,,,,,,,,,,,,,
754,1,DDP,Cultivos,Legumbres,,,2047,,,,,1.0,,,,,,,,,,,,,,,,,
754,1,DDP,Cultivos,Legumbres,,,2048,,,,,1.0,,,,,,,,,,,,,,,,,
754,1,DDP,Cultivos,Legumbres,,,2049,,,,,1.0,,,,,,,,,,,,,,,,,
754,1,DDP,Cultivos,Legumbres,,,2050,,,,,1.0,,,,,,,,,,,,,,,,,
754,1,DDP,Cultivos,Legumbres,,,2051,,,,,1.0,,,,,,,,,,,,,,,,,
754,1,DDP,Cultivos,Legumbres,,,2052,,,,,1.0,,,,,,,,,,,,,,,,,
754,1,DDP,Cultivos,Legumbres,,,2053,,,,,1.0,,,,,,,,,,,,,,,,,
754,1,DDP,Cultivos,Legumbres,,,2054,,,,,1.0,,,,,,,,,,,,,,,,,
754,1,DDP,Cultivos,Legumbres,,,2055,,,,,1.0,,,,,,,,,,,,,,,,,
754,1,DDP,Cultivos,Legumbres,,,2056,,,,,1.0,,,,,,,,,,,,,,,,,
754,1,DDP,Cultivos,Legumbres,,,2057,,,,,1.0,,,,,,,,,,,,,,,,,
754,1,DDP,Cultivos,Legumbres,,,2058,,,,,1.0,,,,,,,,,,,,,,,,,
754,1,DDP,Cultivos,Legumbres,,,2059,,,,,1.0,,,,,,,,,,,,,,,,,
754,1,DDP,Cultivos,Legumbres,,,2060,,,,,1.0,,,,,,,,,,,,,,,,,
754,1,DDP,Cultivos,Legumbres,,,2061,,,,,1.0,,,,,,,,,,,,,,,,,
754,1,DDP,Cultivos,Legumbres,,,2062,,,,,1.0,,,,,,,,,,,,,,,,,
754,1,DDP,Cultivos,Legumbres,,,2063,,,,,1.0,,,,,,,,,,,,,,,,,
754,1,DDP,Cultivos,Legumbres,,,2064,,,,,1.0,,,,,,,,,,,,,,,,,
754,1,DDP,Cultivos,Legumbres,,,2065,,,,,1.0,,,,,,,,,,,,,,,,,
754,1,DDP,Cultivos,Legumbres,,,2066,,,,,1.0,,,,,,,,,,,,,,,,,
754,1,DDP,Cultivos,Legumbres,,,2067,,,,,1.0,,,,,,,,,,,,,,,,,
754,1,DDP,Cultivos,Legumbres,,,2068,,,,,1.0,,,,,,,,,,,,,,,,,
754,1,DDP,Cultivos,Legumbres,,,2069,,,,,1.0,,,,,,,,,,,,,,,,,
754,1,DDP,Cultivos,Legumbres,,,2070,,,,,1.0,,,,,,,,,,,,,,,,,
754,1,DDP,Cultivos,Cereales,,,2018,,,,,1.0,,,,,,,,,,,,,,,,,
754,1,DDP,Cultivos,Cereales,,,2019,,,,,1.0,,,,,,,,,,,,,,,,,
754,1,DDP,Cultivos,Cereales,,,2020,,,,,1.0,,,,,,,,,,,,,,,,,
754,1,DDP,Cultivos,Cereales,,,2021,,,,,1.0,,,,,,,,,,,,,,,,,
754,1,DDP,Cultivos,Cereales,,,2022,,,,,1.0,,,,,,,,,,,,,,,,,
754,1,DDP,Cultivos,Cereales,,,2023,,,,,1.0,,,,,,,,,,,,,,,,,
754,1,DDP,Cultivos,Cereales,,,2024,,,,,1.0,,,,,,,,,,,,,,,,,
754,1,DDP,Cultivos,Cereales,,,2025,,,,,1.0,,,,,,,,,,,,,,,,,
754,1,DDP,Cultivos,Cereales,,,2026,,,,,1.0,,,,,,,,,,,,,,,,,
754,1,DDP,Cultivos,Cereales,,,2027,,,,,1.0,,,,,,,,,,,,,,,,,
754,1,DDP,Cultivos,Cereales,,,2028,,,,,1.0,,,,,,,,,,,,,,,,,
754,1,DDP,Cultivos,Cereales,,,2029,,,,,1.0,,,,,,,,,,,,,,,,,
754,1,DDP,Cultivos,Cereales,,,2030,,,,,1.0,,,,,,,,,,,,,,,,,
754,1,DDP,Cultivos,Cereales,,,2031,,,,,1.0,,,,,,,,,,,,,,,,,
754,1,DDP,Cultivos,Cereales,,,2032,,,,,1.0,,,,,,,,,,,,,,,,,
754,1,DDP,Cultivos,Cereales,,,2033,,,,,1.0,,,,,,,,,,,,,,,,,
754,1,DDP,Cultivos,Cereales,,,2034,,,,,1.0,,,,,,,,,,,,,,,,,
754,1,DDP,Cultivos,Cereales,,,2035,,,,,1.0,,,,,,,,,,,,,,,,,
754,1,DDP,Cultivos,Cereales,,,2036,,,,,1.0,,,,,,,,,,,,,,,,,
754,1,DDP,Cultivos,Cereales,,,2037,,,,,1.0,,,,,,,,,,,,,,,,,
754,1,DDP,Cultivos,Cereales,,,2038,,,,,1.0,,,,,,,,,,,,,,,,,
754,1,DDP,Cultivos,Cereales,,,2039,,,,,1.0,,,,,,,,,,,,,,,,,
754,1,DDP,Cultivos,Cereales,,,2040,,,,,1.0,,,,,,,,,,,,,,,,,
754,1,DDP,Cultivos,Cereales,,,2041,,,,,1.0,,,,,,,,,,,,,,,,,
754,1,DDP,Cultivos,Cereales,,,2042,,,,,1.0,,,,,,,,,,,,,,,,,
754,1,DDP,Cultivos,Cereales,,,2043,,,,,1.0,,,,,,,,,,,,,,,,,
754,1,DDP,Cultivos,Cereales,,,2044,,,,,1.0,,,,,,,,,,,,,,,,,
754,1,DDP,Cultivos,Cereales,,,2045,,,,,1.0,,,,,,,,,,,,,,,,,
754,1,DDP,Cultivos,Cereales,,,2046,,,,,1.0,,,,,,,,,,,,,,,,,
754,1,DDP,Cultivos,Cereales,,,2047,,,,,1.0,,,,,,,,,,,,,,,,,
754,1,DDP,Cultivos,Cereales,,,2048,,,,,1.0,,,,,,,,,,,,,,,,,
754,1,DDP,Cultivos,Cereales,,,2049,,,,,1.0,,,,,,,,,,,,,,,,,
754,1,DDP,Cultivos,Cereales,,,2050,,,,,1.0,,,,,,,,,,,,,,,,,
754,1,DDP,Cultivos,Cereales,,,2051,,,,,1.0,,,,,,,,,,,,,,,,,
754,1,DDP,Cultivos,Cereales,,,2052,,,,,1.0,,,,,,,,,,,,,,,,,
754,1,DDP,Cultivos,Cereales,,,2053,,,,,1.0,,,,,,,,,,,,,,,,,
754,1,DDP,Cultivos,Cereales,,,2054,,,,,1.0,,,,,,,,,,,,,,,,,
754,1,DDP,Cultivos,Cereales,,,2055,,,,,1.0,,,,,,,,,,,,,,,,,
754,1,DDP,Cultivos,Cereales,,,2056,,,,,1.0,,,,,,,,,,,,,,,,,
754,1,DDP,Cultivos,Cereales,,,2057,,,,,1.0,,,,,,,,,,,,,,,,,
754,1,DDP,Cultivos,Cereales,,,2058,,,,,1.0,,,,,,,,,,,,,,,,,
754,1,DDP,Cultivos,Cereales,,,2059,,,,,1.0,,,,,,,,,,,,,,,,,
754,1,DDP,Cultivos,Cereales,,,2060,,,,,1.0,,,,,,,,,,,,,,,,,
754,1,DDP,Cultivos,Cereales,,,2061,,,,,1.0,,,,,,,,,,,,,,,,,
754,1,DDP,Cultivos,Cereales,,,2062,,,,,1.0,,,,,,,,,,,,,,,,,
754,1,DDP,Cultivos,Cereales,,,2063,,,,,1.0,,,,,,,,,,,,,,,,,
754,1,DDP,Cultivos,Cereales,,,2064,,,,,1.0,,,,,,,,,,,,,,,,,
754,1,DDP,Cultivos,Cereales,,,2065,,,,,1.0,,,,,,,,,,,,,,,,,
754,1,DDP,Cultivos,Cereales,,,2066,,,,,1.0,,,,,,,,,,,,,,,,,
754,1,DDP,Cultivos,Cereales,,,2067,,,,,1.0,,,,,,,,,,,,,,,,,
754,1,DDP,Cultivos,Cereales,,,2068,,,,,1.0,,,,,,,,,,,,,,,,,
754,1,DDP,Cultivos,Cereales,,,2069,,,,,1.0,,,,,,,,,,,,,,,,,
754,1,DDP,Cultivos,Cereales,,,2070,,,,,1.0,,,,,,,,,,,,,,,,,
754,1,DDP,Cultivos,Tuberculos,,,2018,,,,,1.0,,,,,,,,,,,,,,,,,
754,1,DDP,Cultivos,Tuberculos,,,2019,,,,,1.0,,,,,,,,,,,,,,,,,
754,1,DDP,Cultivos,Tuberculos,,,2020,,,,,1.0,,,,,,,,,,,,,,,,,
754,1,DDP,Cultivos,Tuberculos,,,2021,,,,,1.0,,,,,,,,,,,,,,,,,
754,1,DDP,Cultivos,Tuberculos,,,2022,,,,,1.0,,,,,,,,,,,,,,,,,
754,1,DDP,Cultivos,Tuberculos,,,2023,,,,,1.0,,,,,,,,,,,,,,,,,
754,1,DDP,Cultivos,Tuberculos,,,2024,,,,,1.0,,,,,,,,,,,,,,,,,
754,1,DDP,Cultivos,Tuberculos,,,2025,,,,,1.0,,,,,,,,,,,,,,,,,
754,1,DDP,Cultivos,Tuberculos,,,2026,,,,,1.0,,,,,,,,,,,,,,,,,
754,1,DDP,Cultivos,Tuberculos,,,2027,,,,,1.0,,,,,,,,,,,,,,,,,
754,1,DDP,Cultivos,Tuberculos,,,2028,,,,,1.0,,,,,,,,,,,,,,,,,
754,1,DDP,Cultivos,Tuberculos,,,2029,,,,,1.0,,,,,,,,,,,,,,,,,
754,1,DDP,Cultivos,Tuberculos,,,2030,,,,,1.0,,,,,,,,,,,,,,,,,
754,1,DDP,Cultivos,Tuberculos,,,2031,,,,,1.0,,,,,,,,,,,,,,,,,
754,1,DDP,Cultivos,Tuberculos,,,2032,,,,,1.0,,,,,,,,,,,,,,,,,
754,1,DDP,Cultivos,Tuberculos,,,2033,,,,,1.0,,,,,,,,,,,,,,,,,
754,1,DDP,Cultivos,Tuberculos,,,2034,,,,,1.0,,,,,,,,,,,,,,,,,
754,1,DDP,Cultivos,Tuberculos,,,2035,,,,,1.0,,,,,,,,,,,,,,,,,
754,1,DDP,Cultivos,Tuberculos,,,2036,,,,,1.0,,,,,,,,,,,,,,,,,
754,1,DDP,Cultivos,Tuberculos,,,2037,,,,,1.0,,,,,,,,,,,,,,,,,
754,1,DDP,Cultivos,Tuberculos,,,2038,,,,,1.0,,,,,,,,,,,,,,,,,
754,1,DDP,Cultivos,Tuberculos,,,2039,,,,,1.0,,,,,,,,,,,,,,,,,
754,1,DDP,Cultivos,Tuberculos,,,2040,,,,,1.0,,,,,,,,,,,,,,,,,
754,1,DDP,Cultivos,Tuberculos,,,2041,,,,,1.0,,,,,,,,,,,,,,,,,
754,1,DDP,Cultivos,Tuberculos,,,2042,,,,,1.0,,,,,,,,,,,,,,,,,
754,1,DDP,Cultivos,Tuberculos,,,2043,,,,,1.0,,,,,,,,,,,,,,,,,
754,1,DDP,Cultivos,Tuberculos,,,2044,,,,,1.0,,,,,,,,,,,,,,,,,
754,1,DDP,Cultivos,Tuberculos,,,2045,,,,,1.0,,,,,,,,,,,,,,,,,
754,1,DDP,Cultivos,Tuberculos,,,2046,,,,,1.0,,,,,,,,,,,,,,,,,
754,1,DDP,Cultivos,Tuberculos,,,2047,,,,,1.0,,,,,,,,,,,,,,,,,
754,1,DDP,Cultivos,Tuberculos,,,2048,,,,,1.0,,,,,,,,,,,,,,,,,
754,1,DDP,Cultivos,Tuberculos,,,2049,,,,,1.0,,,,,,,,,,,,,,,,,
754,1,DDP,Cultivos,Tuberculos,,,2050,,,,,1.0,,,,,,,,,,,,,,,,,
754,1,DDP,Cultivos,Tuberculos,,,2051,,,,,1.0,,,,,,,,,,,,,,,,,
754,1,DDP,Cultivos,Tuberculos,,,2052,,,,,1.0,,,,,,,,,,,,,,,,,
754,1,DDP,Cultivos,Tuberculos,,,2053,,,,,1.0,,,,,,,,,,,,,,,,,
754,1,DDP,Cultivos,Tuberculos,,,2054,,,,,1.0,,,,,,,,,,,,,,,,,
754,1,DDP,Cultivos,Tuberculos,,,2055,,,,,1.0,,,,,,,,,,,,,,,,,
754,1,DDP,Cultivos,Tuberculos,,,2056,,,,,1.0,,,,,,,,,,,,,,,,,
754,1,DDP,Cultivos,Tuberculos,,,2057,,,,,1.0,,,,,,,,,,,,,,,,,
754,1,DDP,Cultivos,Tuberculos,,,2058,,,,,1.0,,,,,,,,,,,,,,,,,
754,1,DDP,Cultivos,Tuberculos,,,2059,,,,,1.0,,,,,,,,,,,,,,,,,
754,1,DDP,Cultivos,Tuberculos,,,2060,,,,,1.0,,,,,,,,,,,,,,,,,
754,1,DDP,Cultivos,Tuberculos,,,2061,,,,,1.0,,,,,,,,,,,,,,,,,
754,1,DDP,Cultivos,Tuberculos,,,2062,,,,,1.0,,,,,,,,,,,,,,,,,
754,1,DDP,Cultivos,Tuberculos,,,2063,,,,,1.0,,,,,,,,,,,,,,,,,
754,1,DDP,Cultivos,Tuberculos,,,2064,,,,,1.0,,,,,,,,,,,,,,,,,
754,1,DDP,Cultivos,Tuberculos,,,2065,,,,,1.0,,,,,,,,,,,,,,,,,
754,1,DDP,Cultivos,Tuberculos,,,2066,,,,,1.0,,,,,,,,,,,,,,,,,
754,1,DDP,Cultivos,Tuberculos,,,2067,,,,,1.0,,,,,,,,,,,,,,,,,
754,1,DDP,Cultivos,Tuberculos,,,2068,,,,,1.0,,,,,,,,,,,,,,,,,
754,1,DDP,Cultivos,Tuberculos,,,2069,,,,,1.0,,,,,,,,,,,,,,,,,
754,1,DDP,Cultivos,Tuberculos,,,2070,,,,,1.0,,,,,,,,,,,,,,,,,
754,1,DDP,Cultivos,Fruta,,,2018,,,,,1.0,,,,,,,,,,,,,,,,,
754,1,DDP,Cultivos,Fruta,,,2019,,,,,1.0,,,,,,,,,,,,,,,,,
754,1,DDP,Cultivos,Fruta,,,2020,,,,,1.0,,,,,,,,,,,,,,,,,
754,1,DDP,Cultivos,Fruta,,,2021,,,,,1.0,,,,,,,,,,,,,,,,,
754,1,DDP,Cultivos,Fruta,,,2022,,,,,1.0,,,,,,,,,,,,,,,,,
754,1,DDP,Cultivos,Fruta,,,2023,,,,,1.0,,,,,,,,,,,,,,,,,
754,1,DDP,Cultivos,Fruta,,,2024,,,,,1.0,,,,,,,,,,,,,,,,,
754,1,DDP,Cultivos,Fruta,,,2025,,,,,1.0,,,,,,,,,,,,,,,,,
754,1,DDP,Cultivos,Fruta,,,2026,,,,,1.0,,,,,,,,,,,,,,,,,
754,1,DDP,Cultivos,Fruta,,,2027,,,,,1.0,,,,,,,,,,,,,,,,,
754,1,DDP,Cultivos,Fruta,,,2028,,,,,1.0,,,,,,,,,,,,,,,,,
754,1,DDP,Cultivos,Fruta,,,2029,,,,,1.0,,,,,,,,,,,,,,,,,
754,1,DDP,Cultivos,Fruta,,,2030,,,,,1.0,,,,,,,,,,,,,,,,,
754,1,DDP,Cultivos,Fruta,,,2031,,,,,1.0,,,,,,,,,,,,,,,,,
754,1,DDP,Cultivos,Fruta,,,2032,,,,,1.0,,,,,,,,,,,,,,,,,
754,1,DDP,Cultivos,Fruta,,,2033,,,,,1.0,,,,,,,,,,,,,,,,,
754,1,DDP,Cultivos,Fruta,,,2034,,,,,1.0,,,,,,,,,,,,,,,,,
754,1,DDP,Cultivos,Fruta,,,2035,,,,,1.0,,,,,,,,,,,,,,,,,
754,1,DDP,Cultivos,Fruta,,,2036,,,,,1.0,,,,,,,,,,,,,,,,,
754,1,DDP,Cultivos,Fruta,,,2037,,,,,1.0,,,,,,,,,,,,,,,,,
754,1,DDP,Cultivos,Fruta,,,2038,,,,,1.0,,,,,,,,,,,,,,,,,
754,1,DDP,Cultivos,Fruta,,,2039,,,,,1.0,,,,,,,,,,,,,,,,,
754,1,DDP,Cultivos,Fruta,,,2040,,,,,1.0,,,,,,,,,,,,,,,,,
754,1,DDP,Cultivos,Fruta,,,2041,,,,,1.0,,,,,,,,,,,,,,,,,
754,1,DDP,Cultivos,Fruta,,,2042,,,,,1.0,,,,,,,,,,,,,,,,,
754,1,DDP,Cultivos,Fruta,,,2043,,,,,1.0,,,,,,,,,,,,,,,,,
754,1,DDP,Cultivos,Fruta,,,2044,,,,,1.0,,,,,,,,,,,,,,,,,
754,1,DDP,Cultivos,Fruta,,,2045,,,,,1.0,,,,,,,,,,,,,,,,,
754,1,DDP,Cultivos,Fruta,,,2046,,,,,1.0,,,,,,,,,,,,,,,,,
754,1,DDP,Cultivos,Fruta,,,2047,,,,,1.0,,,,,,,,,,,,,,,,,
754,1,DDP,Cultivos,Fruta,,,2048,,,,,1.0,,,,,,,,,,,,,,,,,
754,1,DDP,Cultivos,Fruta,,,2049,,,,,1.0,,,,,,,,,,,,,,,,,
754,1,DDP,Cultivos,Fruta,,,2050,,,,,1.0,,,,,,,,,,,,,,,,,
754,1,DDP,Cultivos,Fruta,,,2051,,,,,1.0,,,,,,,,,,,,,,,,,
754,1,DDP,Cultivos,Fruta,,,2052,,,,,1.0,,,,,,,,,,,,,,,,,
754,1,DDP,Cultivos,Fruta,,,2053,,,,,1.0,,,,,,,,,,,,,,,,,
754,1,DDP,Cultivos,Fruta,,,2054,,,,,1.0,,,,,,,,,,,,,,,,,
754,1,DDP,Cultivos,Fruta,,,2055,,,,,1.0,,,,,,,,,,,,,,,,,
754,1,DDP,Cultivos,Fruta,,,2056,,,,,1.0,,,,,,,,,,,,,,,,,
754,1,DDP,Cultivos,Fruta,,,2057,,,,,1.0,,,,,,,,,,,,,,,,,
754,1,DDP,Cultivos,Fruta,,,2058,,,,,1.0,,,,,,,,,,,,,,,,,
754,1,DDP,Cultivos,Fruta,,,2059,,,,,1.0,,,,,,,,,,,,,,,,,
754,1,DDP,Cultivos,Fruta,,,2060,,,,,1.0,,,,,,,,,,,,,,,,,
754,1,DDP,Cultivos,Fruta,,,2061,,,,,1.0,,,,,,,,,,,,,,,,,
754,1,DDP,Cultivos,Fruta,,,2062,,,,,1.0,,,,,,,,,,,,,,,,,
754,1,DDP,Cultivos,Fruta,,,2063,,,,,1.0,,,,,,,,,,,,,,,,,
754,1,DDP,Cultivos,Fruta,,,2064,,,,,1.0,,,,,,,,,,,,,,,,,
754,1,DDP,Cultivos,Fruta,,,2065,,,,,1.0,,,,,,,,,,,,,,,,,
754,1,DDP,Cultivos,Fruta,,,2066,,,,,1.0,,,,,,,,,,,,,,,,,
754,1,DDP,Cultivos,Fruta,,,2067,,,,,1.0,,,,,,,,,,,,,,,,,
754,1,DDP,Cultivos,Fruta,,,2068,,,,,1.0,,,,,,,,,,,,,,,,,
754,1,DDP,Cultivos,Fruta,,,2069,,,,,1.0,,,,,,,,,,,,,,,,,
754,1,DDP,Cultivos,Fruta,,,2070,,,,,1.0,,,,,,,,,,,,,,,,,
754,1,DDP,Cultivos,Verduras,,,2018,,,,,1.0,,,,,,,,,,,,,,,,,
754,1,DDP,Cultivos,Verduras,,,2019,,,,,1.0,,,,,,,,,,,,,,,,,
754,1,DDP,Cultivos,Verduras,,,2020,,,,,1.0,,,,,,,,,,,,,,,,,
754,1,DDP,Cultivos,Verduras,,,2021,,,,,1.0,,,,,,,,,,,,,,,,,
754,1,DDP,Cultivos,Verduras,,,2022,,,,,1.0,,,,,,,,,,,,,,,,,
754,1,DDP,Cultivos,Verduras,,,2023,,,,,1.0,,,,,,,,,,,,,,,,,
754,1,DDP,Cultivos,Verduras,,,2024,,,,,1.0,,,,,,,,,,,,,,,,,
754,1,DDP,Cultivos,Verduras,,,2025,,,,,1.0,,,,,,,,,,,,,,,,,
754,1,DDP,Cultivos,Verduras,,,2026,,,,,1.0,,,,,,,,,,,,,,,,,
754,1,DDP,Cultivos,Verduras,,,2027,,,,,1.0,,,,,,,,,,,,,,,,,
754,1,DDP,Cultivos,Verduras,,,2028,,,,,1.0,,,,,,,,,,,,,,,,,
754,1,DDP,Cultivos,Verduras,,,2029,,,,,1.0,,,,,,,,,,,,,,,,,
754,1,DDP,Cultivos,Verduras,,,2030,,,,,1.0,,,,,,,,,,,,,,,,,
754,1,DDP,Cultivos,Verduras,,,2031,,,,,1.0,,,,,,,,,,,,,,,,,
754,1,DDP,Cultivos,Verduras,,,2032,,,,,1.0,,,,,,,,,,,,,,,,,
754,1,DDP,Cultivos,Verduras,,,2033,,,,,1.0,,,,,,,,,,,,,,,,,
754,1,DDP,Cultivos,Verduras,,,2034,,,,,1.0,,,,,,,,,,,,,,,,,
754,1,DDP,Cultivos,Verduras,,,2035,,,,,1.0,,,,,,,,,,,,,,,,,
754,1,DDP,Cultivos,Verduras,,,2036,,,,,1.0,,,,,,,,,,,,,,,,,
754,1,DDP,Cultivos,Verduras,,,2037,,,,,1.0,,,,,,,,,,,,,,,,,
754,1,DDP,Cultivos,Verduras,,,2038,,,,,1.0,,,,,,,,,,,,,,,,,
754,1,DDP,Cultivos,Verduras,,,2039,,,,,1.0,,,,,,,,,,,,,,,,,
754,1,DDP,Cultivos,Verduras,,,2040,,,,,1.0,,,,,,,,,,,,,,,,,
754,1,DDP,Cultivos,Verduras,,,2041,,,,,1.0,,,,,,,,,,,,,,,,,
754,1,DDP,Cultivos,Verduras,,,2042,,,,,1.0,,,,,,,,,,,,,,,,,
754,1,DDP,Cultivos,Verduras,,,2043,,,,,1.0,,,,,,,,,,,,,,,,,
754,1,DDP,Cultivos,Verduras,,,2044,,,,,1.0,,,,,,,,,,,,,,,,,
754,1,DDP,Cultivos,Verduras,,,2045,,,,,1.0,,,,,,,,,,,,,,,,,
754,1,DDP,Cultivos,Verduras,,,2046,,,,,1.0,,,,,,,,,,,,,,,,,
754,1,DDP,Cultivos,Verduras,,,2047,,,,,1.0,,,,,,,,,,,,,,,,,
754,1,DDP,Cultivos,Verduras,,,2048,,,,,1.0,,,,,,,,,,,,,,,,,
754,1,DDP,Cultivos,Verduras,,,2049,,,,,1.0,,,,,,,,,,,,,,,,,
754,1,DDP,Cultivos,Verduras,,,2050,,,,,1.0,,,,,,,,,,,,,,,,,
754,1,DDP,Cultivos,Verduras,,,2051,,,,,1.0,,,,,,,,,,,,,,,,,
754,1,DDP,Cultivos,Verduras,,,2052,,,,,1.0,,,,,,,,,,,,,,,,,
754,1,DDP,Cultivos,Verduras,,,2053,,,,,1.0,,,,,,,,,,,,,,,,,
754,1,DDP,Cultivos,Verduras,,,2054,,,,,1.0,,,,,,,,,,,,,,,,,
754,1,DDP,Cultivos,Verduras,,,2055,,,,,1.0,,,,,,,,,,,,,,,,,
754,1,DDP,Cultivos,Verduras,,,2056,,,,,1.0,,,,,,,,,,,,,,,,,
754,1,DDP,Cultivos,Verduras,,,2057,,,,,1.0,,,,,,,,,,,,,,,,,
754,1,DDP,Cultivos,Verduras,,,2058,,,,,1.0,,,,,,,,,,,,,,,,,
754,1,DDP,Cultivos,Verduras,,,2059,,,,,1.0,,,,,,,,,,,,,,,,,
754,1,DDP,Cultivos,Verduras,,,2060,,,,,1.0,,,,,,,,,,,,,,,,,
754,1,DDP,Cultivos,Verduras,,,2061,,,,,1.0,,,,,,,,,,,,,,,,,
754,1,DDP,Cultivos,Verduras,,,2062,,,,,1.0,,,,,,,,,,,,,,,,,
754,1,DDP,Cultivos,Verduras,,,2063,,,,,1.0,,,,,,,,,,,,,,,,,
754,1,DDP,Cultivos,Verduras,,,2064,,,,,1.0,,,,,,,,,,,,,,,,,
754,1,DDP,Cultivos,Verduras,,,2065,,,,,1.0,,,,,,,,,,,,,,,,,
754,1,DDP,Cultivos,Verduras,,,2066,,,,,1.0,,,,,,,,,,,,,,,,,
754,1,DDP,Cultivos,Verduras,,,2067,,,,,1.0,,,,,,,,,,,,,,,,,
754,1,DDP,Cultivos,Verduras,,,2068,,,,,1.0,,,,,,,,,,,,,,,,,
754,1,DDP,Cultivos,Verduras,,,2069,,,,,1.0,,,,,,,,,,,,,,,,,
754,1,DDP,Cultivos,Verduras,,,2070,,,,,1.0,,,,,,,,,,,,,,,,,
754,1,DDP,Cultivos,Floricolas,,,2018,,,,,1.0,,,,,,,,,,,,,,,,,
754,1,DDP,Cultivos,Floricolas,,,2019,,,,,1.0,,,,,,,,,,,,,,,,,
754,1,DDP,Cultivos,Floricolas,,,2020,,,,,1.0,,,,,,,,,,,,,,,,,
754,1,DDP,Cultivos,Floricolas,,,2021,,,,,1.0,,,,,,,,,,,,,,,,,
754,1,DDP,Cultivos,Floricolas,,,2022,,,,,1.0,,,,,,,,,,,,,,,,,
754,1,DDP,Cultivos,Floricolas,,,2023,,,,,1.0,,,,,,,,,,,,,,,,,
754,1,DDP,Cultivos,Floricolas,,,2024,,,,,1.0,,,,,,,,,,,,,,,,,
754,1,DDP,Cultivos,Floricolas,,,2025,,,,,1.0,,,,,,,,,,,,,,,,,
754,1,DDP,Cultivos,Floricolas,,,2026,,,,,1.0,,,,,,,,,,,,,,,,,
754,1,DDP,Cultivos,Floricolas,,,2027,,,,,1.0,,,,,,,,,,,,,,,,,
754,1,DDP,Cultivos,Floricolas,,,2028,,,,,1.0,,,,,,,,,,,,,,,,,
754,1,DDP,Cultivos,Floricolas,,,2029,,,,,1.0,,,,,,,,,,,,,,,,,
754,1,DDP,Cultivos,Floricolas,,,2030,,,,,1.0,,,,,,,,,,,,,,,,,
754,1,DDP,Cultivos,Floricolas,,,2031,,,,,1.0,,,,,,,,,,,,,,,,,
754,1,DDP,Cultivos,Floricolas,,,2032,,,,,1.0,,,,,,,,,,,,,,,,,
754,1,DDP,Cultivos,Floricolas,,,2033,,,,,1.0,,,,,,,,,,,,,,,,,
754,1,DDP,Cultivos,Floricolas,,,2034,,,,,1.0,,,,,,,,,,,,,,,,,
754,1,DDP,Cultivos,Floricolas,,,2035,,,,,1.0,,,,,,,,,,,,,,,,,
754,1,DDP,Cultivos,Floricolas,,,2036,,,,,1.0,,,,,,,,,,,,,,,,,
754,1,DDP,Cultivos,Floricolas,,,2037,,,,,1.0,,,,,,,,,,,,,,,,,
754,1,DDP,Cultivos,Floricolas,,,2038,,,,,1.0,,,,,,,,,,,,,,,,,
754,1,DDP,Cultivos,Floricolas,,,2039,,,,,1.0,,,,,,,,,,,,,,,,,
754,1,DDP,Cultivos,Floricolas,,,2040,,,,,1.0,,,,,,,,,,,,,,,,,
754,1,DDP,Cultivos,Floricolas,,,2041,,,,,1.0,,,,,,,,,,,,,,,,,
754,1,DDP,Cultivos,Floricolas,,,2042,,,,,1.0,,,,,,,,,,,,,,,,,
754,1,DDP,Cultivos,Floricolas,,,2043,,,,,1.0,,,,,,,,,,,,,,,,,
754,1,DDP,Cultivos,Floricolas,,,2044,,,,,1.0,,,,,,,,,,,,,,,,,
754,1,DDP,Cultivos,Floricolas,,,2045,,,,,1.0,,,,,,,,,,,,,,,,,
754,1,DDP,Cultivos,Floricolas,,,2046,,,,,1.0,,,,,,,,,,,,,,,,,
754,1,DDP,Cultivos,Floricolas,,,2047,,,,,1.0,,,,,,,,,,,,,,,,,
754,1,DDP,Cultivos,Floricolas,,,2048,,,,,1.0,,,,,,,,,,,,,,,,,
754,1,DDP,Cultivos,Floricolas,,,2049,,,,,1.0,,,,,,,,,,,,,,,,,
754,1,DDP,Cultivos,Floricolas,,,2050,,,,,1.0,,,,,,,,,,,,,,,,,
754,1,DDP,Cultivos,Floricolas,,,2051,,,,,1.0,,,,,,,,,,,,,,,,,
754,1,DDP,Cultivos,Floricolas,,,2052,,,,,1.0,,,,,,,,,,,,,,,,,
754,1,DDP,Cultivos,Floricolas,,,2053,,,,,1.0,,,,,,,,,,,,,,,,,
754,1,DDP,Cultivos,Floricolas,,,2054,,,,,1.0,,,,,,,,,,,,,,,,,
754,1,DDP,Cultivos,Floricolas,,,2055,,,,,1.0,,,,,,,,,,,,,,,,,
754,1,DDP,Cultivos,Floricolas,,,2056,,,,,1.0,,,,,,,,,,,,,,,,,
754,1,DDP,Cultivos,Floricolas,,,2057,,,,,1.0,,,,,,,,,,,,,,,,,
754,1,DDP,Cultivos,Floricolas,,,2058,,,,,1.0,,,,,,,,,,,,,,,,,
754,1,DDP,Cultivos,Floricolas,,,2059,,,,,1.0,,,,,,,,,,,,,,,,,
754,1,DDP,Cultivos,Floricolas,,,2060,,,,,1.0,,,,,,,,,,,,,,,,,
754,1,DDP,Cultivos,Floricolas,,,2061,,,,,1.0,,,,,,,,,,,,,,,,,
754,1,DDP,Cultivos,Floricolas,,,2062,,,,,1.0,,,,,,,,,,,,,,,,,
754,1,DDP,Cultivos,Floricolas,,,2063,,,,,1.0,,,,,,,,,,,,,,,,,
754,1,DDP,Cultivos,Floricolas,,,2064,,,,,1.0,,,,,,,,,,,,,,,,,
754,1,DDP,Cultivos,Floricolas,,,2065,,,,,1.0,,,,,,,,,,,,,,,,,
754,1,DDP,Cultivos,Floricolas,,,2066,,,,,1.0,,,,,,,,,,,,,,,,,
754,1,DDP,Cultivos,Floricolas,,,2067,,,,,1.0,,,,,,,,,,,,,,,,,
754,1,DDP,Cultivos,Floricolas,,,2068,,,,,1.0,,,,,,,,,,,,,,,,,
754,1,DDP,Cultivos,Floricolas,,,2069,,,,,1.0,,,,,,,,,,,,,,,,,
754,1,DDP,Cultivos,Floricolas,,,2070,,,,,1.0,,,,,,,,,,,,,,,,,
754,1,DDP,Cultivos,Otros_cultivos,,,2018,,,,,1.0,,,,,,,,,,,,,,,,,
754,1,DDP,Cultivos,Otros_cultivos,,,2019,,,,,1.0,,,,,,,,,,,,,,,,,
754,1,DDP,Cultivos,Otros_cultivos,,,2020,,,,,1.0,,,,,,,,,,,,,,,,,
754,1,DDP,Cultivos,Otros_cultivos,,,2021,,,,,1.0,,,,,,,,,,,,,,,,,
754,1,DDP,Cultivos,Otros_cultivos,,,2022,,,,,1.0,,,,,,,,,,,,,,,,,
754,1,DDP,Cultivos,Otros_cultivos,,,2023,,,,,1.0,,,,,,,,,,,,,,,,,
754,1,DDP,Cultivos,Otros_cultivos,,,2024,,,,,1.0,,,,,,,,,,,,,,,,,
754,1,DDP,Cultivos,Otros_cultivos,,,2025,,,,,1.0,,,,,,,,,,,,,,,,,
754,1,DDP,Cultivos,Otros_cultivos,,,2026,,,,,1.0,,,,,,,,,,,,,,,,,
754,1,DDP,Cultivos,Otros_cultivos,,,2027,,,,,1.0,,,,,,,,,,,,,,,,,
754,1,DDP,Cultivos,Otros_cultivos,,,2028,,,,,1.0,,,,,,,,,,,,,,,,,
754,1,DDP,Cultivos,Otros_cultivos,,,2029,,,,,1.0,,,,,,,,,,,,,,,,,
754,1,DDP,Cultivos,Otros_cultivos,,,2030,,,,,1.0,,,,,,,,,,,,,,,,,
754,1,DDP,Cultivos,Otros_cultivos,,,2031,,,,,1.0,,,,,,,,,,,,,,,,,
754,1,DDP,Cultivos,Otros_cultivos,,,2032,,,,,1.0,,,,,,,,,,,,,,,,,
754,1,DDP,Cultivos,Otros_cultivos,,,2033,,,,,1.0,,,,,,,,,,,,,,,,,
754,1,DDP,Cultivos,Otros_cultivos,,,2034,,,,,1.0,,,,,,,,,,,,,,,,,
754,1,DDP,Cultivos,Otros_cultivos,,,2035,,,,,1.0,,,,,,,,,,,,,,,,,
754,1,DDP,Cultivos,Otros_cultivos,,,2036,,,,,1.0,,,,,,,,,,,,,,,,,
754,1,DDP,Cultivos,Otros_cultivos,,,2037,,,,,1.0,,,,,,,,,,,,,,,,,
754,1,DDP,Cultivos,Otros_cultivos,,,2038,,,,,1.0,,,,,,,,,,,,,,,,,
754,1,DDP,Cultivos,Otros_cultivos,,,2039,,,,,1.0,,,,,,,,,,,,,,,,,
754,1,DDP,Cultivos,Otros_cultivos,,,2040,,,,,1.0,,,,,,,,,,,,,,,,,
754,1,DDP,Cultivos,Otros_cultivos,,,2041,,,,,1.0,,,,,,,,,,,,,,,,,
754,1,DDP,Cultivos,Otros_cultivos,,,2042,,,,,1.0,,,,,,,,,,,,,,,,,
754,1,DDP,Cultivos,Otros_cultivos,,,2043,,,,,1.0,,,,,,,,,,,,,,,,,
754,1,DDP,Cultivos,Otros_cultivos,,,2044,,,,,1.0,,,,,,,,,,,,,,,,,
754,1,DDP,Cultivos,Otros_cultivos,,,2045,,,,,1.0,,,,,,,,,,,,,,,,,
754,1,DDP,Cultivos,Otros_cultivos,,,2046,,,,,1.0,,,,,,,,,,,,,,,,,
754,1,DDP,Cultivos,Otros_cultivos,,,2047,,,,,1.0,,,,,,,,,,,,,,,,,
754,1,DDP,Cultivos,Otros_cultivos,,,2048,,,,,1.0,,,,,,,,,,,,,,,,,
754,1,DDP,Cultivos,Otros_cultivos,,,2049,,,,,1.0,,,,,,,,,,,,,,,,,
754,1,DDP,Cultivos,Otros_cultivos,,,2050,,,,,1.0,,,,,,,,,,,,,,,,,
754,1,DDP,Cultivos,Otros_cultivos,,,2051,,,,,1.0,,,,,,,,,,,,,,,,,
754,1,DDP,Cultivos,Otros_cultivos,,,2052,,,,,1.0,,,,,,,,,,,,,,,,,
754,1,DDP,Cultivos,Otros_cultivos,,,2053,,,,,1.0,,,,,,,,,,,,,,,,,
754,1,DDP,Cultivos,Otros_cultivos,,,2054,,,,,1.0,,,,,,,,,,,,,,,,,
754,1,DDP,Cultivos,Otros_cultivos,,,2055,,,,,1.0,,,,,,,,,,,,,,,,,
754,1,DDP,Cultivos,Otros_cultivos,,,2056,,,,,1.0,,,,,,,,,,,,,,,,,
754,1,DDP,Cultivos,Otros_cultivos,,,2057,,,,,1.0,,,,,,,,,,,,,,,,,
754,1,DDP,Cultivos,Otros_cultivos,,,2058,,,,,1.0,,,,,,,,,,,,,,,,,
754,1,DDP,Cultivos,Otros_cultivos,,,2059,,,,,1.0,,,,,,,,,,,,,,,,,
754,1,DDP,Cultivos,Otros_cultivos,,,2060,,,,,1.0,,,,,,,,,,,,,,,,,
754,1,DDP,Cultivos,Otros_cultivos,,,2061,,,,,1.0,,,,,,,,,,,,,,,,,
754,1,DDP,Cultivos,Otros_cultivos,,,2062,,,,,1.0,,,,,,,,,,,,,,,,,
754,1,DDP,Cultivos,Otros_cultivos,,,2063,,,,,1.0,,,,,,,,,,,,,,,,,
754,1,DDP,Cultivos,Otros_cultivos,,,2064,,,,,1.0,,,,,,,,,,,,,,,,,
754,1,DDP,Cultivos,Otros_cultivos,,,2065,,,,,1.0,,,,,,,,,,,,,,,,,
754,1,DDP,Cultivos,Otros_cultivos,,,2066,,,,,1.0,,,,,,,,,,,,,,,,,
754,1,DDP,Cultivos,Otros_cultivos,,,2067,,,,,1.0,,,,,,,,,,,,,,,,,
754,1,DDP,Cultivos,Otros_cultivos,,,2068,,,,,1.0,,,,,,,,,,,,,,,,,
754,1,DDP,Cultivos,Otros_cultivos,,,2069,,,,,1.0,,,,,,,,,,,,,,,,,
754,1,DDP,Cultivos,Otros_cultivos,,,2070,,,,,1.0,,,,,,,,,,,,,,,,,
754,1,DDP,Banano,Dem_Banano,,,2018,,,,,1.0,,,,,,,,,,,,,,,,,
754,1,DDP,Banano,Dem_Banano,,,2019,,,,,1.0,,,,,,,,,,,,,,,,,
754,1,DDP,Banano,Dem_Banano,,,2020,,,,,1.0,,,,,,,,,,,,,,,,,
754,1,DDP,Banano,Dem_Banano,,,2021,,,,,1.0,,,,,,,,,,,,,,,,,
754,1,DDP,Banano,Dem_Banano,,,2022,,,,,1.0,,,,,,,,,,,,,,,,,
754,1,DDP,Banano,Dem_Banano,,,2023,,,,,1.0,,,,,,,,,,,,,,,,,
754,1,DDP,Banano,Dem_Banano,,,2024,,,,,1.0,,,,,,,,,,,,,,,,,
754,1,DDP,Banano,Dem_Banano,,,2025,,,,,1.0,,,,,,,,,,,,,,,,,
754,1,DDP,Banano,Dem_Banano,,,2026,,,,,1.0,,,,,,,,,,,,,,,,,
754,1,DDP,Banano,Dem_Banano,,,2027,,,,,1.0,,,,,,,,,,,,,,,,,
754,1,DDP,Banano,Dem_Banano,,,2028,,,,,1.0,,,,,,,,,,,,,,,,,
754,1,DDP,Banano,Dem_Banano,,,2029,,,,,1.0,,,,,,,,,,,,,,,,,
754,1,DDP,Banano,Dem_Banano,,,2030,,,,,1.0,,,,,,,,,,,,,,,,,
754,1,DDP,Banano,Dem_Banano,,,2031,,,,,1.0,,,,,,,,,,,,,,,,,
754,1,DDP,Banano,Dem_Banano,,,2032,,,,,1.0,,,,,,,,,,,,,,,,,
754,1,DDP,Banano,Dem_Banano,,,2033,,,,,1.0,,,,,,,,,,,,,,,,,
754,1,DDP,Banano,Dem_Banano,,,2034,,,,,1.0,,,,,,,,,,,,,,,,,
754,1,DDP,Banano,Dem_Banano,,,2035,,,,,1.0,,,,,,,,,,,,,,,,,
754,1,DDP,Banano,Dem_Banano,,,2036,,,,,1.0,,,,,,,,,,,,,,,,,
754,1,DDP,Banano,Dem_Banano,,,2037,,,,,1.0,,,,,,,,,,,,,,,,,
754,1,DDP,Banano,Dem_Banano,,,2038,,,,,1.0,,,,,,,,,,,,,,,,,
754,1,DDP,Banano,Dem_Banano,,,2039,,,,,1.0,,,,,,,,,,,,,,,,,
754,1,DDP,Banano,Dem_Banano,,,2040,,,,,1.0,,,,,,,,,,,,,,,,,
754,1,DDP,Banano,Dem_Banano,,,2041,,,,,1.0,,,,,,,,,,,,,,,,,
754,1,DDP,Banano,Dem_Banano,,,2042,,,,,1.0,,,,,,,,,,,,,,,,,
754,1,DDP,Banano,Dem_Banano,,,2043,,,,,1.0,,,,,,,,,,,,,,,,,
754,1,DDP,Banano,Dem_Banano,,,2044,,,,,1.0,,,,,,,,,,,,,,,,,
754,1,DDP,Banano,Dem_Banano,,,2045,,,,,1.0,,,,,,,,,,,,,,,,,
754,1,DDP,Banano,Dem_Banano,,,2046,,,,,1.0,,,,,,,,,,,,,,,,,
754,1,DDP,Banano,Dem_Banano,,,2047,,,,,1.0,,,,,,,,,,,,,,,,,
754,1,DDP,Banano,Dem_Banano,,,2048,,,,,1.0,,,,,,,,,,,,,,,,,
754,1,DDP,Banano,Dem_Banano,,,2049,,,,,1.0,,,,,,,,,,,,,,,,,
754,1,DDP,Banano,Dem_Banano,,,2050,,,,,1.0,,,,,,,,,,,,,,,,,
754,1,DDP,Banano,Dem_Banano,,,2051,,,,,1.0,,,,,,,,,,,,,,,,,
754,1,DDP,Banano,Dem_Banano,,,2052,,,,,1.0,,,,,,,,,,,,,,,,,
754,1,DDP,Banano,Dem_Banano,,,2053,,,,,1.0,,,,,,,,,,,,,,,,,
754,1,DDP,Banano,Dem_Banano,,,2054,,,,,1.0,,,,,,,,,,,,,,,,,
754,1,DDP,Banano,Dem_Banano,,,2055,,,,,1.0,,,,,,,,,,,,,,,,,
754,1,DDP,Banano,Dem_Banano,,,2056,,,,,1.0,,,,,,,,,,,,,,,,,
754,1,DDP,Banano,Dem_Banano,,,2057,,,,,1.0,,,,,,,,,,,,,,,,,
754,1,DDP,Banano,Dem_Banano,,,2058,,,,,1.0,,,,,,,,,,,,,,,,,
754,1,DDP,Banano,Dem_Banano,,,2059,,,,,1.0,,,,,,,,,,,,,,,,,
754,1,DDP,Banano,Dem_Banano,,,2060,,,,,1.0,,,,,,,,,,,,,,,,,
754,1,DDP,Banano,Dem_Banano,,,2061,,,,,1.0,,,,,,,,,,,,,,,,,
754,1,DDP,Banano,Dem_Banano,,,2062,,,,,1.0,,,,,,,,,,,,,,,,,
754,1,DDP,Banano,Dem_Banano,,,2063,,,,,1.0,,,,,,,,,,,,,,,,,
754,1,DDP,Banano,Dem_Banano,,,2064,,,,,1.0,,,,,,,,,,,,,,,,,
754,1,DDP,Banano,Dem_Banano,,,2065,,,,,1.0,,,,,,,,,,,,,,,,,
754,1,DDP,Banano,Dem_Banano,,,2066,,,,,1.0,,,,,,,,,,,,,,,,,
754,1,DDP,Banano,Dem_Banano,,,2067,,,,,1.0,,,,,,,,,,,,,,,,,
754,1,DDP,Banano,Dem_Banano,,,2068,,,,,1.0,,,,,,,,,,,,,,,,,
754,1,DDP,Banano,Dem_Banano,,,2069,,,,,1.0,,,,,,,,,,,,,,,,,
754,1,DDP,Banano,Dem_Banano,,,2070,,,,,1.0,,,,,,,,,,,,,,,,,
754,1,DDP,Arroz,Dem_Arroz,,,2018,,,,,1.0,,,,,,,,,,,,,,,,,
754,1,DDP,Arroz,Dem_Arroz,,,2019,,,,,1.0,,,,,,,,,,,,,,,,,
754,1,DDP,Arroz,Dem_Arroz,,,2020,,,,,1.0,,,,,,,,,,,,,,,,,
754,1,DDP,Arroz,Dem_Arroz,,,2021,,,,,1.0,,,,,,,,,,,,,,,,,
754,1,DDP,Arroz,Dem_Arroz,,,2022,,,,,1.0,,,,,,,,,,,,,,,,,
754,1,DDP,Arroz,Dem_Arroz,,,2023,,,,,1.0,,,,,,,,,,,,,,,,,
754,1,DDP,Arroz,Dem_Arroz,,,2024,,,,,1.0,,,,,,,,,,,,,,,,,
754,1,DDP,Arroz,Dem_Arroz,,,2025,,,,,1.0,,,,,,,,,,,,,,,,,
754,1,DDP,Arroz,Dem_Arroz,,,2026,,,,,1.0,,,,,,,,,,,,,,,,,
754,1,DDP,Arroz,Dem_Arroz,,,2027,,,,,1.0,,,,,,,,,,,,,,,,,
754,1,DDP,Arroz,Dem_Arroz,,,2028,,,,,1.0,,,,,,,,,,,,,,,,,
754,1,DDP,Arroz,Dem_Arroz,,,2029,,,,,1.0,,,,,,,,,,,,,,,,,
754,1,DDP,Arroz,Dem_Arroz,,,2030,,,,,1.0,,,,,,,,,,,,,,,,,
754,1,DDP,Arroz,Dem_Arroz,,,2031,,,,,1.0,,,,,,,,,,,,,,,,,
754,1,DDP,Arroz,Dem_Arroz,,,2032,,,,,1.0,,,,,,,,,,,,,,,,,
754,1,DDP,Arroz,Dem_Arroz,,,2033,,,,,1.0,,,,,,,,,,,,,,,,,
754,1,DDP,Arroz,Dem_Arroz,,,2034,,,,,1.0,,,,,,,,,,,,,,,,,
754,1,DDP,Arroz,Dem_Arroz,,,2035,,,,,1.0,,,,,,,,,,,,,,,,,
754,1,DDP,Arroz,Dem_Arroz,,,2036,,,,,1.0,,,,,,,,,,,,,,,,,
754,1,DDP,Arroz,Dem_Arroz,,,2037,,,,,1.0,,,,,,,,,,,,,,,,,
754,1,DDP,Arroz,Dem_Arroz,,,2038,,,,,1.0,,,,,,,,,,,,,,,,,
754,1,DDP,Arroz,Dem_Arroz,,,2039,,,,,1.0,,,,,,,,,,,,,,,,,
754,1,DDP,Arroz,Dem_Arroz,,,2040,,,,,1.0,,,,,,,,,,,,,,,,,
754,1,DDP,Arroz,Dem_Arroz,,,2041,,,,,1.0,,,,,,,,,,,,,,,,,
754,1,DDP,Arroz,Dem_Arroz,,,2042,,,,,1.0,,,,,,,,,,,,,,,,,
754,1,DDP,Arroz,Dem_Arroz,,,2043,,,,,1.0,,,,,,,,,,,,,,,,,
754,1,DDP,Arroz,Dem_Arroz,,,2044,,,,,1.0,,,,,,,,,,,,,,,,,
754,1,DDP,Arroz,Dem_Arroz,,,2045,,,,,1.0,,,,,,,,,,,,,,,,,
754,1,DDP,Arroz,Dem_Arroz,,,2046,,,,,1.0,,,,,,,,,,,,,,,,,
754,1,DDP,Arroz,Dem_Arroz,,,2047,,,,,1.0,,,,,,,,,,,,,,,,,
754,1,DDP,Arroz,Dem_Arroz,,,2048,,,,,1.0,,,,,,,,,,,,,,,,,
754,1,DDP,Arroz,Dem_Arroz,,,2049,,,,,1.0,,,,,,,,,,,,,,,,,
754,1,DDP,Arroz,Dem_Arroz,,,2050,,,,,1.0,,,,,,,,,,,,,,,,,
754,1,DDP,Arroz,Dem_Arroz,,,2051,,,,,1.0,,,,,,,,,,,,,,,,,
754,1,DDP,Arroz,Dem_Arroz,,,2052,,,,,1.0,,,,,,,,,,,,,,,,,
754,1,DDP,Arroz,Dem_Arroz,,,2053,,,,,1.0,,,,,,,,,,,,,,,,,
754,1,DDP,Arroz,Dem_Arroz,,,2054,,,,,1.0,,,,,,,,,,,,,,,,,
754,1,DDP,Arroz,Dem_Arroz,,,2055,,,,,1.0,,,,,,,,,,,,,,,,,
754,1,DDP,Arroz,Dem_Arroz,,,2056,,,,,1.0,,,,,,,,,,,,,,,,,
754,1,DDP,Arroz,Dem_Arroz,,,2057,,,,,1.0,,,,,,,,,,,,,,,,,
754,1,DDP,Arroz,Dem_Arroz,,,2058,,,,,1.0,,,,,,,,,,,,,,,,,
754,1,DDP,Arroz,Dem_Arroz,,,2059,,,,,1.0,,,,,,,,,,,,,,,,,
754,1,DDP,Arroz,Dem_Arroz,,,2060,,,,,1.0,,,,,,,,,,,,,,,,,
754,1,DDP,Arroz,Dem_Arroz,,,2061,,,,,1.0,,,,,,,,,,,,,,,,,
754,1,DDP,Arroz,Dem_Arroz,,,2062,,,,,1.0,,,,,,,,,,,,,,,,,
754,1,DDP,Arroz,Dem_Arroz,,,2063,,,,,1.0,,,,,,,,,,,,,,,,,
754,1,DDP,Arroz,Dem_Arroz,,,2064,,,,,1.0,,,,,,,,,,,,,,,,,
754,1,DDP,Arroz,Dem_Arroz,,,2065,,,,,1.0,,,,,,,,,,,,,,,,,
754,1,DDP,Arroz,Dem_Arroz,,,2066,,,,,1.0,,,,,,,,,,,,,,,,,
754,1,DDP,Arroz,Dem_Arroz,,,2067,,,,,1.0,,,,,,,,,,,,,,,,,
754,1,DDP,Arroz,Dem_Arroz,,,2068,,,,,1.0,,,,,,,,,,,,,,,,,
754,1,DDP,Arroz,Dem_Arroz,,,2069,,,,,1.0,,,,,,,,,,,,,,,,,
754,1,DDP,Arroz,Dem_Arroz,,,2070,,,,,1.0,,,,,,,,,,,,,,,,,
754,1,DDP,Cacao,Dem_Cacao,,,2018,,,,,1.0,,,,,,,,,,,,,,,,,
754,1,DDP,Cacao,Dem_Cacao,,,2019,,,,,1.0,,,,,,,,,,,,,,,,,
754,1,DDP,Cacao,Dem_Cacao,,,2020,,,,,1.0,,,,,,,,,,,,,,,,,
754,1,DDP,Cacao,Dem_Cacao,,,2021,,,,,1.0,,,,,,,,,,,,,,,,,
754,1,DDP,Cacao,Dem_Cacao,,,2022,,,,,1.0,,,,,,,,,,,,,,,,,
754,1,DDP,Cacao,Dem_Cacao,,,2023,,,,,1.0,,,,,,,,,,,,,,,,,
754,1,DDP,Cacao,Dem_Cacao,,,2024,,,,,1.0,,,,,,,,,,,,,,,,,
754,1,DDP,Cacao,Dem_Cacao,,,2025,,,,,1.0,,,,,,,,,,,,,,,,,
754,1,DDP,Cacao,Dem_Cacao,,,2026,,,,,1.0,,,,,,,,,,,,,,,,,
754,1,DDP,Cacao,Dem_Cacao,,,2027,,,,,1.0,,,,,,,,,,,,,,,,,
754,1,DDP,Cacao,Dem_Cacao,,,2028,,,,,1.0,,,,,,,,,,,,,,,,,
754,1,DDP,Cacao,Dem_Cacao,,,2029,,,,,1.0,,,,,,,,,,,,,,,,,
754,1,DDP,Cacao,Dem_Cacao,,,2030,,,,,1.0,,,,,,,,,,,,,,,,,
754,1,DDP,Cacao,Dem_Cacao,,,2031,,,,,1.0,,,,,,,,,,,,,,,,,
754,1,DDP,Cacao,Dem_Cacao,,,2032,,,,,1.0,,,,,,,,,,,,,,,,,
754,1,DDP,Cacao,Dem_Cacao,,,2033,,,,,1.0,,,,,,,,,,,,,,,,,
754,1,DDP,Cacao,Dem_Cacao,,,2034,,,,,1.0,,,,,,,,,,,,,,,,,
754,1,DDP,Cacao,Dem_Cacao,,,2035,,,,,1.0,,,,,,,,,,,,,,,,,
754,1,DDP,Cacao,Dem_Cacao,,,2036,,,,,1.0,,,,,,,,,,,,,,,,,
754,1,DDP,Cacao,Dem_Cacao,,,2037,,,,,1.0,,,,,,,,,,,,,,,,,
754,1,DDP,Cacao,Dem_Cacao,,,2038,,,,,1.0,,,,,,,,,,,,,,,,,
754,1,DDP,Cacao,Dem_Cacao,,,2039,,,,,1.0,,,,,,,,,,,,,,,,,
754,1,DDP,Cacao,Dem_Cacao,,,2040,,,,,1.0,,,,,,,,,,,,,,,,,
754,1,DDP,Cacao,Dem_Cacao,,,2041,,,,,1.0,,,,,,,,,,,,,,,,,
754,1,DDP,Cacao,Dem_Cacao,,,2042,,,,,1.0,,,,,,,,,,,,,,,,,
754,1,DDP,Cacao,Dem_Cacao,,,2043,,,,,1.0,,,,,,,,,,,,,,,,,
754,1,DDP,Cacao,Dem_Cacao,,,2044,,,,,1.0,,,,,,,,,,,,,,,,,
754,1,DDP,Cacao,Dem_Cacao,,,2045,,,,,1.0,,,,,,,,,,,,,,,,,
754,1,DDP,Cacao,Dem_Cacao,,,2046,,,,,1.0,,,,,,,,,,,,,,,,,
754,1,DDP,Cacao,Dem_Cacao,,,2047,,,,,1.0,,,,,,,,,,,,,,,,,
754,1,DDP,Cacao,Dem_Cacao,,,2048,,,,,1.0,,,,,,,,,,,,,,,,,
754,1,DDP,Cacao,Dem_Cacao,,,2049,,,,,1.0,,,,,,,,,,,,,,,,,
754,1,DDP,Cacao,Dem_Cacao,,,2050,,,,,1.0,,,,,,,,,,,,,,,,,
754,1,DDP,Cacao,Dem_Cacao,,,2051,,,,,1.0,,,,,,,,,,,,,,,,,
754,1,DDP,Cacao,Dem_Cacao,,,2052,,,,,1.0,,,,,,,,,,,,,,,,,
754,1,DDP,Cacao,Dem_Cacao,,,2053,,,,,1.0,,,,,,,,,,,,,,,,,
754,1,DDP,Cacao,Dem_Cacao,,,2054,,,,,1.0,,,,,,,,,,,,,,,,,
754,1,DDP,Cacao,Dem_Cacao,,,2055,,,,,1.0,,,,,,,,,,,,,,,,,
754,1,DDP,Cacao,Dem_Cacao,,,2056,,,,,1.0,,,,,,,,,,,,,,,,,
754,1,DDP,Cacao,Dem_Cacao,,,2057,,,,,1.0,,,,,,,,,,,,,,,,,
754,1,DDP,Cacao,Dem_Cacao,,,2058,,,,,1.0,,,,,,,,,,,,,,,,,
754,1,DDP,Cacao,Dem_Cacao,,,2059,,,,,1.0,,,,,,,,,,,,,,,,,
754,1,DDP,Cacao,Dem_Cacao,,,2060,,,,,1.0,,,,,,,,,,,,,,,,,
754,1,DDP,Cacao,Dem_Cacao,,,2061,,,,,1.0,,,,,,,,,,,,,,,,,
754,1,DDP,Cacao,Dem_Cacao,,,2062,,,,,1.0,,,,,,,,,,,,,,,,,
754,1,DDP,Cacao,Dem_Cacao,,,2063,,,,,1.0,,,,,,,,,,,,,,,,,
754,1,DDP,Cacao,Dem_Cacao,,,2064,,,,,1.0,,,,,,,,,,,,,,,,,
754,1,DDP,Cacao,Dem_Cacao,,,2065,,,,,1.0,,,,,,,,,,,,,,,,,
754,1,DDP,Cacao,Dem_Cacao,,,2066,,,,,1.0,,,,,,,,,,,,,,,,,
754,1,DDP,Cacao,Dem_Cacao,,,2067,,,,,1.0,,,,,,,,,,,,,,,,,
754,1,DDP,Cacao,Dem_Cacao,,,2068,,,,,1.0,,,,,,,,,,,,,,,,,
754,1,DDP,Cacao,Dem_Cacao,,,2069,,,,,1.0,,,,,,,,,,,,,,,,,
754,1,DDP,Cacao,Dem_Cacao,,,2070,,,,,1.0,,,,,,,,,,,,,,,,,
754,1,DDP,Cafe,Dem_Cafe,,,2018,,,,,1.0,,,,,,,,,,,,,,,,,
754,1,DDP,Cafe,Dem_Cafe,,,2019,,,,,1.0,,,,,,,,,,,,,,,,,
754,1,DDP,Cafe,Dem_Cafe,,,2020,,,,,1.0,,,,,,,,,,,,,,,,,
754,1,DDP,Cafe,Dem_Cafe,,,2021,,,,,1.0,,,,,,,,,,,,,,,,,
754,1,DDP,Cafe,Dem_Cafe,,,2022,,,,,1.0,,,,,,,,,,,,,,,,,
754,1,DDP,Cafe,Dem_Cafe,,,2023,,,,,1.0,,,,,,,,,,,,,,,,,
754,1,DDP,Cafe,Dem_Cafe,,,2024,,,,,1.0,,,,,,,,,,,,,,,,,
754,1,DDP,Cafe,Dem_Cafe,,,2025,,,,,1.0,,,,,,,,,,,,,,,,,
754,1,DDP,Cafe,Dem_Cafe,,,2026,,,,,1.0,,,,,,,,,,,,,,,,,
754,1,DDP,Cafe,Dem_Cafe,,,2027,,,,,1.0,,,,,,,,,,,,,,,,,
754,1,DDP,Cafe,Dem_Cafe,,,2028,,,,,1.0,,,,,,,,,,,,,,,,,
754,1,DDP,Cafe,Dem_Cafe,,,2029,,,,,1.0,,,,,,,,,,,,,,,,,
754,1,DDP,Cafe,Dem_Cafe,,,2030,,,,,1.0,,,,,,,,,,,,,,,,,
754,1,DDP,Cafe,Dem_Cafe,,,2031,,,,,1.0,,,,,,,,,,,,,,,,,
754,1,DDP,Cafe,Dem_Cafe,,,2032,,,,,1.0,,,,,,,,,,,,,,,,,
754,1,DDP,Cafe,Dem_Cafe,,,2033,,,,,1.0,,,,,,,,,,,,,,,,,
754,1,DDP,Cafe,Dem_Cafe,,,2034,,,,,1.0,,,,,,,,,,,,,,,,,
754,1,DDP,Cafe,Dem_Cafe,,,2035,,,,,1.0,,,,,,,,,,,,,,,,,
754,1,DDP,Cafe,Dem_Cafe,,,2036,,,,,1.0,,,,,,,,,,,,,,,,,
754,1,DDP,Cafe,Dem_Cafe,,,2037,,,,,1.0,,,,,,,,,,,,,,,,,
754,1,DDP,Cafe,Dem_Cafe,,,2038,,,,,1.0,,,,,,,,,,,,,,,,,
754,1,DDP,Cafe,Dem_Cafe,,,2039,,,,,1.0,,,,,,,,,,,,,,,,,
754,1,DDP,Cafe,Dem_Cafe,,,2040,,,,,1.0,,,,,,,,,,,,,,,,,
754,1,DDP,Cafe,Dem_Cafe,,,2041,,,,,1.0,,,,,,,,,,,,,,,,,
754,1,DDP,Cafe,Dem_Cafe,,,2042,,,,,1.0,,,,,,,,,,,,,,,,,
754,1,DDP,Cafe,Dem_Cafe,,,2043,,,,,1.0,,,,,,,,,,,,,,,,,
754,1,DDP,Cafe,Dem_Cafe,,,2044,,,,,1.0,,,,,,,,,,,,,,,,,
754,1,DDP,Cafe,Dem_Cafe,,,2045,,,,,1.0,,,,,,,,,,,,,,,,,
754,1,DDP,Cafe,Dem_Cafe,,,2046,,,,,1.0,,,,,,,,,,,,,,,,,
754,1,DDP,Cafe,Dem_Cafe,,,2047,,,,,1.0,,,,,,,,,,,,,,,,,
754,1,DDP,Cafe,Dem_Cafe,,,2048,,,,,1.0,,,,,,,,,,,,,,,,,
754,1,DDP,Cafe,Dem_Cafe,,,2049,,,,,1.0,,,,,,,,,,,,,,,,,
754,1,DDP,Cafe,Dem_Cafe,,,2050,,,,,1.0,,,,,,,,,,,,,,,,,
754,1,DDP,Cafe,Dem_Cafe,,,2051,,,,,1.0,,,,,,,,,,,,,,,,,
754,1,DDP,Cafe,Dem_Cafe,,,2052,,,,,1.0,,,,,,,,,,,,,,,,,
754,1,DDP,Cafe,Dem_Cafe,,,2053,,,,,1.0,,,,,,,,,,,,,,,,,
754,1,DDP,Cafe,Dem_Cafe,,,2054,,,,,1.0,,,,,,,,,,,,,,,,,
754,1,DDP,Cafe,Dem_Cafe,,,2055,,,,,1.0,,,,,,,,,,,,,,,,,
754,1,DDP,Cafe,Dem_Cafe,,,2056,,,,,1.0,,,,,,,,,,,,,,,,,
754,1,DDP,Cafe,Dem_Cafe,,,2057,,,,,1.0,,,,,,,,,,,,,,,,,
754,1,DDP,Cafe,Dem_Cafe,,,2058,,,,,1.0,,,,,,,,,,,,,,,,,
754,1,DDP,Cafe,Dem_Cafe,,,2059,,,,,1.0,,,,,,,,,,,,,,,,,
754,1,DDP,Cafe,Dem_Cafe,,,2060,,,,,1.0,,,,,,,,,,,,,,,,,
754,1,DDP,Cafe,Dem_Cafe,,,2061,,,,,1.0,,,,,,,,,,,,,,,,,
754,1,DDP,Cafe,Dem_Cafe,,,2062,,,,,1.0,,,,,,,,,,,,,,,,,
754,1,DDP,Cafe,Dem_Cafe,,,2063,,,,,1.0,,,,,,,,,,,,,,,,,
754,1,DDP,Cafe,Dem_Cafe,,,2064,,,,,1.0,,,,,,,,,,,,,,,,,
754,1,DDP,Cafe,Dem_Cafe,,,2065,,,,,1.0,,,,,,,,,,,,,,,,,
754,1,DDP,Cafe,Dem_Cafe,,,2066,,,,,1.0,,,,,,,,,,,,,,,,,
754,1,DDP,Cafe,Dem_Cafe,,,2067,,,,,1.0,,,,,,,,,,,,,,,,,
754,1,DDP,Cafe,Dem_Cafe,,,2068,,,,,1.0,,,,,,,,,,,,,,,,,
754,1,DDP,Cafe,Dem_Cafe,,,2069,,,,,1.0,,,,,,,,,,,,,,,,,
754,1,DDP,Cafe,Dem_Cafe,,,2070,,,,,1.0,,,,,,,,,,,,,,,,,
754,1,DDP,Cana,Dem_Cana,,,2018,,,,,1.0,,,,,,,,,,,,,,,,,
754,1,DDP,Cana,Dem_Cana,,,2019,,,,,1.0,,,,,,,,,,,,,,,,,
754,1,DDP,Cana,Dem_Cana,,,2020,,,,,1.0,,,,,,,,,,,,,,,,,
754,1,DDP,Cana,Dem_Cana,,,2021,,,,,1.0,,,,,,,,,,,,,,,,,
754,1,DDP,Cana,Dem_Cana,,,2022,,,,,1.0,,,,,,,,,,,,,,,,,
754,1,DDP,Cana,Dem_Cana,,,2023,,,,,1.0,,,,,,,,,,,,,,,,,
754,1,DDP,Cana,Dem_Cana,,,2024,,,,,1.0,,,,,,,,,,,,,,,,,
754,1,DDP,Cana,Dem_Cana,,,2025,,,,,1.0,,,,,,,,,,,,,,,,,
754,1,DDP,Cana,Dem_Cana,,,2026,,,,,1.0,,,,,,,,,,,,,,,,,
754,1,DDP,Cana,Dem_Cana,,,2027,,,,,1.0,,,,,,,,,,,,,,,,,
754,1,DDP,Cana,Dem_Cana,,,2028,,,,,1.0,,,,,,,,,,,,,,,,,
754,1,DDP,Cana,Dem_Cana,,,2029,,,,,1.0,,,,,,,,,,,,,,,,,
754,1,DDP,Cana,Dem_Cana,,,2030,,,,,1.0,,,,,,,,,,,,,,,,,
754,1,DDP,Cana,Dem_Cana,,,2031,,,,,1.0,,,,,,,,,,,,,,,,,
754,1,DDP,Cana,Dem_Cana,,,2032,,,,,1.0,,,,,,,,,,,,,,,,,
754,1,DDP,Cana,Dem_Cana,,,2033,,,,,1.0,,,,,,,,,,,,,,,,,
754,1,DDP,Cana,Dem_Cana,,,2034,,,,,1.0,,,,,,,,,,,,,,,,,
754,1,DDP,Cana,Dem_Cana,,,2035,,,,,1.0,,,,,,,,,,,,,,,,,
754,1,DDP,Cana,Dem_Cana,,,2036,,,,,1.0,,,,,,,,,,,,,,,,,
754,1,DDP,Cana,Dem_Cana,,,2037,,,,,1.0,,,,,,,,,,,,,,,,,
754,1,DDP,Cana,Dem_Cana,,,2038,,,,,1.0,,,,,,,,,,,,,,,,,
754,1,DDP,Cana,Dem_Cana,,,2039,,,,,1.0,,,,,,,,,,,,,,,,,
754,1,DDP,Cana,Dem_Cana,,,2040,,,,,1.0,,,,,,,,,,,,,,,,,
754,1,DDP,Cana,Dem_Cana,,,2041,,,,,1.0,,,,,,,,,,,,,,,,,
754,1,DDP,Cana,Dem_Cana,,,2042,,,,,1.0,,,,,,,,,,,,,,,,,
754,1,DDP,Cana,Dem_Cana,,,2043,,,,,1.0,,,,,,,,,,,,,,,,,
754,1,DDP,Cana,Dem_Cana,,,2044,,,,,1.0,,,,,,,,,,,,,,,,,
754,1,DDP,Cana,Dem_Cana,,,2045,,,,,1.0,,,,,,,,,,,,,,,,,
754,1,DDP,Cana,Dem_Cana,,,2046,,,,,1.0,,,,,,,,,,,,,,,,,
754,1,DDP,Cana,Dem_Cana,,,2047,,,,,1.0,,,,,,,,,,,,,,,,,
754,1,DDP,Cana,Dem_Cana,,,2048,,,,,1.0,,,,,,,,,,,,,,,,,
754,1,DDP,Cana,Dem_Cana,,,2049,,,,,1.0,,,,,,,,,,,,,,,,,
754,1,DDP,Cana,Dem_Cana,,,2050,,,,,1.0,,,,,,,,,,,,,,,,,
754,1,DDP,Cana,Dem_Cana,,,2051,,,,,1.0,,,,,,,,,,,,,,,,,
754,1,DDP,Cana,Dem_Cana,,,2052,,,,,1.0,,,,,,,,,,,,,,,,,
754,1,DDP,Cana,Dem_Cana,,,2053,,,,,1.0,,,,,,,,,,,,,,,,,
754,1,DDP,Cana,Dem_Cana,,,2054,,,,,1.0,,,,,,,,,,,,,,,,,
754,1,DDP,Cana,Dem_Cana,,,2055,,,,,1.0,,,,,,,,,,,,,,,,,
754,1,DDP,Cana,Dem_Cana,,,2056,,,,,1.0,,,,,,,,,,,,,,,,,
754,1,DDP,Cana,Dem_Cana,,,2057,,,,,1.0,,,,,,,,,,,,,,,,,
754,1,DDP,Cana,Dem_Cana,,,2058,,,,,1.0,,,,,,,,,,,,,,,,,
754,1,DDP,Cana,Dem_Cana,,,2059,,,,,1.0,,,,,,,,,,,,,,,,,
754,1,DDP,Cana,Dem_Cana,,,2060,,,,,1.0,,,,,,,,,,,,,,,,,
754,1,DDP,Cana,Dem_Cana,,,2061,,,,,1.0,,,,,,,,,,,,,,,,,
754,1,DDP,Cana,Dem_Cana,,,2062,,,,,1.0,,,,,,,,,,,,,,,,,
754,1,DDP,Cana,Dem_Cana,,,2063,,,,,1.0,,,,,,,,,,,,,,,,,
754,1,DDP,Cana,Dem_Cana,,,2064,,,,,1.0,,,,,,,,,,,,,,,,,
754,1,DDP,Cana,Dem_Cana,,,2065,,,,,1.0,,,,,,,,,,,,,,,,,
754,1,DDP,Cana,Dem_Cana,,,2066,,,,,1.0,,,,,,,,,,,,,,,,,
754,1,DDP,Cana,Dem_Cana,,,2067,,,,,1.0,,,,,,,,,,,,,,,,,
754,1,DDP,Cana,Dem_Cana,,,2068,,,,,1.0,,,,,,,,,,,,,,,,,
754,1,DDP,Cana,Dem_Cana,,,2069,,,,,1.0,,,,,,,,,,,,,,,,,
754,1,DDP,Cana,Dem_Cana,,,2070,,,,,1.0,,,,,,,,,,,,,,,,,
754,1,DDP,Maiz,Dem_Maiz,,,2018,,,,,1.0,,,,,,,,,,,,,,,,,
754,1,DDP,Maiz,Dem_Maiz,,,2019,,,,,1.0,,,,,,,,,,,,,,,,,
754,1,DDP,Maiz,Dem_Maiz,,,2020,,,,,1.0,,,,,,,,,,,,,,,,,
754,1,DDP,Maiz,Dem_Maiz,,,2021,,,,,1.0,,,,,,,,,,,,,,,,,
754,1,DDP,Maiz,Dem_Maiz,,,2022,,,,,1.0,,,,,,,,,,,,,,,,,
754,1,DDP,Maiz,Dem_Maiz,,,2023,,,,,1.0,,,,,,,,,,,,,,,,,
754,1,DDP,Maiz,Dem_Maiz,,,2024,,,,,1.0,,,,,,,,,,,,,,,,,
754,1,DDP,Maiz,Dem_Maiz,,,2025,,,,,1.0,,,,,,,,,,,,,,,,,
754,1,DDP,Maiz,Dem_Maiz,,,2026,,,,,1.0,,,,,,,,,,,,,,,,,
754,1,DDP,Maiz,Dem_Maiz,,,2027,,,,,1.0,,,,,,,,,,,,,,,,,
754,1,DDP,Maiz,Dem_Maiz,,,2028,,,,,1.0,,,,,,,,,,,,,,,,,
754,1,DDP,Maiz,Dem_Maiz,,,2029,,,,,1.0,,,,,,,,,,,,,,,,,
754,1,DDP,Maiz,Dem_Maiz,,,2030,,,,,1.0,,,,,,,,,,,,,,,,,
754,1,DDP,Maiz,Dem_Maiz,,,2031,,,,,1.0,,,,,,,,,,,,,,,,,
754,1,DDP,Maiz,Dem_Maiz,,,2032,,,,,1.0,,,,,,,,,,,,,,,,,
754,1,DDP,Maiz,Dem_Maiz,,,2033,,,,,1.0,,,,,,,,,,,,,,,,,
754,1,DDP,Maiz,Dem_Maiz,,,2034,,,,,1.0,,,,,,,,,,,,,,,,,
754,1,DDP,Maiz,Dem_Maiz,,,2035,,,,,1.0,,,,,,,,,,,,,,,,,
754,1,DDP,Maiz,Dem_Maiz,,,2036,,,,,1.0,,,,,,,,,,,,,,,,,
754,1,DDP,Maiz,Dem_Maiz,,,2037,,,,,1.0,,,,,,,,,,,,,,,,,
754,1,DDP,Maiz,Dem_Maiz,,,2038,,,,,1.0,,,,,,,,,,,,,,,,,
754,1,DDP,Maiz,Dem_Maiz,,,2039,,,,,1.0,,,,,,,,,,,,,,,,,
754,1,DDP,Maiz,Dem_Maiz,,,2040,,,,,1.0,,,,,,,,,,,,,,,,,
754,1,DDP,Maiz,Dem_Maiz,,,2041,,,,,1.0,,,,,,,,,,,,,,,,,
754,1,DDP,Maiz,Dem_Maiz,,,2042,,,,,1.0,,,,,,,,,,,,,,,,,
754,1,DDP,Maiz,Dem_Maiz,,,2043,,,,,1.0,,,,,,,,,,,,,,,,,
754,1,DDP,Maiz,Dem_Maiz,,,2044,,,,,1.0,,,,,,,,,,,,,,,,,
754,1,DDP,Maiz,Dem_Maiz,,,2045,,,,,1.0,,,,,,,,,,,,,,,,,
754,1,DDP,Maiz,Dem_Maiz,,,2046,,,,,1.0,,,,,,,,,,,,,,,,,
754,1,DDP,Maiz,Dem_Maiz,,,2047,,,,,1.0,,,,,,,,,,,,,,,,,
754,1,DDP,Maiz,Dem_Maiz,,,2048,,,,,1.0,,,,,,,,,,,,,,,,,
754,1,DDP,Maiz,Dem_Maiz,,,2049,,,,,1.0,,,,,,,,,,,,,,,,,
754,1,DDP,Maiz,Dem_Maiz,,,2050,,,,,1.0,,,,,,,,,,,,,,,,,
754,1,DDP,Maiz,Dem_Maiz,,,2051,,,,,1.0,,,,,,,,,,,,,,,,,
754,1,DDP,Maiz,Dem_Maiz,,,2052,,,,,1.0,,,,,,,,,,,,,,,,,
754,1,DDP,Maiz,Dem_Maiz,,,2053,,,,,1.0,,,,,,,,,,,,,,,,,
754,1,DDP,Maiz,Dem_Maiz,,,2054,,,,,1.0,,,,,,,,,,,,,,,,,
754,1,DDP,Maiz,Dem_Maiz,,,2055,,,,,1.0,,,,,,,,,,,,,,,,,
754,1,DDP,Maiz,Dem_Maiz,,,2056,,,,,1.0,,,,,,,,,,,,,,,,,
754,1,DDP,Maiz,Dem_Maiz,,,2057,,,,,1.0,,,,,,,,,,,,,,,,,
754,1,DDP,Maiz,Dem_Maiz,,,2058,,,,,1.0,,,,,,,,,,,,,,,,,
754,1,DDP,Maiz,Dem_Maiz,,,2059,,,,,1.0,,,,,,,,,,,,,,,,,
754,1,DDP,Maiz,Dem_Maiz,,,2060,,,,,1.0,,,,,,,,,,,,,,,,,
754,1,DDP,Maiz,Dem_Maiz,,,2061,,,,,1.0,,,,,,,,,,,,,,,,,
754,1,DDP,Maiz,Dem_Maiz,,,2062,,,,,1.0,,,,,,,,,,,,,,,,,
754,1,DDP,Maiz,Dem_Maiz,,,2063,,,,,1.0,,,,,,,,,,,,,,,,,
754,1,DDP,Maiz,Dem_Maiz,,,2064,,,,,1.0,,,,,,,,,,,,,,,,,
754,1,DDP,Maiz,Dem_Maiz,,,2065,,,,,1.0,,,,,,,,,,,,,,,,,
754,1,DDP,Maiz,Dem_Maiz,,,2066,,,,,1.0,,,,,,,,,,,,,,,,,
754,1,DDP,Maiz,Dem_Maiz,,,2067,,,,,1.0,,,,,,,,,,,,,,,,,
754,1,DDP,Maiz,Dem_Maiz,,,2068,,,,,1.0,,,,,,,,,,,,,,,,,
754,1,DDP,Maiz,Dem_Maiz,,,2069,,,,,1.0,,,,,,,,,,,,,,,,,
754,1,DDP,Maiz,Dem_Maiz,,,2070,,,,,1.0,,,,,,,,,,,,,,,,,
754,1,DDP,Palma,Dem_Palma,,,2018,,,,,1.0,,,,,,,,,,,,,,,,,
754,1,DDP,Palma,Dem_Palma,,,2019,,,,,1.0,,,,,,,,,,,,,,,,,
754,1,DDP,Palma,Dem_Palma,,,2020,,,,,1.0,,,,,,,,,,,,,,,,,
754,1,DDP,Palma,Dem_Palma,,,2021,,,,,1.0,,,,,,,,,,,,,,,,,
754,1,DDP,Palma,Dem_Palma,,,2022,,,,,1.0,,,,,,,,,,,,,,,,,
754,1,DDP,Palma,Dem_Palma,,,2023,,,,,1.0,,,,,,,,,,,,,,,,,
754,1,DDP,Palma,Dem_Palma,,,2024,,,,,1.0,,,,,,,,,,,,,,,,,
754,1,DDP,Palma,Dem_Palma,,,2025,,,,,1.0,,,,,,,,,,,,,,,,,
754,1,DDP,Palma,Dem_Palma,,,2026,,,,,1.0,,,,,,,,,,,,,,,,,
754,1,DDP,Palma,Dem_Palma,,,2027,,,,,1.0,,,,,,,,,,,,,,,,,
754,1,DDP,Palma,Dem_Palma,,,2028,,,,,1.0,,,,,,,,,,,,,,,,,
754,1,DDP,Palma,Dem_Palma,,,2029,,,,,1.0,,,,,,,,,,,,,,,,,
754,1,DDP,Palma,Dem_Palma,,,2030,,,,,1.0,,,,,,,,,,,,,,,,,
754,1,DDP,Palma,Dem_Palma,,,2031,,,,,1.0,,,,,,,,,,,,,,,,,
754,1,DDP,Palma,Dem_Palma,,,2032,,,,,1.0,,,,,,,,,,,,,,,,,
754,1,DDP,Palma,Dem_Palma,,,2033,,,,,1.0,,,,,,,,,,,,,,,,,
754,1,DDP,Palma,Dem_Palma,,,2034,,,,,1.0,,,,,,,,,,,,,,,,,
754,1,DDP,Palma,Dem_Palma,,,2035,,,,,1.0,,,,,,,,,,,,,,,,,
754,1,DDP,Palma,Dem_Palma,,,2036,,,,,1.0,,,,,,,,,,,,,,,,,
754,1,DDP,Palma,Dem_Palma,,,2037,,,,,1.0,,,,,,,,,,,,,,,,,
754,1,DDP,Palma,Dem_Palma,,,2038,,,,,1.0,,,,,,,,,,,,,,,,,
754,1,DDP,Palma,Dem_Palma,,,2039,,,,,1.0,,,,,,,,,,,,,,,,,
754,1,DDP,Palma,Dem_Palma,,,2040,,,,,1.0,,,,,,,,,,,,,,,,,
754,1,DDP,Palma,Dem_Palma,,,2041,,,,,1.0,,,,,,,,,,,,,,,,,
754,1,DDP,Palma,Dem_Palma,,,2042,,,,,1.0,,,,,,,,,,,,,,,,,
754,1,DDP,Palma,Dem_Palma,,,2043,,,,,1.0,,,,,,,,,,,,,,,,,
754,1,DDP,Palma,Dem_Palma,,,2044,,,,,1.0,,,,,,,,,,,,,,,,,
754,1,DDP,Palma,Dem_Palma,,,2045,,,,,1.0,,,,,,,,,,,,,,,,,
754,1,DDP,Palma,Dem_Palma,,,2046,,,,,1.0,,,,,,,,,,,,,,,,,
754,1,DDP,Palma,Dem_Palma,,,2047,,,,,1.0,,,,,,,,,,,,,,,,,
754,1,DDP,Palma,Dem_Palma,,,2048,,,,,1.0,,,,,,,,,,,,,,,,,
754,1,DDP,Palma,Dem_Palma,,,2049,,,,,1.0,,,,,,,,,,,,,,,,,
754,1,DDP,Palma,Dem_Palma,,,2050,,,,,1.0,,,,,,,,,,,,,,,,,
754,1,DDP,Palma,Dem_Palma,,,2051,,,,,1.0,,,,,,,,,,,,,,,,,
754,1,DDP,Palma,Dem_Palma,,,2052,,,,,1.0,,,,,,,,,,,,,,,,,
754,1,DDP,Palma,Dem_Palma,,,2053,,,,,1.0,,,,,,,,,,,,,,,,,
754,1,DDP,Palma,Dem_Palma,,,2054,,,,,1.0,,,,,,,,,,,,,,,,,
754,1,DDP,Palma,Dem_Palma,,,2055,,,,,1.0,,,,,,,,,,,,,,,,,
754,1,DDP,Palma,Dem_Palma,,,2056,,,,,1.0,,,,,,,,,,,,,,,,,
754,1,DDP,Palma,Dem_Palma,,,2057,,,,,1.0,,,,,,,,,,,,,,,,,
754,1,DDP,Palma,Dem_Palma,,,2058,,,,,1.0,,,,,,,,,,,,,,,,,
754,1,DDP,Palma,Dem_Palma,,,2059,,,,,1.0,,,,,,,,,,,,,,,,,
754,1,DDP,Palma,Dem_Palma,,,2060,,,,,1.0,,,,,,,,,,,,,,,,,
754,1,DDP,Palma,Dem_Palma,,,2061,,,,,1.0,,,,,,,,,,,,,,,,,
754,1,DDP,Palma,Dem_Palma,,,2062,,,,,1.0,,,,,,,,,,,,,,,,,
754,1,DDP,Palma,Dem_Palma,,,2063,,,,,1.0,,,,,,,,,,,,,,,,,
754,1,DDP,Palma,Dem_Palma,,,2064,,,,,1.0,,,,,,,,,,,,,,,,,
754,1,DDP,Palma,Dem_Palma,,,2065,,,,,1.0,,,,,,,,,,,,,,,,,
754,1,DDP,Palma,Dem_Palma,,,2066,,,,,1.0,,,,,,,,,,,,,,,,,
754,1,DDP,Palma,Dem_Palma,,,2067,,,,,1.0,,,,,,,,,,,,,,,,,
754,1,DDP,Palma,Dem_Palma,,,2068,,,,,1.0,,,,,,,,,,,,,,,,,
754,1,DDP,Palma,Dem_Palma,,,2069,,,,,1.0,,,,,,,,,,,,,,,,,
754,1,DDP,Palma,Dem_Palma,,,2070,,,,,1.0,,,,,,,,,,,,,,,,,
754,1,DDP,Soya,Dem_Soya,,,2018,,,,,1.0,,,,,,,,,,,,,,,,,
754,1,DDP,Soya,Dem_Soya,,,2019,,,,,1.0,,,,,,,,,,,,,,,,,
754,1,DDP,Soya,Dem_Soya,,,2020,,,,,1.0,,,,,,,,,,,,,,,,,
754,1,DDP,Soya,Dem_Soya,,,2021,,,,,1.0,,,,,,,,,,,,,,,,,
754,1,DDP,Soya,Dem_Soya,,,2022,,,,,1.0,,,,,,,,,,,,,,,,,
754,1,DDP,Soya,Dem_Soya,,,2023,,,,,1.0,,,,,,,,,,,,,,,,,
754,1,DDP,Soya,Dem_Soya,,,2024,,,,,1.0,,,,,,,,,,,,,,,,,
754,1,DDP,Soya,Dem_Soya,,,2025,,,,,1.0,,,,,,,,,,,,,,,,,
754,1,DDP,Soya,Dem_Soya,,,2026,,,,,1.0,,,,,,,,,,,,,,,,,
754,1,DDP,Soya,Dem_Soya,,,2027,,,,,1.0,,,,,,,,,,,,,,,,,
754,1,DDP,Soya,Dem_Soya,,,2028,,,,,1.0,,,,,,,,,,,,,,,,,
754,1,DDP,Soya,Dem_Soya,,,2029,,,,,1.0,,,,,,,,,,,,,,,,,
754,1,DDP,Soya,Dem_Soya,,,2030,,,,,1.0,,,,,,,,,,,,,,,,,
754,1,DDP,Soya,Dem_Soya,,,2031,,,,,1.0,,,,,,,,,,,,,,,,,
754,1,DDP,Soya,Dem_Soya,,,2032,,,,,1.0,,,,,,,,,,,,,,,,,
754,1,DDP,Soya,Dem_Soya,,,2033,,,,,1.0,,,,,,,,,,,,,,,,,
754,1,DDP,Soya,Dem_Soya,,,2034,,,,,1.0,,,,,,,,,,,,,,,,,
754,1,DDP,Soya,Dem_Soya,,,2035,,,,,1.0,,,,,,,,,,,,,,,,,
754,1,DDP,Soya,Dem_Soya,,,2036,,,,,1.0,,,,,,,,,,,,,,,,,
754,1,DDP,Soya,Dem_Soya,,,2037,,,,,1.0,,,,,,,,,,,,,,,,,
754,1,DDP,Soya,Dem_Soya,,,2038,,,,,1.0,,,,,,,,,,,,,,,,,
754,1,DDP,Soya,Dem_Soya,,,2039,,,,,1.0,,,,,,,,,,,,,,,,,
754,1,DDP,Soya,Dem_Soya,,,2040,,,,,1.0,,,,,,,,,,,,,,,,,
754,1,DDP,Soya,Dem_Soya,,,2041,,,,,1.0,,,,,,,,,,,,,,,,,
754,1,DDP,Soya,Dem_Soya,,,2042,,,,,1.0,,,,,,,,,,,,,,,,,
754,1,DDP,Soya,Dem_Soya,,,2043,,,,,1.0,,,,,,,,,,,,,,,,,
754,1,DDP,Soya,Dem_Soya,,,2044,,,,,1.0,,,,,,,,,,,,,,,,,
754,1,DDP,Soya,Dem_Soya,,,2045,,,,,1.0,,,,,,,,,,,,,,,,,
754,1,DDP,Soya,Dem_Soya,,,2046,,,,,1.0,,,,,,,,,,,,,,,,,
754,1,DDP,Soya,Dem_Soya,,,2047,,,,,1.0,,,,,,,,,,,,,,,,,
754,1,DDP,Soya,Dem_Soya,,,2048,,,,,1.0,,,,,,,,,,,,,,,,,
754,1,DDP,Soya,Dem_Soya,,,2049,,,,,1.0,,,,,,,,,,,,,,,,,
754,1,DDP,Soya,Dem_Soya,,,2050,,,,,1.0,,,,,,,,,,,,,,,,,
754,1,DDP,Soya,Dem_Soya,,,2051,,,,,1.0,,,,,,,,,,,,,,,,,
754,1,DDP,Soya,Dem_Soya,,,2052,,,,,1.0,,,,,,,,,,,,,,,,,
754,1,DDP,Soya,Dem_Soya,,,2053,,,,,1.0,,,,,,,,,,,,,,,,,
754,1,DDP,Soya,Dem_Soya,,,2054,,,,,1.0,,,,,,,,,,,,,,,,,
754,1,DDP,Soya,Dem_Soya,,,2055,,,,,1.0,,,,,,,,,,,,,,,,,
754,1,DDP,Soya,Dem_Soya,,,2056,,,,,1.0,,,,,,,,,,,,,,,,,
754,1,DDP,Soya,Dem_Soya,,,2057,,,,,1.0,,,,,,,,,,,,,,,,,
754,1,DDP,Soya,Dem_Soya,,,2058,,,,,1.0,,,,,,,,,,,,,,,,,
754,1,DDP,Soya,Dem_Soya,,,2059,,,,,1.0,,,,,,,,,,,,,,,,,
754,1,DDP,Soya,Dem_Soya,,,2060,,,,,1.0,,,,,,,,,,,,,,,,,
754,1,DDP,Soya,Dem_Soya,,,2061,,,,,1.0,,,,,,,,,,,,,,,,,
754,1,DDP,Soya,Dem_Soya,,,2062,,,,,1.0,,,,,,,,,,,,,,,,,
754,1,DDP,Soya,Dem_Soya,,,2063,,,,,1.0,,,,,,,,,,,,,,,,,
754,1,DDP,Soya,Dem_Soya,,,2064,,,,,1.0,,,,,,,,,,,,,,,,,
754,1,DDP,Soya,Dem_Soya,,,2065,,,,,1.0,,,,,,,,,,,,,,,,,
754,1,DDP,Soya,Dem_Soya,,,2066,,,,,1.0,,,,,,,,,,,,,,,,,
754,1,DDP,Soya,Dem_Soya,,,2067,,,,,1.0,,,,,,,,,,,,,,,,,
754,1,DDP,Soya,Dem_Soya,,,2068,,,,,1.0,,,,,,,,,,,,,,,,,
754,1,DDP,Soya,Dem_Soya,,,2069,,,,,1.0,,,,,,,,,,,,,,,,,
754,1,DDP,Soya,Dem_Soya,,,2070,,,,,1.0,,,,,,,,,,,,,,,,,
754,1,DDP,Palmito,Dem_Palmito,,,2018,,,,,1.0,,,,,,,,,,,,,,,,,
754,1,DDP,Palmito,Dem_Palmito,,,2019,,,,,1.0,,,,,,,,,,,,,,,,,
754,1,DDP,Palmito,Dem_Palmito,,,2020,,,,,1.0,,,,,,,,,,,,,,,,,
754,1,DDP,Palmito,Dem_Palmito,,,2021,,,,,1.0,,,,,,,,,,,,,,,,,
754,1,DDP,Palmito,Dem_Palmito,,,2022,,,,,1.0,,,,,,,,,,,,,,,,,
754,1,DDP,Palmito,Dem_Palmito,,,2023,,,,,1.0,,,,,,,,,,,,,,,,,
754,1,DDP,Palmito,Dem_Palmito,,,2024,,,,,1.0,,,,,,,,,,,,,,,,,
754,1,DDP,Palmito,Dem_Palmito,,,2025,,,,,1.0,,,,,,,,,,,,,,,,,
754,1,DDP,Palmito,Dem_Palmito,,,2026,,,,,1.0,,,,,,,,,,,,,,,,,
754,1,DDP,Palmito,Dem_Palmito,,,2027,,,,,1.0,,,,,,,,,,,,,,,,,
754,1,DDP,Palmito,Dem_Palmito,,,2028,,,,,1.0,,,,,,,,,,,,,,,,,
754,1,DDP,Palmito,Dem_Palmito,,,2029,,,,,1.0,,,,,,,,,,,,,,,,,
754,1,DDP,Palmito,Dem_Palmito,,,2030,,,,,1.0,,,,,,,,,,,,,,,,,
754,1,DDP,Palmito,Dem_Palmito,,,2031,,,,,1.0,,,,,,,,,,,,,,,,,
754,1,DDP,Palmito,Dem_Palmito,,,2032,,,,,1.0,,,,,,,,,,,,,,,,,
754,1,DDP,Palmito,Dem_Palmito,,,2033,,,,,1.0,,,,,,,,,,,,,,,,,
754,1,DDP,Palmito,Dem_Palmito,,,2034,,,,,1.0,,,,,,,,,,,,,,,,,
754,1,DDP,Palmito,Dem_Palmito,,,2035,,,,,1.0,,,,,,,,,,,,,,,,,
754,1,DDP,Palmito,Dem_Palmito,,,2036,,,,,1.0,,,,,,,,,,,,,,,,,
754,1,DDP,Palmito,Dem_Palmito,,,2037,,,,,1.0,,,,,,,,,,,,,,,,,
754,1,DDP,Palmito,Dem_Palmito,,,2038,,,,,1.0,,,,,,,,,,,,,,,,,
754,1,DDP,Palmito,Dem_Palmito,,,2039,,,,,1.0,,,,,,,,,,,,,,,,,
754,1,DDP,Palmito,Dem_Palmito,,,2040,,,,,1.0,,,,,,,,,,,,,,,,,
754,1,DDP,Palmito,Dem_Palmito,,,2041,,,,,1.0,,,,,,,,,,,,,,,,,
754,1,DDP,Palmito,Dem_Palmito,,,2042,,,,,1.0,,,,,,,,,,,,,,,,,
754,1,DDP,Palmito,Dem_Palmito,,,2043,,,,,1.0,,,,,,,,,,,,,,,,,
754,1,DDP,Palmito,Dem_Palmito,,,2044,,,,,1.0,,,,,,,,,,,,,,,,,
754,1,DDP,Palmito,Dem_Palmito,,,2045,,,,,1.0,,,,,,,,,,,,,,,,,
754,1,DDP,Palmito,Dem_Palmito,,,2046,,,,,1.0,,,,,,,,,,,,,,,,,
754,1,DDP,Palmito,Dem_Palmito,,,2047,,,,,1.0,,,,,,,,,,,,,,,,,
754,1,DDP,Palmito,Dem_Palmito,,,2048,,,,,1.0,,,,,,,,,,,,,,,,,
754,1,DDP,Palmito,Dem_Palmito,,,2049,,,,,1.0,,,,,,,,,,,,,,,,,
754,1,DDP,Palmito,Dem_Palmito,,,2050,,,,,1.0,,,,,,,,,,,,,,,,,
754,1,DDP,Palmito,Dem_Palmito,,,2051,,,,,1.0,,,,,,,,,,,,,,,,,
754,1,DDP,Palmito,Dem_Palmito,,,2052,,,,,1.0,,,,,,,,,,,,,,,,,
754,1,DDP,Palmito,Dem_Palmito,,,2053,,,,,1.0,,,,,,,,,,,,,,,,,
754,1,DDP,Palmito,Dem_Palmito,,,2054,,,,,1.0,,,,,,,,,,,,,,,,,
754,1,DDP,Palmito,Dem_Palmito,,,2055,,,,,1.0,,,,,,,,,,,,,,,,,
754,1,DDP,Palmito,Dem_Palmito,,,2056,,,,,1.0,,,,,,,,,,,,,,,,,
754,1,DDP,Palmito,Dem_Palmito,,,2057,,,,,1.0,,,,,,,,,,,,,,,,,
754,1,DDP,Palmito,Dem_Palmito,,,2058,,,,,1.0,,,,,,,,,,,,,,,,,
754,1,DDP,Palmito,Dem_Palmito,,,2059,,,,,1.0,,,,,,,,,,,,,,,,,
754,1,DDP,Palmito,Dem_Palmito,,,2060,,,,,1.0,,,,,,,,,,,,,,,,,
754,1,DDP,Palmito,Dem_Palmito,,,2061,,,,,1.0,,,,,,,,,,,,,,,,,
754,1,DDP,Palmito,Dem_Palmito,,,2062,,,,,1.0,,,,,,,,,,,,,,,,,
754,1,DDP,Palmito,Dem_Palmito,,,2063,,,,,1.0,,,,,,,,,,,,,,,,,
754,1,DDP,Palmito,Dem_Palmito,,,2064,,,,,1.0,,,,,,,,,,,,,,,,,
754,1,DDP,Palmito,Dem_Palmito,,,2065,,,,,1.0,,,,,,,,,,,,,,,,,
754,1,DDP,Palmito,Dem_Palmito,,,2066,,,,,1.0,,,,,,,,,,,,,,,,,
754,1,DDP,Palmito,Dem_Palmito,,,2067,,,,,1.0,,,,,,,,,,,,,,,,,
754,1,DDP,Palmito,Dem_Palmito,,,2068,,,,,1.0,,,,,,,,,,,,,,,,,
754,1,DDP,Palmito,Dem_Palmito,,,2069,,,,,1.0,,,,,,,,,,,,,,,,,
754,1,DDP,Palmito,Dem_Palmito,,,2070,,,,,1.0,,,,,,,,,,,,,,,,,
754,1,DDP,Legumbres,Dem_Legumbres,,,2018,,,,,1.0,,,,,,,,,,,,,,,,,
754,1,DDP,Legumbres,Dem_Legumbres,,,2019,,,,,1.0,,,,,,,,,,,,,,,,,
754,1,DDP,Legumbres,Dem_Legumbres,,,2020,,,,,1.0,,,,,,,,,,,,,,,,,
754,1,DDP,Legumbres,Dem_Legumbres,,,2021,,,,,1.0,,,,,,,,,,,,,,,,,
754,1,DDP,Legumbres,Dem_Legumbres,,,2022,,,,,1.0,,,,,,,,,,,,,,,,,
754,1,DDP,Legumbres,Dem_Legumbres,,,2023,,,,,1.0,,,,,,,,,,,,,,,,,
754,1,DDP,Legumbres,Dem_Legumbres,,,2024,,,,,1.0,,,,,,,,,,,,,,,,,
754,1,DDP,Legumbres,Dem_Legumbres,,,2025,,,,,1.0,,,,,,,,,,,,,,,,,
754,1,DDP,Legumbres,Dem_Legumbres,,,2026,,,,,1.0,,,,,,,,,,,,,,,,,
754,1,DDP,Legumbres,Dem_Legumbres,,,2027,,,,,1.0,,,,,,,,,,,,,,,,,
754,1,DDP,Legumbres,Dem_Legumbres,,,2028,,,,,1.0,,,,,,,,,,,,,,,,,
754,1,DDP,Legumbres,Dem_Legumbres,,,2029,,,,,1.0,,,,,,,,,,,,,,,,,
754,1,DDP,Legumbres,Dem_Legumbres,,,2030,,,,,1.0,,,,,,,,,,,,,,,,,
754,1,DDP,Legumbres,Dem_Legumbres,,,2031,,,,,1.0,,,,,,,,,,,,,,,,,
754,1,DDP,Legumbres,Dem_Legumbres,,,2032,,,,,1.0,,,,,,,,,,,,,,,,,
754,1,DDP,Legumbres,Dem_Legumbres,,,2033,,,,,1.0,,,,,,,,,,,,,,,,,
754,1,DDP,Legumbres,Dem_Legumbres,,,2034,,,,,1.0,,,,,,,,,,,,,,,,,
754,1,DDP,Legumbres,Dem_Legumbres,,,2035,,,,,1.0,,,,,,,,,,,,,,,,,
754,1,DDP,Legumbres,Dem_Legumbres,,,2036,,,,,1.0,,,,,,,,,,,,,,,,,
754,1,DDP,Legumbres,Dem_Legumbres,,,2037,,,,,1.0,,,,,,,,,,,,,,,,,
754,1,DDP,Legumbres,Dem_Legumbres,,,2038,,,,,1.0,,,,,,,,,,,,,,,,,
754,1,DDP,Legumbres,Dem_Legumbres,,,2039,,,,,1.0,,,,,,,,,,,,,,,,,
754,1,DDP,Legumbres,Dem_Legumbres,,,2040,,,,,1.0,,,,,,,,,,,,,,,,,
754,1,DDP,Legumbres,Dem_Legumbres,,,2041,,,,,1.0,,,,,,,,,,,,,,,,,
754,1,DDP,Legumbres,Dem_Legumbres,,,2042,,,,,1.0,,,,,,,,,,,,,,,,,
754,1,DDP,Legumbres,Dem_Legumbres,,,2043,,,,,1.0,,,,,,,,,,,,,,,,,
754,1,DDP,Legumbres,Dem_Legumbres,,,2044,,,,,1.0,,,,,,,,,,,,,,,,,
754,1,DDP,Legumbres,Dem_Legumbres,,,2045,,,,,1.0,,,,,,,,,,,,,,,,,
754,1,DDP,Legumbres,Dem_Legumbres,,,2046,,,,,1.0,,,,,,,,,,,,,,,,,
754,1,DDP,Legumbres,Dem_Legumbres,,,2047,,,,,1.0,,,,,,,,,,,,,,,,,
754,1,DDP,Legumbres,Dem_Legumbres,,,2048,,,,,1.0,,,,,,,,,,,,,,,,,
754,1,DDP,Legumbres,Dem_Legumbres,,,2049,,,,,1.0,,,,,,,,,,,,,,,,,
754,1,DDP,Legumbres,Dem_Legumbres,,,2050,,,,,1.0,,,,,,,,,,,,,,,,,
754,1,DDP,Legumbres,Dem_Legumbres,,,2051,,,,,1.0,,,,,,,,,,,,,,,,,
754,1,DDP,Legumbres,Dem_Legumbres,,,2052,,,,,1.0,,,,,,,,,,,,,,,,,
754,1,DDP,Legumbres,Dem_Legumbres,,,2053,,,,,1.0,,,,,,,,,,,,,,,,,
754,1,DDP,Legumbres,Dem_Legumbres,,,2054,,,,,1.0,,,,,,,,,,,,,,,,,
754,1,DDP,Legumbres,Dem_Legumbres,,,2055,,,,,1.0,,,,,,,,,,,,,,,,,
754,1,DDP,Legumbres,Dem_Legumbres,,,2056,,,,,1.0,,,,,,,,,,,,,,,,,
754,1,DDP,Legumbres,Dem_Legumbres,,,2057,,,,,1.0,,,,,,,,,,,,,,,,,
754,1,DDP,Legumbres,Dem_Legumbres,,,2058,,,,,1.0,,,,,,,,,,,,,,,,,
754,1,DDP,Legumbres,Dem_Legumbres,,,2059,,,,,1.0,,,,,,,,,,,,,,,,,
754,1,DDP,Legumbres,Dem_Legumbres,,,2060,,,,,1.0,,,,,,,,,,,,,,,,,
754,1,DDP,Legumbres,Dem_Legumbres,,,2061,,,,,1.0,,,,,,,,,,,,,,,,,
754,1,DDP,Legumbres,Dem_Legumbres,,,2062,,,,,1.0,,,,,,,,,,,,,,,,,
754,1,DDP,Legumbres,Dem_Legumbres,,,2063,,,,,1.0,,,,,,,,,,,,,,,,,
754,1,DDP,Legumbres,Dem_Legumbres,,,2064,,,,,1.0,,,,,,,,,,,,,,,,,
754,1,DDP,Legumbres,Dem_Legumbres,,,2065,,,,,1.0,,,,,,,,,,,,,,,,,
754,1,DDP,Legumbres,Dem_Legumbres,,,2066,,,,,1.0,,,,,,,,,,,,,,,,,
754,1,DDP,Legumbres,Dem_Legumbres,,,2067,,,,,1.0,,,,,,,,,,,,,,,,,
754,1,DDP,Legumbres,Dem_Legumbres,,,2068,,,,,1.0,,,,,,,,,,,,,,,,,
754,1,DDP,Legumbres,Dem_Legumbres,,,2069,,,,,1.0,,,,,,,,,,,,,,,,,
754,1,DDP,Legumbres,Dem_Legumbres,,,2070,,,,,1.0,,,,,,,,,,,,,,,,,
754,1,DDP,Cereales,Dem_Cereales,,,2018,,,,,1.0,,,,,,,,,,,,,,,,,
754,1,DDP,Cereales,Dem_Cereales,,,2019,,,,,1.0,,,,,,,,,,,,,,,,,
754,1,DDP,Cereales,Dem_Cereales,,,2020,,,,,1.0,,,,,,,,,,,,,,,,,
754,1,DDP,Cereales,Dem_Cereales,,,2021,,,,,1.0,,,,,,,,,,,,,,,,,
754,1,DDP,Cereales,Dem_Cereales,,,2022,,,,,1.0,,,,,,,,,,,,,,,,,
754,1,DDP,Cereales,Dem_Cereales,,,2023,,,,,1.0,,,,,,,,,,,,,,,,,
754,1,DDP,Cereales,Dem_Cereales,,,2024,,,,,1.0,,,,,,,,,,,,,,,,,
754,1,DDP,Cereales,Dem_Cereales,,,2025,,,,,1.0,,,,,,,,,,,,,,,,,
754,1,DDP,Cereales,Dem_Cereales,,,2026,,,,,1.0,,,,,,,,,,,,,,,,,
754,1,DDP,Cereales,Dem_Cereales,,,2027,,,,,1.0,,,,,,,,,,,,,,,,,
754,1,DDP,Cereales,Dem_Cereales,,,2028,,,,,1.0,,,,,,,,,,,,,,,,,
754,1,DDP,Cereales,Dem_Cereales,,,2029,,,,,1.0,,,,,,,,,,,,,,,,,
754,1,DDP,Cereales,Dem_Cereales,,,2030,,,,,1.0,,,,,,,,,,,,,,,,,
754,1,DDP,Cereales,Dem_Cereales,,,2031,,,,,1.0,,,,,,,,,,,,,,,,,
754,1,DDP,Cereales,Dem_Cereales,,,2032,,,,,1.0,,,,,,,,,,,,,,,,,
754,1,DDP,Cereales,Dem_Cereales,,,2033,,,,,1.0,,,,,,,,,,,,,,,,,
754,1,DDP,Cereales,Dem_Cereales,,,2034,,,,,1.0,,,,,,,,,,,,,,,,,
754,1,DDP,Cereales,Dem_Cereales,,,2035,,,,,1.0,,,,,,,,,,,,,,,,,
754,1,DDP,Cereales,Dem_Cereales,,,2036,,,,,1.0,,,,,,,,,,,,,,,,,
754,1,DDP,Cereales,Dem_Cereales,,,2037,,,,,1.0,,,,,,,,,,,,,,,,,
754,1,DDP,Cereales,Dem_Cereales,,,2038,,,,,1.0,,,,,,,,,,,,,,,,,
754,1,DDP,Cereales,Dem_Cereales,,,2039,,,,,1.0,,,,,,,,,,,,,,,,,
754,1,DDP,Cereales,Dem_Cereales,,,2040,,,,,1.0,,,,,,,,,,,,,,,,,
754,1,DDP,Cereales,Dem_Cereales,,,2041,,,,,1.0,,,,,,,,,,,,,,,,,
754,1,DDP,Cereales,Dem_Cereales,,,2042,,,,,1.0,,,,,,,,,,,,,,,,,
754,1,DDP,Cereales,Dem_Cereales,,,2043,,,,,1.0,,,,,,,,,,,,,,,,,
754,1,DDP,Cereales,Dem_Cereales,,,2044,,,,,1.0,,,,,,,,,,,,,,,,,
754,1,DDP,Cereales,Dem_Cereales,,,2045,,,,,1.0,,,,,,,,,,,,,,,,,
754,1,DDP,Cereales,Dem_Cereales,,,2046,,,,,1.0,,,,,,,,,,,,,,,,,
754,1,DDP,Cereales,Dem_Cereales,,,2047,,,,,1.0,,,,,,,,,,,,,,,,,
754,1,DDP,Cereales,Dem_Cereales,,,2048,,,,,1.0,,,,,,,,,,,,,,,,,
754,1,DDP,Cereales,Dem_Cereales,,,2049,,,,,1.0,,,,,,,,,,,,,,,,,
754,1,DDP,Cereales,Dem_Cereales,,,2050,,,,,1.0,,,,,,,,,,,,,,,,,
754,1,DDP,Cereales,Dem_Cereales,,,2051,,,,,1.0,,,,,,,,,,,,,,,,,
754,1,DDP,Cereales,Dem_Cereales,,,2052,,,,,1.0,,,,,,,,,,,,,,,,,
754,1,DDP,Cereales,Dem_Cereales,,,2053,,,,,1.0,,,,,,,,,,,,,,,,,
754,1,DDP,Cereales,Dem_Cereales,,,2054,,,,,1.0,,,,,,,,,,,,,,,,,
754,1,DDP,Cereales,Dem_Cereales,,,2055,,,,,1.0,,,,,,,,,,,,,,,,,
754,1,DDP,Cereales,Dem_Cereales,,,2056,,,,,1.0,,,,,,,,,,,,,,,,,
754,1,DDP,Cereales,Dem_Cereales,,,2057,,,,,1.0,,,,,,,,,,,,,,,,,
754,1,DDP,Cereales,Dem_Cereales,,,2058,,,,,1.0,,,,,,,,,,,,,,,,,
754,1,DDP,Cereales,Dem_Cereales,,,2059,,,,,1.0,,,,,,,,,,,,,,,,,
754,1,DDP,Cereales,Dem_Cereales,,,2060,,,,,1.0,,,,,,,,,,,,,,,,,
754,1,DDP,Cereales,Dem_Cereales,,,2061,,,,,1.0,,,,,,,,,,,,,,,,,
754,1,DDP,Cereales,Dem_Cereales,,,2062,,,,,1.0,,,,,,,,,,,,,,,,,
754,1,DDP,Cereales,Dem_Cereales,,,2063,,,,,1.0,,,,,,,,,,,,,,,,,
754,1,DDP,Cereales,Dem_Cereales,,,2064,,,,,1.0,,,,,,,,,,,,,,,,,
754,1,DDP,Cereales,Dem_Cereales,,,2065,,,,,1.0,,,,,,,,,,,,,,,,,
754,1,DDP,Cereales,Dem_Cereales,,,2066,,,,,1.0,,,,,,,,,,,,,,,,,
754,1,DDP,Cereales,Dem_Cereales,,,2067,,,,,1.0,,,,,,,,,,,,,,,,,
754,1,DDP,Cereales,Dem_Cereales,,,2068,,,,,1.0,,,,,,,,,,,,,,,,,
754,1,DDP,Cereales,Dem_Cereales,,,2069,,,,,1.0,,,,,,,,,,,,,,,,,
754,1,DDP,Cereales,Dem_Cereales,,,2070,,,,,1.0,,,,,,,,,,,,,,,,,
754,1,DDP,Tuberculos,Dem_Tuberculos,,,2018,,,,,1.0,,,,,,,,,,,,,,,,,
754,1,DDP,Tuberculos,Dem_Tuberculos,,,2019,,,,,1.0,,,,,,,,,,,,,,,,,
754,1,DDP,Tuberculos,Dem_Tuberculos,,,2020,,,,,1.0,,,,,,,,,,,,,,,,,
754,1,DDP,Tuberculos,Dem_Tuberculos,,,2021,,,,,1.0,,,,,,,,,,,,,,,,,
754,1,DDP,Tuberculos,Dem_Tuberculos,,,2022,,,,,1.0,,,,,,,,,,,,,,,,,
754,1,DDP,Tuberculos,Dem_Tuberculos,,,2023,,,,,1.0,,,,,,,,,,,,,,,,,
754,1,DDP,Tuberculos,Dem_Tuberculos,,,2024,,,,,1.0,,,,,,,,,,,,,,,,,
754,1,DDP,Tuberculos,Dem_Tuberculos,,,2025,,,,,1.0,,,,,,,,,,,,,,,,,
754,1,DDP,Tuberculos,Dem_Tuberculos,,,2026,,,,,1.0,,,,,,,,,,,,,,,,,
754,1,DDP,Tuberculos,Dem_Tuberculos,,,2027,,,,,1.0,,,,,,,,,,,,,,,,,
754,1,DDP,Tuberculos,Dem_Tuberculos,,,2028,,,,,1.0,,,,,,,,,,,,,,,,,
754,1,DDP,Tuberculos,Dem_Tuberculos,,,2029,,,,,1.0,,,,,,,,,,,,,,,,,
754,1,DDP,Tuberculos,Dem_Tuberculos,,,2030,,,,,1.0,,,,,,,,,,,,,,,,,
754,1,DDP,Tuberculos,Dem_Tuberculos,,,2031,,,,,1.0,,,,,,,,,,,,,,,,,
754,1,DDP,Tuberculos,Dem_Tuberculos,,,2032,,,,,1.0,,,,,,,,,,,,,,,,,
754,1,DDP,Tuberculos,Dem_Tuberculos,,,2033,,,,,1.0,,,,,,,,,,,,,,,,,
754,1,DDP,Tuberculos,Dem_Tuberculos,,,2034,,,,,1.0,,,,,,,,,,,,,,,,,
754,1,DDP,Tuberculos,Dem_Tuberculos,,,2035,,,,,1.0,,,,,,,,,,,,,,,,,
754,1,DDP,Tuberculos,Dem_Tuberculos,,,2036,,,,,1.0,,,,,,,,,,,,,,,,,
754,1,DDP,Tuberculos,Dem_Tuberculos,,,2037,,,,,1.0,,,,,,,,,,,,,,,,,
754,1,DDP,Tuberculos,Dem_Tuberculos,,,2038,,,,,1.0,,,,,,,,,,,,,,,,,
754,1,DDP,Tuberculos,Dem_Tuberculos,,,2039,,,,,1.0,,,,,,,,,,,,,,,,,
754,1,DDP,Tuberculos,Dem_Tuberculos,,,2040,,,,,1.0,,,,,,,,,,,,,,,,,
754,1,DDP,Tuberculos,Dem_Tuberculos,,,2041,,,,,1.0,,,,,,,,,,,,,,,,,
754,1,DDP,Tuberculos,Dem_Tuberculos,,,2042,,,,,1.0,,,,,,,,,,,,,,,,,
754,1,DDP,Tuberculos,Dem_Tuberculos,,,2043,,,,,1.0,,,,,,,,,,,,,,,,,
754,1,DDP,Tuberculos,Dem_Tuberculos,,,2044,,,,,1.0,,,,,,,,,,,,,,,,,
754,1,DDP,Tuberculos,Dem_Tuberculos,,,2045,,,,,1.0,,,,,,,,,,,,,,,,,
754,1,DDP,Tuberculos,Dem_Tuberculos,,,2046,,,,,1.0,,,,,,,,,,,,,,,,,
754,1,DDP,Tuberculos,Dem_Tuberculos,,,2047,,,,,1.0,,,,,,,,,,,,,,,,,
754,1,DDP,Tuberculos,Dem_Tuberculos,,,2048,,,,,1.0,,,,,,,,,,,,,,,,,
754,1,DDP,Tuberculos,Dem_Tuberculos,,,2049,,,,,1.0,,,,,,,,,,,,,,,,,
754,1,DDP,Tuberculos,Dem_Tuberculos,,,2050,,,,,1.0,,,,,,,,,,,,,,,,,
754,1,DDP,Tuberculos,Dem_Tuberculos,,,2051,,,,,1.0,,,,,,,,,,,,,,,,,
754,1,DDP,Tuberculos,Dem_Tuberculos,,,2052,,,,,1.0,,,,,,,,,,,,,,,,,
754,1,DDP,Tuberculos,Dem_Tuberculos,,,2053,,,,,1.0,,,,,,,,,,,,,,,,,
754,1,DDP,Tuberculos,Dem_Tuberculos,,,2054,,,,,1.0,,,,,,,,,,,,,,,,,
754,1,DDP,Tuberculos,Dem_Tuberculos,,,2055,,,,,1.0,,,,,,,,,,,,,,,,,
754,1,DDP,Tuberculos,Dem_Tuberculos,,,2056,,,,,1.0,,,,,,,,,,,,,,,,,
754,1,DDP,Tuberculos,Dem_Tuberculos,,,2057,,,,,1.0,,,,,,,,,,,,,,,,,
754,1,DDP,Tuberculos,Dem_Tuberculos,,,2058,,,,,1.0,,,,,,,,,,,,,,,,,
754,1,DDP,Tuberculos,Dem_Tuberculos,,,2059,,,,,1.0,,,,,,,,,,,,,,,,,
754,1,DDP,Tuberculos,Dem_Tuberculos,,,2060,,,,,1.0,,,,,,,,,,,,,,,,,
754,1,DDP,Tuberculos,Dem_Tuberculos,,,2061,,,,,1.0,,,,,,,,,,,,,,,,,
754,1,DDP,Tuberculos,Dem_Tuberculos,,,2062,,,,,1.0,,,,,,,,,,,,,,,,,
754,1,DDP,Tuberculos,Dem_Tuberculos,,,2063,,,,,1.0,,,,,,,,,,,,,,,,,
754,1,DDP,Tuberculos,Dem_Tuberculos,,,2064,,,,,1.0,,,,,,,,,,,,,,,,,
754,1,DDP,Tuberculos,Dem_Tuberculos,,,2065,,,,,1.0,,,,,,,,,,,,,,,,,
754,1,DDP,Tuberculos,Dem_Tuberculos,,,2066,,,,,1.0,,,,,,,,,,,,,,,,,
754,1,DDP,Tuberculos,Dem_Tuberculos,,,2067,,,,,1.0,,,,,,,,,,,,,,,,,
754,1,DDP,Tuberculos,Dem_Tuberculos,,,2068,,,,,1.0,,,,,,,,,,,,,,,,,
754,1,DDP,Tuberculos,Dem_Tuberculos,,,2069,,,,,1.0,,,,,,,,,,,,,,,,,
754,1,DDP,Tuberculos,Dem_Tuberculos,,,2070,,,,,1.0,,,,,,,,,,,,,,,,,
754,1,DDP,Fruta,Dem_Fruta,,,2018,,,,,1.0,,,,,,,,,,,,,,,,,
754,1,DDP,Fruta,Dem_Fruta,,,2019,,,,,1.0,,,,,,,,,,,,,,,,,
754,1,DDP,Fruta,Dem_Fruta,,,2020,,,,,1.0,,,,,,,,,,,,,,,,,
754,1,DDP,Fruta,Dem_Fruta,,,2021,,,,,1.0,,,,,,,,,,,,,,,,,
754,1,DDP,Fruta,Dem_Fruta,,,2022,,,,,1.0,,,,,,,,,,,,,,,,,
754,1,DDP,Fruta,Dem_Fruta,,,2023,,,,,1.0,,,,,,,,,,,,,,,,,
754,1,DDP,Fruta,Dem_Fruta,,,2024,,,,,1.0,,,,,,,,,,,,,,,,,
754,1,DDP,Fruta,Dem_Fruta,,,2025,,,,,1.0,,,,,,,,,,,,,,,,,
754,1,DDP,Fruta,Dem_Fruta,,,2026,,,,,1.0,,,,,,,,,,,,,,,,,
754,1,DDP,Fruta,Dem_Fruta,,,2027,,,,,1.0,,,,,,,,,,,,,,,,,
754,1,DDP,Fruta,Dem_Fruta,,,2028,,,,,1.0,,,,,,,,,,,,,,,,,
754,1,DDP,Fruta,Dem_Fruta,,,2029,,,,,1.0,,,,,,,,,,,,,,,,,
754,1,DDP,Fruta,Dem_Fruta,,,2030,,,,,1.0,,,,,,,,,,,,,,,,,
754,1,DDP,Fruta,Dem_Fruta,,,2031,,,,,1.0,,,,,,,,,,,,,,,,,
754,1,DDP,Fruta,Dem_Fruta,,,2032,,,,,1.0,,,,,,,,,,,,,,,,,
754,1,DDP,Fruta,Dem_Fruta,,,2033,,,,,1.0,,,,,,,,,,,,,,,,,
754,1,DDP,Fruta,Dem_Fruta,,,2034,,,,,1.0,,,,,,,,,,,,,,,,,
754,1,DDP,Fruta,Dem_Fruta,,,2035,,,,,1.0,,,,,,,,,,,,,,,,,
754,1,DDP,Fruta,Dem_Fruta,,,2036,,,,,1.0,,,,,,,,,,,,,,,,,
754,1,DDP,Fruta,Dem_Fruta,,,2037,,,,,1.0,,,,,,,,,,,,,,,,,
754,1,DDP,Fruta,Dem_Fruta,,,2038,,,,,1.0,,,,,,,,,,,,,,,,,
754,1,DDP,Fruta,Dem_Fruta,,,2039,,,,,1.0,,,,,,,,,,,,,,,,,
754,1,DDP,Fruta,Dem_Fruta,,,2040,,,,,1.0,,,,,,,,,,,,,,,,,
754,1,DDP,Fruta,Dem_Fruta,,,2041,,,,,1.0,,,,,,,,,,,,,,,,,
754,1,DDP,Fruta,Dem_Fruta,,,2042,,,,,1.0,,,,,,,,,,,,,,,,,
754,1,DDP,Fruta,Dem_Fruta,,,2043,,,,,1.0,,,,,,,,,,,,,,,,,
754,1,DDP,Fruta,Dem_Fruta,,,2044,,,,,1.0,,,,,,,,,,,,,,,,,
754,1,DDP,Fruta,Dem_Fruta,,,2045,,,,,1.0,,,,,,,,,,,,,,,,,
754,1,DDP,Fruta,Dem_Fruta,,,2046,,,,,1.0,,,,,,,,,,,,,,,,,
754,1,DDP,Fruta,Dem_Fruta,,,2047,,,,,1.0,,,,,,,,,,,,,,,,,
754,1,DDP,Fruta,Dem_Fruta,,,2048,,,,,1.0,,,,,,,,,,,,,,,,,
754,1,DDP,Fruta,Dem_Fruta,,,2049,,,,,1.0,,,,,,,,,,,,,,,,,
754,1,DDP,Fruta,Dem_Fruta,,,2050,,,,,1.0,,,,,,,,,,,,,,,,,
754,1,DDP,Fruta,Dem_Fruta,,,2051,,,,,1.0,,,,,,,,,,,,,,,,,
754,1,DDP,Fruta,Dem_Fruta,,,2052,,,,,1.0,,,,,,,,,,,,,,,,,
754,1,DDP,Fruta,Dem_Fruta,,,2053,,,,,1.0,,,,,,,,,,,,,,,,,
754,1,DDP,Fruta,Dem_Fruta,,,2054,,,,,1.0,,,,,,,,,,,,,,,,,
754,1,DDP,Fruta,Dem_Fruta,,,2055,,,,,1.0,,,,,,,,,,,,,,,,,
754,1,DDP,Fruta,Dem_Fruta,,,2056,,,,,1.0,,,,,,,,,,,,,,,,,
754,1,DDP,Fruta,Dem_Fruta,,,2057,,,,,1.0,,,,,,,,,,,,,,,,,
754,1,DDP,Fruta,Dem_Fruta,,,2058,,,,,1.0,,,,,,,,,,,,,,,,,
754,1,DDP,Fruta,Dem_Fruta,,,2059,,,,,1.0,,,,,,,,,,,,,,,,,
754,1,DDP,Fruta,Dem_Fruta,,,2060,,,,,1.0,,,,,,,,,,,,,,,,,
754,1,DDP,Fruta,Dem_Fruta,,,2061,,,,,1.0,,,,,,,,,,,,,,,,,
754,1,DDP,Fruta,Dem_Fruta,,,2062,,,,,1.0,,,,,,,,,,,,,,,,,
754,1,DDP,Fruta,Dem_Fruta,,,2063,,,,,1.0,,,,,,,,,,,,,,,,,
754,1,DDP,Fruta,Dem_Fruta,,,2064,,,,,1.0,,,,,,,,,,,,,,,,,
754,1,DDP,Fruta,Dem_Fruta,,,2065,,,,,1.0,,,,,,,,,,,,,,,,,
754,1,DDP,Fruta,Dem_Fruta,,,2066,,,,,1.0,,,,,,,,,,,,,,,,,
754,1,DDP,Fruta,Dem_Fruta,,,2067,,,,,1.0,,,,,,,,,,,,,,,,,
754,1,DDP,Fruta,Dem_Fruta,,,2068,,,,,1.0,,,,,,,,,,,,,,,,,
754,1,DDP,Fruta,Dem_Fruta,,,2069,,,,,1.0,,,,,,,,,,,,,,,,,
754,1,DDP,Fruta,Dem_Fruta,,,2070,,,,,1.0,,,,,,,,,,,,,,,,,
754,1,DDP,Verduras,Dem_Verduras,,,2018,,,,,1.0,,,,,,,,,,,,,,,,,
754,1,DDP,Verduras,Dem_Verduras,,,2019,,,,,1.0,,,,,,,,,,,,,,,,,
754,1,DDP,Verduras,Dem_Verduras,,,2020,,,,,1.0,,,,,,,,,,,,,,,,,
754,1,DDP,Verduras,Dem_Verduras,,,2021,,,,,1.0,,,,,,,,,,,,,,,,,
754,1,DDP,Verduras,Dem_Verduras,,,2022,,,,,1.0,,,,,,,,,,,,,,,,,
754,1,DDP,Verduras,Dem_Verduras,,,2023,,,,,1.0,,,,,,,,,,,,,,,,,
754,1,DDP,Verduras,Dem_Verduras,,,2024,,,,,1.0,,,,,,,,,,,,,,,,,
754,1,DDP,Verduras,Dem_Verduras,,,2025,,,,,1.0,,,,,,,,,,,,,,,,,
754,1,DDP,Verduras,Dem_Verduras,,,2026,,,,,1.0,,,,,,,,,,,,,,,,,
754,1,DDP,Verduras,Dem_Verduras,,,2027,,,,,1.0,,,,,,,,,,,,,,,,,
754,1,DDP,Verduras,Dem_Verduras,,,2028,,,,,1.0,,,,,,,,,,,,,,,,,
754,1,DDP,Verduras,Dem_Verduras,,,2029,,,,,1.0,,,,,,,,,,,,,,,,,
754,1,DDP,Verduras,Dem_Verduras,,,2030,,,,,1.0,,,,,,,,,,,,,,,,,
754,1,DDP,Verduras,Dem_Verduras,,,2031,,,,,1.0,,,,,,,,,,,,,,,,,
754,1,DDP,Verduras,Dem_Verduras,,,2032,,,,,1.0,,,,,,,,,,,,,,,,,
754,1,DDP,Verduras,Dem_Verduras,,,2033,,,,,1.0,,,,,,,,,,,,,,,,,
754,1,DDP,Verduras,Dem_Verduras,,,2034,,,,,1.0,,,,,,,,,,,,,,,,,
754,1,DDP,Verduras,Dem_Verduras,,,2035,,,,,1.0,,,,,,,,,,,,,,,,,
754,1,DDP,Verduras,Dem_Verduras,,,2036,,,,,1.0,,,,,,,,,,,,,,,,,
754,1,DDP,Verduras,Dem_Verduras,,,2037,,,,,1.0,,,,,,,,,,,,,,,,,
754,1,DDP,Verduras,Dem_Verduras,,,2038,,,,,1.0,,,,,,,,,,,,,,,,,
754,1,DDP,Verduras,Dem_Verduras,,,2039,,,,,1.0,,,,,,,,,,,,,,,,,
754,1,DDP,Verduras,Dem_Verduras,,,2040,,,,,1.0,,,,,,,,,,,,,,,,,
754,1,DDP,Verduras,Dem_Verduras,,,2041,,,,,1.0,,,,,,,,,,,,,,,,,
754,1,DDP,Verduras,Dem_Verduras,,,2042,,,,,1.0,,,,,,,,,,,,,,,,,
754,1,DDP,Verduras,Dem_Verduras,,,2043,,,,,1.0,,,,,,,,,,,,,,,,,
754,1,DDP,Verduras,Dem_Verduras,,,2044,,,,,1.0,,,,,,,,,,,,,,,,,
754,1,DDP,Verduras,Dem_Verduras,,,2045,,,,,1.0,,,,,,,,,,,,,,,,,
754,1,DDP,Verduras,Dem_Verduras,,,2046,,,,,1.0,,,,,,,,,,,,,,,,,
754,1,DDP,Verduras,Dem_Verduras,,,2047,,,,,1.0,,,,,,,,,,,,,,,,,
754,1,DDP,Verduras,Dem_Verduras,,,2048,,,,,1.0,,,,,,,,,,,,,,,,,
754,1,DDP,Verduras,Dem_Verduras,,,2049,,,,,1.0,,,,,,,,,,,,,,,,,
754,1,DDP,Verduras,Dem_Verduras,,,2050,,,,,1.0,,,,,,,,,,,,,,,,,
754,1,DDP,Verduras,Dem_Verduras,,,2051,,,,,1.0,,,,,,,,,,,,,,,,,
754,1,DDP,Verduras,Dem_Verduras,,,2052,,,,,1.0,,,,,,,,,,,,,,,,,
754,1,DDP,Verduras,Dem_Verduras,,,2053,,,,,1.0,,,,,,,,,,,,,,,,,
754,1,DDP,Verduras,Dem_Verduras,,,2054,,,,,1.0,,,,,,,,,,,,,,,,,
754,1,DDP,Verduras,Dem_Verduras,,,2055,,,,,1.0,,,,,,,,,,,,,,,,,
754,1,DDP,Verduras,Dem_Verduras,,,2056,,,,,1.0,,,,,,,,,,,,,,,,,
754,1,DDP,Verduras,Dem_Verduras,,,2057,,,,,1.0,,,,,,,,,,,,,,,,,
754,1,DDP,Verduras,Dem_Verduras,,,2058,,,,,1.0,,,,,,,,,,,,,,,,,
754,1,DDP,Verduras,Dem_Verduras,,,2059,,,,,1.0,,,,,,,,,,,,,,,,,
754,1,DDP,Verduras,Dem_Verduras,,,2060,,,,,1.0,,,,,,,,,,,,,,,,,
754,1,DDP,Verduras,Dem_Verduras,,,2061,,,,,1.0,,,,,,,,,,,,,,,,,
754,1,DDP,Verduras,Dem_Verduras,,,2062,,,,,1.0,,,,,,,,,,,,,,,,,
754,1,DDP,Verduras,Dem_Verduras,,,2063,,,,,1.0,,,,,,,,,,,,,,,,,
754,1,DDP,Verduras,Dem_Verduras,,,2064,,,,,1.0,,,,,,,,,,,,,,,,,
754,1,DDP,Verduras,Dem_Verduras,,,2065,,,,,1.0,,,,,,,,,,,,,,,,,
754,1,DDP,Verduras,Dem_Verduras,,,2066,,,,,1.0,,,,,,,,,,,,,,,,,
754,1,DDP,Verduras,Dem_Verduras,,,2067,,,,,1.0,,,,,,,,,,,,,,,,,
754,1,DDP,Verduras,Dem_Verduras,,,2068,,,,,1.0,,,,,,,,,,,,,,,,,
754,1,DDP,Verduras,Dem_Verduras,,,2069,,,,,1.0,,,,,,,,,,,,,,,,,
754,1,DDP,Verduras,Dem_Verduras,,,2070,,,,,1.0,,,,,,,,,,,,,,,,,
754,1,DDP,Floricolas,Dem_Floricolas,,,2018,,,,,1.0,,,,,,,,,,,,,,,,,
754,1,DDP,Floricolas,Dem_Floricolas,,,2019,,,,,1.0,,,,,,,,,,,,,,,,,
754,1,DDP,Floricolas,Dem_Floricolas,,,2020,,,,,1.0,,,,,,,,,,,,,,,,,
754,1,DDP,Floricolas,Dem_Floricolas,,,2021,,,,,1.0,,,,,,,,,,,,,,,,,
754,1,DDP,Floricolas,Dem_Floricolas,,,2022,,,,,1.0,,,,,,,,,,,,,,,,,
754,1,DDP,Floricolas,Dem_Floricolas,,,2023,,,,,1.0,,,,,,,,,,,,,,,,,
754,1,DDP,Floricolas,Dem_Floricolas,,,2024,,,,,1.0,,,,,,,,,,,,,,,,,
754,1,DDP,Floricolas,Dem_Floricolas,,,2025,,,,,1.0,,,,,,,,,,,,,,,,,
754,1,DDP,Floricolas,Dem_Floricolas,,,2026,,,,,1.0,,,,,,,,,,,,,,,,,
754,1,DDP,Floricolas,Dem_Floricolas,,,2027,,,,,1.0,,,,,,,,,,,,,,,,,
754,1,DDP,Floricolas,Dem_Floricolas,,,2028,,,,,1.0,,,,,,,,,,,,,,,,,
754,1,DDP,Floricolas,Dem_Floricolas,,,2029,,,,,1.0,,,,,,,,,,,,,,,,,
754,1,DDP,Floricolas,Dem_Floricolas,,,2030,,,,,1.0,,,,,,,,,,,,,,,,,
754,1,DDP,Floricolas,Dem_Floricolas,,,2031,,,,,1.0,,,,,,,,,,,,,,,,,
754,1,DDP,Floricolas,Dem_Floricolas,,,2032,,,,,1.0,,,,,,,,,,,,,,,,,
754,1,DDP,Floricolas,Dem_Floricolas,,,2033,,,,,1.0,,,,,,,,,,,,,,,,,
754,1,DDP,Floricolas,Dem_Floricolas,,,2034,,,,,1.0,,,,,,,,,,,,,,,,,
754,1,DDP,Floricolas,Dem_Floricolas,,,2035,,,,,1.0,,,,,,,,,,,,,,,,,
754,1,DDP,Floricolas,Dem_Floricolas,,,2036,,,,,1.0,,,,,,,,,,,,,,,,,
754,1,DDP,Floricolas,Dem_Floricolas,,,2037,,,,,1.0,,,,,,,,,,,,,,,,,
754,1,DDP,Floricolas,Dem_Floricolas,,,2038,,,,,1.0,,,,,,,,,,,,,,,,,
754,1,DDP,Floricolas,Dem_Floricolas,,,2039,,,,,1.0,,,,,,,,,,,,,,,,,
754,1,DDP,Floricolas,Dem_Floricolas,,,2040,,,,,1.0,,,,,,,,,,,,,,,,,
754,1,DDP,Floricolas,Dem_Floricolas,,,2041,,,,,1.0,,,,,,,,,,,,,,,,,
754,1,DDP,Floricolas,Dem_Floricolas,,,2042,,,,,1.0,,,,,,,,,,,,,,,,,
754,1,DDP,Floricolas,Dem_Floricolas,,,2043,,,,,1.0,,,,,,,,,,,,,,,,,
754,1,DDP,Floricolas,Dem_Floricolas,,,2044,,,,,1.0,,,,,,,,,,,,,,,,,
754,1,DDP,Floricolas,Dem_Floricolas,,,2045,,,,,1.0,,,,,,,,,,,,,,,,,
754,1,DDP,Floricolas,Dem_Floricolas,,,2046,,,,,1.0,,,,,,,,,,,,,,,,,
754,1,DDP,Floricolas,Dem_Floricolas,,,2047,,,,,1.0,,,,,,,,,,,,,,,,,
754,1,DDP,Floricolas,Dem_Floricolas,,,2048,,,,,1.0,,,,,,,,,,,,,,,,,
754,1,DDP,Floricolas,Dem_Floricolas,,,2049,,,,,1.0,,,,,,,,,,,,,,,,,
754,1,DDP,Floricolas,Dem_Floricolas,,,2050,,,,,1.0,,,,,,,,,,,,,,,,,
754,1,DDP,Floricolas,Dem_Floricolas,,,2051,,,,,1.0,,,,,,,,,,,,,,,,,
754,1,DDP,Floricolas,Dem_Floricolas,,,2052,,,,,1.0,,,,,,,,,,,,,,,,,
754,1,DDP,Floricolas,Dem_Floricolas,,,2053,,,,,1.0,,,,,,,,,,,,,,,,,
754,1,DDP,Floricolas,Dem_Floricolas,,,2054,,,,,1.0,,,,,,,,,,,,,,,,,
754,1,DDP,Floricolas,Dem_Floricolas,,,2055,,,,,1.0,,,,,,,,,,,,,,,,,
754,1,DDP,Floricolas,Dem_Floricolas,,,2056,,,,,1.0,,,,,,,,,,,,,,,,,
754,1,DDP,Floricolas,Dem_Floricolas,,,2057,,,,,1.0,,,,,,,,,,,,,,,,,
754,1,DDP,Floricolas,Dem_Floricolas,,,2058,,,,,1.0,,,,,,,,,,,,,,,,,
754,1,DDP,Floricolas,Dem_Floricolas,,,2059,,,,,1.0,,,,,,,,,,,,,,,,,
754,1,DDP,Floricolas,Dem_Floricolas,,,2060,,,,,1.0,,,,,,,,,,,,,,,,,
754,1,DDP,Floricolas,Dem_Floricolas,,,2061,,,,,1.0,,,,,,,,,,,,,,,,,
754,1,DDP,Floricolas,Dem_Floricolas,,,2062,,,,,1.0,,,,,,,,,,,,,,,,,
754,1,DDP,Floricolas,Dem_Floricolas,,,2063,,,,,1.0,,,,,,,,,,,,,,,,,
754,1,DDP,Floricolas,Dem_Floricolas,,,2064,,,,,1.0,,,,,,,,,,,,,,,,,
754,1,DDP,Floricolas,Dem_Floricolas,,,2065,,,,,1.0,,,,,,,,,,,,,,,,,
754,1,DDP,Floricolas,Dem_Floricolas,,,2066,,,,,1.0,,,,,,,,,,,,,,,,,
754,1,DDP,Floricolas,Dem_Floricolas,,,2067,,,,,1.0,,,,,,,,,,,,,,,,,
754,1,DDP,Floricolas,Dem_Floricolas,,,2068,,,,,1.0,,,,,,,,,,,,,,,,,
754,1,DDP,Floricolas,Dem_Floricolas,,,2069,,,,,1.0,,,,,,,,,,,,,,,,,
754,1,DDP,Floricolas,Dem_Floricolas,,,2070,,,,,1.0,,,,,,,,,,,,,,,,,
754,1,DDP,Banano,Exp_Banano,,,2018,,,,,1.0,,,,,,,,,,,,,,,,,
754,1,DDP,Banano,Exp_Banano,,,2019,,,,,1.0,,,,,,,,,,,,,,,,,
754,1,DDP,Banano,Exp_Banano,,,2020,,,,,1.0,,,,,,,,,,,,,,,,,
754,1,DDP,Banano,Exp_Banano,,,2021,,,,,1.0,,,,,,,,,,,,,,,,,
754,1,DDP,Banano,Exp_Banano,,,2022,,,,,1.0,,,,,,,,,,,,,,,,,
754,1,DDP,Banano,Exp_Banano,,,2023,,,,,1.0,,,,,,,,,,,,,,,,,
754,1,DDP,Banano,Exp_Banano,,,2024,,,,,1.0,,,,,,,,,,,,,,,,,
754,1,DDP,Banano,Exp_Banano,,,2025,,,,,1.0,,,,,,,,,,,,,,,,,
754,1,DDP,Banano,Exp_Banano,,,2026,,,,,1.0,,,,,,,,,,,,,,,,,
754,1,DDP,Banano,Exp_Banano,,,2027,,,,,1.0,,,,,,,,,,,,,,,,,
754,1,DDP,Banano,Exp_Banano,,,2028,,,,,1.0,,,,,,,,,,,,,,,,,
754,1,DDP,Banano,Exp_Banano,,,2029,,,,,1.0,,,,,,,,,,,,,,,,,
754,1,DDP,Banano,Exp_Banano,,,2030,,,,,1.0,,,,,,,,,,,,,,,,,
754,1,DDP,Banano,Exp_Banano,,,2031,,,,,1.0,,,,,,,,,,,,,,,,,
754,1,DDP,Banano,Exp_Banano,,,2032,,,,,1.0,,,,,,,,,,,,,,,,,
754,1,DDP,Banano,Exp_Banano,,,2033,,,,,1.0,,,,,,,,,,,,,,,,,
754,1,DDP,Banano,Exp_Banano,,,2034,,,,,1.0,,,,,,,,,,,,,,,,,
754,1,DDP,Banano,Exp_Banano,,,2035,,,,,1.0,,,,,,,,,,,,,,,,,
754,1,DDP,Banano,Exp_Banano,,,2036,,,,,1.0,,,,,,,,,,,,,,,,,
754,1,DDP,Banano,Exp_Banano,,,2037,,,,,1.0,,,,,,,,,,,,,,,,,
754,1,DDP,Banano,Exp_Banano,,,2038,,,,,1.0,,,,,,,,,,,,,,,,,
754,1,DDP,Banano,Exp_Banano,,,2039,,,,,1.0,,,,,,,,,,,,,,,,,
754,1,DDP,Banano,Exp_Banano,,,2040,,,,,1.0,,,,,,,,,,,,,,,,,
754,1,DDP,Banano,Exp_Banano,,,2041,,,,,1.0,,,,,,,,,,,,,,,,,
754,1,DDP,Banano,Exp_Banano,,,2042,,,,,1.0,,,,,,,,,,,,,,,,,
754,1,DDP,Banano,Exp_Banano,,,2043,,,,,1.0,,,,,,,,,,,,,,,,,
754,1,DDP,Banano,Exp_Banano,,,2044,,,,,1.0,,,,,,,,,,,,,,,,,
754,1,DDP,Banano,Exp_Banano,,,2045,,,,,1.0,,,,,,,,,,,,,,,,,
754,1,DDP,Banano,Exp_Banano,,,2046,,,,,1.0,,,,,,,,,,,,,,,,,
754,1,DDP,Banano,Exp_Banano,,,2047,,,,,1.0,,,,,,,,,,,,,,,,,
754,1,DDP,Banano,Exp_Banano,,,2048,,,,,1.0,,,,,,,,,,,,,,,,,
754,1,DDP,Banano,Exp_Banano,,,2049,,,,,1.0,,,,,,,,,,,,,,,,,
754,1,DDP,Banano,Exp_Banano,,,2050,,,,,1.0,,,,,,,,,,,,,,,,,
754,1,DDP,Banano,Exp_Banano,,,2051,,,,,1.0,,,,,,,,,,,,,,,,,
754,1,DDP,Banano,Exp_Banano,,,2052,,,,,1.0,,,,,,,,,,,,,,,,,
754,1,DDP,Banano,Exp_Banano,,,2053,,,,,1.0,,,,,,,,,,,,,,,,,
754,1,DDP,Banano,Exp_Banano,,,2054,,,,,1.0,,,,,,,,,,,,,,,,,
754,1,DDP,Banano,Exp_Banano,,,2055,,,,,1.0,,,,,,,,,,,,,,,,,
754,1,DDP,Banano,Exp_Banano,,,2056,,,,,1.0,,,,,,,,,,,,,,,,,
754,1,DDP,Banano,Exp_Banano,,,2057,,,,,1.0,,,,,,,,,,,,,,,,,
754,1,DDP,Banano,Exp_Banano,,,2058,,,,,1.0,,,,,,,,,,,,,,,,,
754,1,DDP,Banano,Exp_Banano,,,2059,,,,,1.0,,,,,,,,,,,,,,,,,
754,1,DDP,Banano,Exp_Banano,,,2060,,,,,1.0,,,,,,,,,,,,,,,,,
754,1,DDP,Banano,Exp_Banano,,,2061,,,,,1.0,,,,,,,,,,,,,,,,,
754,1,DDP,Banano,Exp_Banano,,,2062,,,,,1.0,,,,,,,,,,,,,,,,,
754,1,DDP,Banano,Exp_Banano,,,2063,,,,,1.0,,,,,,,,,,,,,,,,,
754,1,DDP,Banano,Exp_Banano,,,2064,,,,,1.0,,,,,,,,,,,,,,,,,
754,1,DDP,Banano,Exp_Banano,,,2065,,,,,1.0,,,,,,,,,,,,,,,,,
754,1,DDP,Banano,Exp_Banano,,,2066,,,,,1.0,,,,,,,,,,,,,,,,,
754,1,DDP,Banano,Exp_Banano,,,2067,,,,,1.0,,,,,,,,,,,,,,,,,
754,1,DDP,Banano,Exp_Banano,,,2068,,,,,1.0,,,,,,,,,,,,,,,,,
754,1,DDP,Banano,Exp_Banano,,,2069,,,,,1.0,,,,,,,,,,,,,,,,,
754,1,DDP,Banano,Exp_Banano,,,2070,,,,,1.0,,,,,,,,,,,,,,,,,
754,1,DDP,Arroz,Exp_Arroz,,,2018,,,,,1.0,,,,,,,,,,,,,,,,,
754,1,DDP,Arroz,Exp_Arroz,,,2019,,,,,1.0,,,,,,,,,,,,,,,,,
754,1,DDP,Arroz,Exp_Arroz,,,2020,,,,,1.0,,,,,,,,,,,,,,,,,
754,1,DDP,Arroz,Exp_Arroz,,,2021,,,,,1.0,,,,,,,,,,,,,,,,,
754,1,DDP,Arroz,Exp_Arroz,,,2022,,,,,1.0,,,,,,,,,,,,,,,,,
754,1,DDP,Arroz,Exp_Arroz,,,2023,,,,,1.0,,,,,,,,,,,,,,,,,
754,1,DDP,Arroz,Exp_Arroz,,,2024,,,,,1.0,,,,,,,,,,,,,,,,,
754,1,DDP,Arroz,Exp_Arroz,,,2025,,,,,1.0,,,,,,,,,,,,,,,,,
754,1,DDP,Arroz,Exp_Arroz,,,2026,,,,,1.0,,,,,,,,,,,,,,,,,
754,1,DDP,Arroz,Exp_Arroz,,,2027,,,,,1.0,,,,,,,,,,,,,,,,,
754,1,DDP,Arroz,Exp_Arroz,,,2028,,,,,1.0,,,,,,,,,,,,,,,,,
754,1,DDP,Arroz,Exp_Arroz,,,2029,,,,,1.0,,,,,,,,,,,,,,,,,
754,1,DDP,Arroz,Exp_Arroz,,,2030,,,,,1.0,,,,,,,,,,,,,,,,,
754,1,DDP,Arroz,Exp_Arroz,,,2031,,,,,1.0,,,,,,,,,,,,,,,,,
754,1,DDP,Arroz,Exp_Arroz,,,2032,,,,,1.0,,,,,,,,,,,,,,,,,
754,1,DDP,Arroz,Exp_Arroz,,,2033,,,,,1.0,,,,,,,,,,,,,,,,,
754,1,DDP,Arroz,Exp_Arroz,,,2034,,,,,1.0,,,,,,,,,,,,,,,,,
754,1,DDP,Arroz,Exp_Arroz,,,2035,,,,,1.0,,,,,,,,,,,,,,,,,
754,1,DDP,Arroz,Exp_Arroz,,,2036,,,,,1.0,,,,,,,,,,,,,,,,,
754,1,DDP,Arroz,Exp_Arroz,,,2037,,,,,1.0,,,,,,,,,,,,,,,,,
754,1,DDP,Arroz,Exp_Arroz,,,2038,,,,,1.0,,,,,,,,,,,,,,,,,
754,1,DDP,Arroz,Exp_Arroz,,,2039,,,,,1.0,,,,,,,,,,,,,,,,,
754,1,DDP,Arroz,Exp_Arroz,,,2040,,,,,1.0,,,,,,,,,,,,,,,,,
754,1,DDP,Arroz,Exp_Arroz,,,2041,,,,,1.0,,,,,,,,,,,,,,,,,
754,1,DDP,Arroz,Exp_Arroz,,,2042,,,,,1.0,,,,,,,,,,,,,,,,,
754,1,DDP,Arroz,Exp_Arroz,,,2043,,,,,1.0,,,,,,,,,,,,,,,,,
754,1,DDP,Arroz,Exp_Arroz,,,2044,,,,,1.0,,,,,,,,,,,,,,,,,
754,1,DDP,Arroz,Exp_Arroz,,,2045,,,,,1.0,,,,,,,,,,,,,,,,,
754,1,DDP,Arroz,Exp_Arroz,,,2046,,,,,1.0,,,,,,,,,,,,,,,,,
754,1,DDP,Arroz,Exp_Arroz,,,2047,,,,,1.0,,,,,,,,,,,,,,,,,
754,1,DDP,Arroz,Exp_Arroz,,,2048,,,,,1.0,,,,,,,,,,,,,,,,,
754,1,DDP,Arroz,Exp_Arroz,,,2049,,,,,1.0,,,,,,,,,,,,,,,,,
754,1,DDP,Arroz,Exp_Arroz,,,2050,,,,,1.0,,,,,,,,,,,,,,,,,
754,1,DDP,Arroz,Exp_Arroz,,,2051,,,,,1.0,,,,,,,,,,,,,,,,,
754,1,DDP,Arroz,Exp_Arroz,,,2052,,,,,1.0,,,,,,,,,,,,,,,,,
754,1,DDP,Arroz,Exp_Arroz,,,2053,,,,,1.0,,,,,,,,,,,,,,,,,
754,1,DDP,Arroz,Exp_Arroz,,,2054,,,,,1.0,,,,,,,,,,,,,,,,,
754,1,DDP,Arroz,Exp_Arroz,,,2055,,,,,1.0,,,,,,,,,,,,,,,,,
754,1,DDP,Arroz,Exp_Arroz,,,2056,,,,,1.0,,,,,,,,,,,,,,,,,
754,1,DDP,Arroz,Exp_Arroz,,,2057,,,,,1.0,,,,,,,,,,,,,,,,,
754,1,DDP,Arroz,Exp_Arroz,,,2058,,,,,1.0,,,,,,,,,,,,,,,,,
754,1,DDP,Arroz,Exp_Arroz,,,2059,,,,,1.0,,,,,,,,,,,,,,,,,
754,1,DDP,Arroz,Exp_Arroz,,,2060,,,,,1.0,,,,,,,,,,,,,,,,,
754,1,DDP,Arroz,Exp_Arroz,,,2061,,,,,1.0,,,,,,,,,,,,,,,,,
754,1,DDP,Arroz,Exp_Arroz,,,2062,,,,,1.0,,,,,,,,,,,,,,,,,
754,1,DDP,Arroz,Exp_Arroz,,,2063,,,,,1.0,,,,,,,,,,,,,,,,,
754,1,DDP,Arroz,Exp_Arroz,,,2064,,,,,1.0,,,,,,,,,,,,,,,,,
754,1,DDP,Arroz,Exp_Arroz,,,2065,,,,,1.0,,,,,,,,,,,,,,,,,
754,1,DDP,Arroz,Exp_Arroz,,,2066,,,,,1.0,,,,,,,,,,,,,,,,,
754,1,DDP,Arroz,Exp_Arroz,,,2067,,,,,1.0,,,,,,,,,,,,,,,,,
754,1,DDP,Arroz,Exp_Arroz,,,2068,,,,,1.0,,,,,,,,,,,,,,,,,
754,1,DDP,Arroz,Exp_Arroz,,,2069,,,,,1.0,,,,,,,,,,,,,,,,,
754,1,DDP,Arroz,Exp_Arroz,,,2070,,,,,1.0,,,,,,,,,,,,,,,,,
754,1,DDP,Cacao,Exp_Cacao,,,2018,,,,,1.0,,,,,,,,,,,,,,,,,
754,1,DDP,Cacao,Exp_Cacao,,,2019,,,,,1.0,,,,,,,,,,,,,,,,,
754,1,DDP,Cacao,Exp_Cacao,,,2020,,,,,1.0,,,,,,,,,,,,,,,,,
754,1,DDP,Cacao,Exp_Cacao,,,2021,,,,,1.0,,,,,,,,,,,,,,,,,
754,1,DDP,Cacao,Exp_Cacao,,,2022,,,,,1.0,,,,,,,,,,,,,,,,,
754,1,DDP,Cacao,Exp_Cacao,,,2023,,,,,1.0,,,,,,,,,,,,,,,,,
754,1,DDP,Cacao,Exp_Cacao,,,2024,,,,,1.0,,,,,,,,,,,,,,,,,
754,1,DDP,Cacao,Exp_Cacao,,,2025,,,,,1.0,,,,,,,,,,,,,,,,,
754,1,DDP,Cacao,Exp_Cacao,,,2026,,,,,1.0,,,,,,,,,,,,,,,,,
754,1,DDP,Cacao,Exp_Cacao,,,2027,,,,,1.0,,,,,,,,,,,,,,,,,
754,1,DDP,Cacao,Exp_Cacao,,,2028,,,,,1.0,,,,,,,,,,,,,,,,,
754,1,DDP,Cacao,Exp_Cacao,,,2029,,,,,1.0,,,,,,,,,,,,,,,,,
754,1,DDP,Cacao,Exp_Cacao,,,2030,,,,,1.0,,,,,,,,,,,,,,,,,
754,1,DDP,Cacao,Exp_Cacao,,,2031,,,,,1.0,,,,,,,,,,,,,,,,,
754,1,DDP,Cacao,Exp_Cacao,,,2032,,,,,1.0,,,,,,,,,,,,,,,,,
754,1,DDP,Cacao,Exp_Cacao,,,2033,,,,,1.0,,,,,,,,,,,,,,,,,
754,1,DDP,Cacao,Exp_Cacao,,,2034,,,,,1.0,,,,,,,,,,,,,,,,,
754,1,DDP,Cacao,Exp_Cacao,,,2035,,,,,1.0,,,,,,,,,,,,,,,,,
754,1,DDP,Cacao,Exp_Cacao,,,2036,,,,,1.0,,,,,,,,,,,,,,,,,
754,1,DDP,Cacao,Exp_Cacao,,,2037,,,,,1.0,,,,,,,,,,,,,,,,,
754,1,DDP,Cacao,Exp_Cacao,,,2038,,,,,1.0,,,,,,,,,,,,,,,,,
754,1,DDP,Cacao,Exp_Cacao,,,2039,,,,,1.0,,,,,,,,,,,,,,,,,
754,1,DDP,Cacao,Exp_Cacao,,,2040,,,,,1.0,,,,,,,,,,,,,,,,,
754,1,DDP,Cacao,Exp_Cacao,,,2041,,,,,1.0,,,,,,,,,,,,,,,,,
754,1,DDP,Cacao,Exp_Cacao,,,2042,,,,,1.0,,,,,,,,,,,,,,,,,
754,1,DDP,Cacao,Exp_Cacao,,,2043,,,,,1.0,,,,,,,,,,,,,,,,,
754,1,DDP,Cacao,Exp_Cacao,,,2044,,,,,1.0,,,,,,,,,,,,,,,,,
754,1,DDP,Cacao,Exp_Cacao,,,2045,,,,,1.0,,,,,,,,,,,,,,,,,
754,1,DDP,Cacao,Exp_Cacao,,,2046,,,,,1.0,,,,,,,,,,,,,,,,,
754,1,DDP,Cacao,Exp_Cacao,,,2047,,,,,1.0,,,,,,,,,,,,,,,,,
754,1,DDP,Cacao,Exp_Cacao,,,2048,,,,,1.0,,,,,,,,,,,,,,,,,
754,1,DDP,Cacao,Exp_Cacao,,,2049,,,,,1.0,,,,,,,,,,,,,,,,,
754,1,DDP,Cacao,Exp_Cacao,,,2050,,,,,1.0,,,,,,,,,,,,,,,,,
754,1,DDP,Cacao,Exp_Cacao,,,2051,,,,,1.0,,,,,,,,,,,,,,,,,
754,1,DDP,Cacao,Exp_Cacao,,,2052,,,,,1.0,,,,,,,,,,,,,,,,,
754,1,DDP,Cacao,Exp_Cacao,,,2053,,,,,1.0,,,,,,,,,,,,,,,,,
754,1,DDP,Cacao,Exp_Cacao,,,2054,,,,,1.0,,,,,,,,,,,,,,,,,
754,1,DDP,Cacao,Exp_Cacao,,,2055,,,,,1.0,,,,,,,,,,,,,,,,,
754,1,DDP,Cacao,Exp_Cacao,,,2056,,,,,1.0,,,,,,,,,,,,,,,,,
754,1,DDP,Cacao,Exp_Cacao,,,2057,,,,,1.0,,,,,,,,,,,,,,,,,
754,1,DDP,Cacao,Exp_Cacao,,,2058,,,,,1.0,,,,,,,,,,,,,,,,,
754,1,DDP,Cacao,Exp_Cacao,,,2059,,,,,1.0,,,,,,,,,,,,,,,,,
754,1,DDP,Cacao,Exp_Cacao,,,2060,,,,,1.0,,,,,,,,,,,,,,,,,
754,1,DDP,Cacao,Exp_Cacao,,,2061,,,,,1.0,,,,,,,,,,,,,,,,,
754,1,DDP,Cacao,Exp_Cacao,,,2062,,,,,1.0,,,,,,,,,,,,,,,,,
754,1,DDP,Cacao,Exp_Cacao,,,2063,,,,,1.0,,,,,,,,,,,,,,,,,
754,1,DDP,Cacao,Exp_Cacao,,,2064,,,,,1.0,,,,,,,,,,,,,,,,,
754,1,DDP,Cacao,Exp_Cacao,,,2065,,,,,1.0,,,,,,,,,,,,,,,,,
754,1,DDP,Cacao,Exp_Cacao,,,2066,,,,,1.0,,,,,,,,,,,,,,,,,
754,1,DDP,Cacao,Exp_Cacao,,,2067,,,,,1.0,,,,,,,,,,,,,,,,,
754,1,DDP,Cacao,Exp_Cacao,,,2068,,,,,1.0,,,,,,,,,,,,,,,,,
754,1,DDP,Cacao,Exp_Cacao,,,2069,,,,,1.0,,,,,,,,,,,,,,,,,
754,1,DDP,Cacao,Exp_Cacao,,,2070,,,,,1.0,,,,,,,,,,,,,,,,,
754,1,DDP,Cafe,Exp_Cafe,,,2018,,,,,1.0,,,,,,,,,,,,,,,,,
754,1,DDP,Cafe,Exp_Cafe,,,2019,,,,,1.0,,,,,,,,,,,,,,,,,
754,1,DDP,Cafe,Exp_Cafe,,,2020,,,,,1.0,,,,,,,,,,,,,,,,,
754,1,DDP,Cafe,Exp_Cafe,,,2021,,,,,1.0,,,,,,,,,,,,,,,,,
754,1,DDP,Cafe,Exp_Cafe,,,2022,,,,,1.0,,,,,,,,,,,,,,,,,
754,1,DDP,Cafe,Exp_Cafe,,,2023,,,,,1.0,,,,,,,,,,,,,,,,,
754,1,DDP,Cafe,Exp_Cafe,,,2024,,,,,1.0,,,,,,,,,,,,,,,,,
754,1,DDP,Cafe,Exp_Cafe,,,2025,,,,,1.0,,,,,,,,,,,,,,,,,
754,1,DDP,Cafe,Exp_Cafe,,,2026,,,,,1.0,,,,,,,,,,,,,,,,,
754,1,DDP,Cafe,Exp_Cafe,,,2027,,,,,1.0,,,,,,,,,,,,,,,,,
754,1,DDP,Cafe,Exp_Cafe,,,2028,,,,,1.0,,,,,,,,,,,,,,,,,
754,1,DDP,Cafe,Exp_Cafe,,,2029,,,,,1.0,,,,,,,,,,,,,,,,,
754,1,DDP,Cafe,Exp_Cafe,,,2030,,,,,1.0,,,,,,,,,,,,,,,,,
754,1,DDP,Cafe,Exp_Cafe,,,2031,,,,,1.0,,,,,,,,,,,,,,,,,
754,1,DDP,Cafe,Exp_Cafe,,,2032,,,,,1.0,,,,,,,,,,,,,,,,,
754,1,DDP,Cafe,Exp_Cafe,,,2033,,,,,1.0,,,,,,,,,,,,,,,,,
754,1,DDP,Cafe,Exp_Cafe,,,2034,,,,,1.0,,,,,,,,,,,,,,,,,
754,1,DDP,Cafe,Exp_Cafe,,,2035,,,,,1.0,,,,,,,,,,,,,,,,,
754,1,DDP,Cafe,Exp_Cafe,,,2036,,,,,1.0,,,,,,,,,,,,,,,,,
754,1,DDP,Cafe,Exp_Cafe,,,2037,,,,,1.0,,,,,,,,,,,,,,,,,
754,1,DDP,Cafe,Exp_Cafe,,,2038,,,,,1.0,,,,,,,,,,,,,,,,,
754,1,DDP,Cafe,Exp_Cafe,,,2039,,,,,1.0,,,,,,,,,,,,,,,,,
754,1,DDP,Cafe,Exp_Cafe,,,2040,,,,,1.0,,,,,,,,,,,,,,,,,
754,1,DDP,Cafe,Exp_Cafe,,,2041,,,,,1.0,,,,,,,,,,,,,,,,,
754,1,DDP,Cafe,Exp_Cafe,,,2042,,,,,1.0,,,,,,,,,,,,,,,,,
754,1,DDP,Cafe,Exp_Cafe,,,2043,,,,,1.0,,,,,,,,,,,,,,,,,
754,1,DDP,Cafe,Exp_Cafe,,,2044,,,,,1.0,,,,,,,,,,,,,,,,,
754,1,DDP,Cafe,Exp_Cafe,,,2045,,,,,1.0,,,,,,,,,,,,,,,,,
754,1,DDP,Cafe,Exp_Cafe,,,2046,,,,,1.0,,,,,,,,,,,,,,,,,
754,1,DDP,Cafe,Exp_Cafe,,,2047,,,,,1.0,,,,,,,,,,,,,,,,,
754,1,DDP,Cafe,Exp_Cafe,,,2048,,,,,1.0,,,,,,,,,,,,,,,,,
754,1,DDP,Cafe,Exp_Cafe,,,2049,,,,,1.0,,,,,,,,,,,,,,,,,
754,1,DDP,Cafe,Exp_Cafe,,,2050,,,,,1.0,,,,,,,,,,,,,,,,,
754,1,DDP,Cafe,Exp_Cafe,,,2051,,,,,1.0,,,,,,,,,,,,,,,,,
754,1,DDP,Cafe,Exp_Cafe,,,2052,,,,,1.0,,,,,,,,,,,,,,,,,
754,1,DDP,Cafe,Exp_Cafe,,,2053,,,,,1.0,,,,,,,,,,,,,,,,,
754,1,DDP,Cafe,Exp_Cafe,,,2054,,,,,1.0,,,,,,,,,,,,,,,,,
754,1,DDP,Cafe,Exp_Cafe,,,2055,,,,,1.0,,,,,,,,,,,,,,,,,
754,1,DDP,Cafe,Exp_Cafe,,,2056,,,,,1.0,,,,,,,,,,,,,,,,,
754,1,DDP,Cafe,Exp_Cafe,,,2057,,,,,1.0,,,,,,,,,,,,,,,,,
754,1,DDP,Cafe,Exp_Cafe,,,2058,,,,,1.0,,,,,,,,,,,,,,,,,
754,1,DDP,Cafe,Exp_Cafe,,,2059,,,,,1.0,,,,,,,,,,,,,,,,,
754,1,DDP,Cafe,Exp_Cafe,,,2060,,,,,1.0,,,,,,,,,,,,,,,,,
754,1,DDP,Cafe,Exp_Cafe,,,2061,,,,,1.0,,,,,,,,,,,,,,,,,
754,1,DDP,Cafe,Exp_Cafe,,,2062,,,,,1.0,,,,,,,,,,,,,,,,,
754,1,DDP,Cafe,Exp_Cafe,,,2063,,,,,1.0,,,,,,,,,,,,,,,,,
754,1,DDP,Cafe,Exp_Cafe,,,2064,,,,,1.0,,,,,,,,,,,,,,,,,
754,1,DDP,Cafe,Exp_Cafe,,,2065,,,,,1.0,,,,,,,,,,,,,,,,,
754,1,DDP,Cafe,Exp_Cafe,,,2066,,,,,1.0,,,,,,,,,,,,,,,,,
754,1,DDP,Cafe,Exp_Cafe,,,2067,,,,,1.0,,,,,,,,,,,,,,,,,
754,1,DDP,Cafe,Exp_Cafe,,,2068,,,,,1.0,,,,,,,,,,,,,,,,,
754,1,DDP,Cafe,Exp_Cafe,,,2069,,,,,1.0,,,,,,,,,,,,,,,,,
754,1,DDP,Cafe,Exp_Cafe,,,2070,,,,,1.0,,,,,,,,,,,,,,,,,
754,1,DDP,Cana,Exp_Cana,,,2018,,,,,1.0,,,,,,,,,,,,,,,,,
754,1,DDP,Cana,Exp_Cana,,,2019,,,,,1.0,,,,,,,,,,,,,,,,,
754,1,DDP,Cana,Exp_Cana,,,2020,,,,,1.0,,,,,,,,,,,,,,,,,
754,1,DDP,Cana,Exp_Cana,,,2021,,,,,1.0,,,,,,,,,,,,,,,,,
754,1,DDP,Cana,Exp_Cana,,,2022,,,,,1.0,,,,,,,,,,,,,,,,,
754,1,DDP,Cana,Exp_Cana,,,2023,,,,,1.0,,,,,,,,,,,,,,,,,
754,1,DDP,Cana,Exp_Cana,,,2024,,,,,1.0,,,,,,,,,,,,,,,,,
754,1,DDP,Cana,Exp_Cana,,,2025,,,,,1.0,,,,,,,,,,,,,,,,,
754,1,DDP,Cana,Exp_Cana,,,2026,,,,,1.0,,,,,,,,,,,,,,,,,
754,1,DDP,Cana,Exp_Cana,,,2027,,,,,1.0,,,,,,,,,,,,,,,,,
754,1,DDP,Cana,Exp_Cana,,,2028,,,,,1.0,,,,,,,,,,,,,,,,,
754,1,DDP,Cana,Exp_Cana,,,2029,,,,,1.0,,,,,,,,,,,,,,,,,
754,1,DDP,Cana,Exp_Cana,,,2030,,,,,1.0,,,,,,,,,,,,,,,,,
754,1,DDP,Cana,Exp_Cana,,,2031,,,,,1.0,,,,,,,,,,,,,,,,,
754,1,DDP,Cana,Exp_Cana,,,2032,,,,,1.0,,,,,,,,,,,,,,,,,
754,1,DDP,Cana,Exp_Cana,,,2033,,,,,1.0,,,,,,,,,,,,,,,,,
754,1,DDP,Cana,Exp_Cana,,,2034,,,,,1.0,,,,,,,,,,,,,,,,,
754,1,DDP,Cana,Exp_Cana,,,2035,,,,,1.0,,,,,,,,,,,,,,,,,
754,1,DDP,Cana,Exp_Cana,,,2036,,,,,1.0,,,,,,,,,,,,,,,,,
754,1,DDP,Cana,Exp_Cana,,,2037,,,,,1.0,,,,,,,,,,,,,,,,,
754,1,DDP,Cana,Exp_Cana,,,2038,,,,,1.0,,,,,,,,,,,,,,,,,
754,1,DDP,Cana,Exp_Cana,,,2039,,,,,1.0,,,,,,,,,,,,,,,,,
754,1,DDP,Cana,Exp_Cana,,,2040,,,,,1.0,,,,,,,,,,,,,,,,,
754,1,DDP,Cana,Exp_Cana,,,2041,,,,,1.0,,,,,,,,,,,,,,,,,
754,1,DDP,Cana,Exp_Cana,,,2042,,,,,1.0,,,,,,,,,,,,,,,,,
754,1,DDP,Cana,Exp_Cana,,,2043,,,,,1.0,,,,,,,,,,,,,,,,,
754,1,DDP,Cana,Exp_Cana,,,2044,,,,,1.0,,,,,,,,,,,,,,,,,
754,1,DDP,Cana,Exp_Cana,,,2045,,,,,1.0,,,,,,,,,,,,,,,,,
754,1,DDP,Cana,Exp_Cana,,,2046,,,,,1.0,,,,,,,,,,,,,,,,,
754,1,DDP,Cana,Exp_Cana,,,2047,,,,,1.0,,,,,,,,,,,,,,,,,
754,1,DDP,Cana,Exp_Cana,,,2048,,,,,1.0,,,,,,,,,,,,,,,,,
754,1,DDP,Cana,Exp_Cana,,,2049,,,,,1.0,,,,,,,,,,,,,,,,,
754,1,DDP,Cana,Exp_Cana,,,2050,,,,,1.0,,,,,,,,,,,,,,,,,
754,1,DDP,Cana,Exp_Cana,,,2051,,,,,1.0,,,,,,,,,,,,,,,,,
754,1,DDP,Cana,Exp_Cana,,,2052,,,,,1.0,,,,,,,,,,,,,,,,,
754,1,DDP,Cana,Exp_Cana,,,2053,,,,,1.0,,,,,,,,,,,,,,,,,
754,1,DDP,Cana,Exp_Cana,,,2054,,,,,1.0,,,,,,,,,,,,,,,,,
754,1,DDP,Cana,Exp_Cana,,,2055,,,,,1.0,,,,,,,,,,,,,,,,,
754,1,DDP,Cana,Exp_Cana,,,2056,,,,,1.0,,,,,,,,,,,,,,,,,
754,1,DDP,Cana,Exp_Cana,,,2057,,,,,1.0,,,,,,,,,,,,,,,,,
754,1,DDP,Cana,Exp_Cana,,,2058,,,,,1.0,,,,,,,,,,,,,,,,,
754,1,DDP,Cana,Exp_Cana,,,2059,,,,,1.0,,,,,,,,,,,,,,,,,
754,1,DDP,Cana,Exp_Cana,,,2060,,,,,1.0,,,,,,,,,,,,,,,,,
754,1,DDP,Cana,Exp_Cana,,,2061,,,,,1.0,,,,,,,,,,,,,,,,,
754,1,DDP,Cana,Exp_Cana,,,2062,,,,,1.0,,,,,,,,,,,,,,,,,
754,1,DDP,Cana,Exp_Cana,,,2063,,,,,1.0,,,,,,,,,,,,,,,,,
754,1,DDP,Cana,Exp_Cana,,,2064,,,,,1.0,,,,,,,,,,,,,,,,,
754,1,DDP,Cana,Exp_Cana,,,2065,,,,,1.0,,,,,,,,,,,,,,,,,
754,1,DDP,Cana,Exp_Cana,,,2066,,,,,1.0,,,,,,,,,,,,,,,,,
754,1,DDP,Cana,Exp_Cana,,,2067,,,,,1.0,,,,,,,,,,,,,,,,,
754,1,DDP,Cana,Exp_Cana,,,2068,,,,,1.0,,,,,,,,,,,,,,,,,
754,1,DDP,Cana,Exp_Cana,,,2069,,,,,1.0,,,,,,,,,,,,,,,,,
754,1,DDP,Cana,Exp_Cana,,,2070,,,,,1.0,,,,,,,,,,,,,,,,,
754,1,DDP,Maiz,Exp_Maiz,,,2018,,,,,1.0,,,,,,,,,,,,,,,,,
754,1,DDP,Maiz,Exp_Maiz,,,2019,,,,,1.0,,,,,,,,,,,,,,,,,
754,1,DDP,Maiz,Exp_Maiz,,,2020,,,,,1.0,,,,,,,,,,,,,,,,,
754,1,DDP,Maiz,Exp_Maiz,,,2021,,,,,1.0,,,,,,,,,,,,,,,,,
754,1,DDP,Maiz,Exp_Maiz,,,2022,,,,,1.0,,,,,,,,,,,,,,,,,
754,1,DDP,Maiz,Exp_Maiz,,,2023,,,,,1.0,,,,,,,,,,,,,,,,,
754,1,DDP,Maiz,Exp_Maiz,,,2024,,,,,1.0,,,,,,,,,,,,,,,,,
754,1,DDP,Maiz,Exp_Maiz,,,2025,,,,,1.0,,,,,,,,,,,,,,,,,
754,1,DDP,Maiz,Exp_Maiz,,,2026,,,,,1.0,,,,,,,,,,,,,,,,,
754,1,DDP,Maiz,Exp_Maiz,,,2027,,,,,1.0,,,,,,,,,,,,,,,,,
754,1,DDP,Maiz,Exp_Maiz,,,2028,,,,,1.0,,,,,,,,,,,,,,,,,
754,1,DDP,Maiz,Exp_Maiz,,,2029,,,,,1.0,,,,,,,,,,,,,,,,,
754,1,DDP,Maiz,Exp_Maiz,,,2030,,,,,1.0,,,,,,,,,,,,,,,,,
754,1,DDP,Maiz,Exp_Maiz,,,2031,,,,,1.0,,,,,,,,,,,,,,,,,
754,1,DDP,Maiz,Exp_Maiz,,,2032,,,,,1.0,,,,,,,,,,,,,,,,,
754,1,DDP,Maiz,Exp_Maiz,,,2033,,,,,1.0,,,,,,,,,,,,,,,,,
754,1,DDP,Maiz,Exp_Maiz,,,2034,,,,,1.0,,,,,,,,,,,,,,,,,
754,1,DDP,Maiz,Exp_Maiz,,,2035,,,,,1.0,,,,,,,,,,,,,,,,,
754,1,DDP,Maiz,Exp_Maiz,,,2036,,,,,1.0,,,,,,,,,,,,,,,,,
754,1,DDP,Maiz,Exp_Maiz,,,2037,,,,,1.0,,,,,,,,,,,,,,,,,
754,1,DDP,Maiz,Exp_Maiz,,,2038,,,,,1.0,,,,,,,,,,,,,,,,,
754,1,DDP,Maiz,Exp_Maiz,,,2039,,,,,1.0,,,,,,,,,,,,,,,,,
754,1,DDP,Maiz,Exp_Maiz,,,2040,,,,,1.0,,,,,,,,,,,,,,,,,
754,1,DDP,Maiz,Exp_Maiz,,,2041,,,,,1.0,,,,,,,,,,,,,,,,,
754,1,DDP,Maiz,Exp_Maiz,,,2042,,,,,1.0,,,,,,,,,,,,,,,,,
754,1,DDP,Maiz,Exp_Maiz,,,2043,,,,,1.0,,,,,,,,,,,,,,,,,
754,1,DDP,Maiz,Exp_Maiz,,,2044,,,,,1.0,,,,,,,,,,,,,,,,,
754,1,DDP,Maiz,Exp_Maiz,,,2045,,,,,1.0,,,,,,,,,,,,,,,,,
754,1,DDP,Maiz,Exp_Maiz,,,2046,,,,,1.0,,,,,,,,,,,,,,,,,
754,1,DDP,Maiz,Exp_Maiz,,,2047,,,,,1.0,,,,,,,,,,,,,,,,,
754,1,DDP,Maiz,Exp_Maiz,,,2048,,,,,1.0,,,,,,,,,,,,,,,,,
754,1,DDP,Maiz,Exp_Maiz,,,2049,,,,,1.0,,,,,,,,,,,,,,,,,
754,1,DDP,Maiz,Exp_Maiz,,,2050,,,,,1.0,,,,,,,,,,,,,,,,,
754,1,DDP,Maiz,Exp_Maiz,,,2051,,,,,1.0,,,,,,,,,,,,,,,,,
754,1,DDP,Maiz,Exp_Maiz,,,2052,,,,,1.0,,,,,,,,,,,,,,,,,
754,1,DDP,Maiz,Exp_Maiz,,,2053,,,,,1.0,,,,,,,,,,,,,,,,,
754,1,DDP,Maiz,Exp_Maiz,,,2054,,,,,1.0,,,,,,,,,,,,,,,,,
754,1,DDP,Maiz,Exp_Maiz,,,2055,,,,,1.0,,,,,,,,,,,,,,,,,
754,1,DDP,Maiz,Exp_Maiz,,,2056,,,,,1.0,,,,,,,,,,,,,,,,,
754,1,DDP,Maiz,Exp_Maiz,,,2057,,,,,1.0,,,,,,,,,,,,,,,,,
754,1,DDP,Maiz,Exp_Maiz,,,2058,,,,,1.0,,,,,,,,,,,,,,,,,
754,1,DDP,Maiz,Exp_Maiz,,,2059,,,,,1.0,,,,,,,,,,,,,,,,,
754,1,DDP,Maiz,Exp_Maiz,,,2060,,,,,1.0,,,,,,,,,,,,,,,,,
754,1,DDP,Maiz,Exp_Maiz,,,2061,,,,,1.0,,,,,,,,,,,,,,,,,
754,1,DDP,Maiz,Exp_Maiz,,,2062,,,,,1.0,,,,,,,,,,,,,,,,,
754,1,DDP,Maiz,Exp_Maiz,,,2063,,,,,1.0,,,,,,,,,,,,,,,,,
754,1,DDP,Maiz,Exp_Maiz,,,2064,,,,,1.0,,,,,,,,,,,,,,,,,
754,1,DDP,Maiz,Exp_Maiz,,,2065,,,,,1.0,,,,,,,,,,,,,,,,,
754,1,DDP,Maiz,Exp_Maiz,,,2066,,,,,1.0,,,,,,,,,,,,,,,,,
754,1,DDP,Maiz,Exp_Maiz,,,2067,,,,,1.0,,,,,,,,,,,,,,,,,
754,1,DDP,Maiz,Exp_Maiz,,,2068,,,,,1.0,,,,,,,,,,,,,,,,,
754,1,DDP,Maiz,Exp_Maiz,,,2069,,,,,1.0,,,,,,,,,,,,,,,,,
754,1,DDP,Maiz,Exp_Maiz,,,2070,,,,,1.0,,,,,,,,,,,,,,,,,
754,1,DDP,Palma,Exp_Palma,,,2018,,,,,1.0,,,,,,,,,,,,,,,,,
754,1,DDP,Palma,Exp_Palma,,,2019,,,,,1.0,,,,,,,,,,,,,,,,,
754,1,DDP,Palma,Exp_Palma,,,2020,,,,,1.0,,,,,,,,,,,,,,,,,
754,1,DDP,Palma,Exp_Palma,,,2021,,,,,1.0,,,,,,,,,,,,,,,,,
754,1,DDP,Palma,Exp_Palma,,,2022,,,,,1.0,,,,,,,,,,,,,,,,,
754,1,DDP,Palma,Exp_Palma,,,2023,,,,,1.0,,,,,,,,,,,,,,,,,
754,1,DDP,Palma,Exp_Palma,,,2024,,,,,1.0,,,,,,,,,,,,,,,,,
754,1,DDP,Palma,Exp_Palma,,,2025,,,,,1.0,,,,,,,,,,,,,,,,,
754,1,DDP,Palma,Exp_Palma,,,2026,,,,,1.0,,,,,,,,,,,,,,,,,
754,1,DDP,Palma,Exp_Palma,,,2027,,,,,1.0,,,,,,,,,,,,,,,,,
754,1,DDP,Palma,Exp_Palma,,,2028,,,,,1.0,,,,,,,,,,,,,,,,,
754,1,DDP,Palma,Exp_Palma,,,2029,,,,,1.0,,,,,,,,,,,,,,,,,
754,1,DDP,Palma,Exp_Palma,,,2030,,,,,1.0,,,,,,,,,,,,,,,,,
754,1,DDP,Palma,Exp_Palma,,,2031,,,,,1.0,,,,,,,,,,,,,,,,,
754,1,DDP,Palma,Exp_Palma,,,2032,,,,,1.0,,,,,,,,,,,,,,,,,
754,1,DDP,Palma,Exp_Palma,,,2033,,,,,1.0,,,,,,,,,,,,,,,,,
754,1,DDP,Palma,Exp_Palma,,,2034,,,,,1.0,,,,,,,,,,,,,,,,,
754,1,DDP,Palma,Exp_Palma,,,2035,,,,,1.0,,,,,,,,,,,,,,,,,
754,1,DDP,Palma,Exp_Palma,,,2036,,,,,1.0,,,,,,,,,,,,,,,,,
754,1,DDP,Palma,Exp_Palma,,,2037,,,,,1.0,,,,,,,,,,,,,,,,,
754,1,DDP,Palma,Exp_Palma,,,2038,,,,,1.0,,,,,,,,,,,,,,,,,
754,1,DDP,Palma,Exp_Palma,,,2039,,,,,1.0,,,,,,,,,,,,,,,,,
754,1,DDP,Palma,Exp_Palma,,,2040,,,,,1.0,,,,,,,,,,,,,,,,,
754,1,DDP,Palma,Exp_Palma,,,2041,,,,,1.0,,,,,,,,,,,,,,,,,
754,1,DDP,Palma,Exp_Palma,,,2042,,,,,1.0,,,,,,,,,,,,,,,,,
754,1,DDP,Palma,Exp_Palma,,,2043,,,,,1.0,,,,,,,,,,,,,,,,,
754,1,DDP,Palma,Exp_Palma,,,2044,,,,,1.0,,,,,,,,,,,,,,,,,
754,1,DDP,Palma,Exp_Palma,,,2045,,,,,1.0,,,,,,,,,,,,,,,,,
754,1,DDP,Palma,Exp_Palma,,,2046,,,,,1.0,,,,,,,,,,,,,,,,,
754,1,DDP,Palma,Exp_Palma,,,2047,,,,,1.0,,,,,,,,,,,,,,,,,
754,1,DDP,Palma,Exp_Palma,,,2048,,,,,1.0,,,,,,,,,,,,,,,,,
754,1,DDP,Palma,Exp_Palma,,,2049,,,,,1.0,,,,,,,,,,,,,,,,,
754,1,DDP,Palma,Exp_Palma,,,2050,,,,,1.0,,,,,,,,,,,,,,,,,
754,1,DDP,Palma,Exp_Palma,,,2051,,,,,1.0,,,,,,,,,,,,,,,,,
754,1,DDP,Palma,Exp_Palma,,,2052,,,,,1.0,,,,,,,,,,,,,,,,,
754,1,DDP,Palma,Exp_Palma,,,2053,,,,,1.0,,,,,,,,,,,,,,,,,
754,1,DDP,Palma,Exp_Palma,,,2054,,,,,1.0,,,,,,,,,,,,,,,,,
754,1,DDP,Palma,Exp_Palma,,,2055,,,,,1.0,,,,,,,,,,,,,,,,,
754,1,DDP,Palma,Exp_Palma,,,2056,,,,,1.0,,,,,,,,,,,,,,,,,
754,1,DDP,Palma,Exp_Palma,,,2057,,,,,1.0,,,,,,,,,,,,,,,,,
754,1,DDP,Palma,Exp_Palma,,,2058,,,,,1.0,,,,,,,,,,,,,,,,,
754,1,DDP,Palma,Exp_Palma,,,2059,,,,,1.0,,,,,,,,,,,,,,,,,
754,1,DDP,Palma,Exp_Palma,,,2060,,,,,1.0,,,,,,,,,,,,,,,,,
754,1,DDP,Palma,Exp_Palma,,,2061,,,,,1.0,,,,,,,,,,,,,,,,,
754,1,DDP,Palma,Exp_Palma,,,2062,,,,,1.0,,,,,,,,,,,,,,,,,
754,1,DDP,Palma,Exp_Palma,,,2063,,,,,1.0,,,,,,,,,,,,,,,,,
754,1,DDP,Palma,Exp_Palma,,,2064,,,,,1.0,,,,,,,,,,,,,,,,,
754,1,DDP,Palma,Exp_Palma,,,2065,,,,,1.0,,,,,,,,,,,,,,,,,
754,1,DDP,Palma,Exp_Palma,,,2066,,,,,1.0,,,,,,,,,,,,,,,,,
754,1,DDP,Palma,Exp_Palma,,,2067,,,,,1.0,,,,,,,,,,,,,,,,,
754,1,DDP,Palma,Exp_Palma,,,2068,,,,,1.0,,,,,,,,,,,,,,,,,
754,1,DDP,Palma,Exp_Palma,,,2069,,,,,1.0,,,,,,,,,,,,,,,,,
754,1,DDP,Palma,Exp_Palma,,,2070,,,,,1.0,,,,,,,,,,,,,,,,,
754,1,DDP,Soya,Exp_Soya,,,2018,,,,,1.0,,,,,,,,,,,,,,,,,
754,1,DDP,Soya,Exp_Soya,,,2019,,,,,1.0,,,,,,,,,,,,,,,,,
754,1,DDP,Soya,Exp_Soya,,,2020,,,,,1.0,,,,,,,,,,,,,,,,,
754,1,DDP,Soya,Exp_Soya,,,2021,,,,,1.0,,,,,,,,,,,,,,,,,
754,1,DDP,Soya,Exp_Soya,,,2022,,,,,1.0,,,,,,,,,,,,,,,,,
754,1,DDP,Soya,Exp_Soya,,,2023,,,,,1.0,,,,,,,,,,,,,,,,,
754,1,DDP,Soya,Exp_Soya,,,2024,,,,,1.0,,,,,,,,,,,,,,,,,
754,1,DDP,Soya,Exp_Soya,,,2025,,,,,1.0,,,,,,,,,,,,,,,,,
754,1,DDP,Soya,Exp_Soya,,,2026,,,,,1.0,,,,,,,,,,,,,,,,,
754,1,DDP,Soya,Exp_Soya,,,2027,,,,,1.0,,,,,,,,,,,,,,,,,
754,1,DDP,Soya,Exp_Soya,,,2028,,,,,1.0,,,,,,,,,,,,,,,,,
754,1,DDP,Soya,Exp_Soya,,,2029,,,,,1.0,,,,,,,,,,,,,,,,,
754,1,DDP,Soya,Exp_Soya,,,2030,,,,,1.0,,,,,,,,,,,,,,,,,
754,1,DDP,Soya,Exp_Soya,,,2031,,,,,1.0,,,,,,,,,,,,,,,,,
754,1,DDP,Soya,Exp_Soya,,,2032,,,,,1.0,,,,,,,,,,,,,,,,,
754,1,DDP,Soya,Exp_Soya,,,2033,,,,,1.0,,,,,,,,,,,,,,,,,
754,1,DDP,Soya,Exp_Soya,,,2034,,,,,1.0,,,,,,,,,,,,,,,,,
754,1,DDP,Soya,Exp_Soya,,,2035,,,,,1.0,,,,,,,,,,,,,,,,,
754,1,DDP,Soya,Exp_Soya,,,2036,,,,,1.0,,,,,,,,,,,,,,,,,
754,1,DDP,Soya,Exp_Soya,,,2037,,,,,1.0,,,,,,,,,,,,,,,,,
754,1,DDP,Soya,Exp_Soya,,,2038,,,,,1.0,,,,,,,,,,,,,,,,,
754,1,DDP,Soya,Exp_Soya,,,2039,,,,,1.0,,,,,,,,,,,,,,,,,
754,1,DDP,Soya,Exp_Soya,,,2040,,,,,1.0,,,,,,,,,,,,,,,,,
754,1,DDP,Soya,Exp_Soya,,,2041,,,,,1.0,,,,,,,,,,,,,,,,,
754,1,DDP,Soya,Exp_Soya,,,2042,,,,,1.0,,,,,,,,,,,,,,,,,
754,1,DDP,Soya,Exp_Soya,,,2043,,,,,1.0,,,,,,,,,,,,,,,,,
754,1,DDP,Soya,Exp_Soya,,,2044,,,,,1.0,,,,,,,,,,,,,,,,,
754,1,DDP,Soya,Exp_Soya,,,2045,,,,,1.0,,,,,,,,,,,,,,,,,
754,1,DDP,Soya,Exp_Soya,,,2046,,,,,1.0,,,,,,,,,,,,,,,,,
754,1,DDP,Soya,Exp_Soya,,,2047,,,,,1.0,,,,,,,,,,,,,,,,,
754,1,DDP,Soya,Exp_Soya,,,2048,,,,,1.0,,,,,,,,,,,,,,,,,
754,1,DDP,Soya,Exp_Soya,,,2049,,,,,1.0,,,,,,,,,,,,,,,,,
754,1,DDP,Soya,Exp_Soya,,,2050,,,,,1.0,,,,,,,,,,,,,,,,,
754,1,DDP,Soya,Exp_Soya,,,2051,,,,,1.0,,,,,,,,,,,,,,,,,
754,1,DDP,Soya,Exp_Soya,,,2052,,,,,1.0,,,,,,,,,,,,,,,,,
754,1,DDP,Soya,Exp_Soya,,,2053,,,,,1.0,,,,,,,,,,,,,,,,,
754,1,DDP,Soya,Exp_Soya,,,2054,,,,,1.0,,,,,,,,,,,,,,,,,
754,1,DDP,Soya,Exp_Soya,,,2055,,,,,1.0,,,,,,,,,,,,,,,,,
754,1,DDP,Soya,Exp_Soya,,,2056,,,,,1.0,,,,,,,,,,,,,,,,,
754,1,DDP,Soya,Exp_Soya,,,2057,,,,,1.0,,,,,,,,,,,,,,,,,
754,1,DDP,Soya,Exp_Soya,,,2058,,,,,1.0,,,,,,,,,,,,,,,,,
754,1,DDP,Soya,Exp_Soya,,,2059,,,,,1.0,,,,,,,,,,,,,,,,,
754,1,DDP,Soya,Exp_Soya,,,2060,,,,,1.0,,,,,,,,,,,,,,,,,
754,1,DDP,Soya,Exp_Soya,,,2061,,,,,1.0,,,,,,,,,,,,,,,,,
754,1,DDP,Soya,Exp_Soya,,,2062,,,,,1.0,,,,,,,,,,,,,,,,,
754,1,DDP,Soya,Exp_Soya,,,2063,,,,,1.0,,,,,,,,,,,,,,,,,
754,1,DDP,Soya,Exp_Soya,,,2064,,,,,1.0,,,,,,,,,,,,,,,,,
754,1,DDP,Soya,Exp_Soya,,,2065,,,,,1.0,,,,,,,,,,,,,,,,,
754,1,DDP,Soya,Exp_Soya,,,2066,,,,,1.0,,,,,,,,,,,,,,,,,
754,1,DDP,Soya,Exp_Soya,,,2067,,,,,1.0,,,,,,,,,,,,,,,,,
754,1,DDP,Soya,Exp_Soya,,,2068,,,,,1.0,,,,,,,,,,,,,,,,,
754,1,DDP,Soya,Exp_Soya,,,2069,,,,,1.0,,,,,,,,,,,,,,,,,
754,1,DDP,Soya,Exp_Soya,,,2070,,,,,1.0,,,,,,,,,,,,,,,,,
754,1,DDP,Palmito,Exp_Palmito,,,2018,,,,,1.0,,,,,,,,,,,,,,,,,
754,1,DDP,Palmito,Exp_Palmito,,,2019,,,,,1.0,,,,,,,,,,,,,,,,,
754,1,DDP,Palmito,Exp_Palmito,,,2020,,,,,1.0,,,,,,,,,,,,,,,,,
754,1,DDP,Palmito,Exp_Palmito,,,2021,,,,,1.0,,,,,,,,,,,,,,,,,
754,1,DDP,Palmito,Exp_Palmito,,,2022,,,,,1.0,,,,,,,,,,,,,,,,,
754,1,DDP,Palmito,Exp_Palmito,,,2023,,,,,1.0,,,,,,,,,,,,,,,,,
754,1,DDP,Palmito,Exp_Palmito,,,2024,,,,,1.0,,,,,,,,,,,,,,,,,
754,1,DDP,Palmito,Exp_Palmito,,,2025,,,,,1.0,,,,,,,,,,,,,,,,,
754,1,DDP,Palmito,Exp_Palmito,,,2026,,,,,1.0,,,,,,,,,,,,,,,,,
754,1,DDP,Palmito,Exp_Palmito,,,2027,,,,,1.0,,,,,,,,,,,,,,,,,
754,1,DDP,Palmito,Exp_Palmito,,,2028,,,,,1.0,,,,,,,,,,,,,,,,,
754,1,DDP,Palmito,Exp_Palmito,,,2029,,,,,1.0,,,,,,,,,,,,,,,,,
754,1,DDP,Palmito,Exp_Palmito,,,2030,,,,,1.0,,,,,,,,,,,,,,,,,
754,1,DDP,Palmito,Exp_Palmito,,,2031,,,,,1.0,,,,,,,,,,,,,,,,,
754,1,DDP,Palmito,Exp_Palmito,,,2032,,,,,1.0,,,,,,,,,,,,,,,,,
754,1,DDP,Palmito,Exp_Palmito,,,2033,,,,,1.0,,,,,,,,,,,,,,,,,
754,1,DDP,Palmito,Exp_Palmito,,,2034,,,,,1.0,,,,,,,,,,,,,,,,,
754,1,DDP,Palmito,Exp_Palmito,,,2035,,,,,1.0,,,,,,,,,,,,,,,,,
754,1,DDP,Palmito,Exp_Palmito,,,2036,,,,,1.0,,,,,,,,,,,,,,,,,
754,1,DDP,Palmito,Exp_Palmito,,,2037,,,,,1.0,,,,,,,,,,,,,,,,,
754,1,DDP,Palmito,Exp_Palmito,,,2038,,,,,1.0,,,,,,,,,,,,,,,,,
754,1,DDP,Palmito,Exp_Palmito,,,2039,,,,,1.0,,,,,,,,,,,,,,,,,
754,1,DDP,Palmito,Exp_Palmito,,,2040,,,,,1.0,,,,,,,,,,,,,,,,,
754,1,DDP,Palmito,Exp_Palmito,,,2041,,,,,1.0,,,,,,,,,,,,,,,,,
754,1,DDP,Palmito,Exp_Palmito,,,2042,,,,,1.0,,,,,,,,,,,,,,,,,
754,1,DDP,Palmito,Exp_Palmito,,,2043,,,,,1.0,,,,,,,,,,,,,,,,,
754,1,DDP,Palmito,Exp_Palmito,,,2044,,,,,1.0,,,,,,,,,,,,,,,,,
754,1,DDP,Palmito,Exp_Palmito,,,2045,,,,,1.0,,,,,,,,,,,,,,,,,
754,1,DDP,Palmito,Exp_Palmito,,,2046,,,,,1.0,,,,,,,,,,,,,,,,,
754,1,DDP,Palmito,Exp_Palmito,,,2047,,,,,1.0,,,,,,,,,,,,,,,,,
754,1,DDP,Palmito,Exp_Palmito,,,2048,,,,,1.0,,,,,,,,,,,,,,,,,
754,1,DDP,Palmito,Exp_Palmito,,,2049,,,,,1.0,,,,,,,,,,,,,,,,,
754,1,DDP,Palmito,Exp_Palmito,,,2050,,,,,1.0,,,,,,,,,,,,,,,,,
754,1,DDP,Palmito,Exp_Palmito,,,2051,,,,,1.0,,,,,,,,,,,,,,,,,
754,1,DDP,Palmito,Exp_Palmito,,,2052,,,,,1.0,,,,,,,,,,,,,,,,,
754,1,DDP,Palmito,Exp_Palmito,,,2053,,,,,1.0,,,,,,,,,,,,,,,,,
754,1,DDP,Palmito,Exp_Palmito,,,2054,,,,,1.0,,,,,,,,,,,,,,,,,
754,1,DDP,Palmito,Exp_Palmito,,,2055,,,,,1.0,,,,,,,,,,,,,,,,,
754,1,DDP,Palmito,Exp_Palmito,,,2056,,,,,1.0,,,,,,,,,,,,,,,,,
754,1,DDP,Palmito,Exp_Palmito,,,2057,,,,,1.0,,,,,,,,,,,,,,,,,
754,1,DDP,Palmito,Exp_Palmito,,,2058,,,,,1.0,,,,,,,,,,,,,,,,,
754,1,DDP,Palmito,Exp_Palmito,,,2059,,,,,1.0,,,,,,,,,,,,,,,,,
754,1,DDP,Palmito,Exp_Palmito,,,2060,,,,,1.0,,,,,,,,,,,,,,,,,
754,1,DDP,Palmito,Exp_Palmito,,,2061,,,,,1.0,,,,,,,,,,,,,,,,,
754,1,DDP,Palmito,Exp_Palmito,,,2062,,,,,1.0,,,,,,,,,,,,,,,,,
754,1,DDP,Palmito,Exp_Palmito,,,2063,,,,,1.0,,,,,,,,,,,,,,,,,
754,1,DDP,Palmito,Exp_Palmito,,,2064,,,,,1.0,,,,,,,,,,,,,,,,,
754,1,DDP,Palmito,Exp_Palmito,,,2065,,,,,1.0,,,,,,,,,,,,,,,,,
754,1,DDP,Palmito,Exp_Palmito,,,2066,,,,,1.0,,,,,,,,,,,,,,,,,
754,1,DDP,Palmito,Exp_Palmito,,,2067,,,,,1.0,,,,,,,,,,,,,,,,,
754,1,DDP,Palmito,Exp_Palmito,,,2068,,,,,1.0,,,,,,,,,,,,,,,,,
754,1,DDP,Palmito,Exp_Palmito,,,2069,,,,,1.0,,,,,,,,,,,,,,,,,
754,1,DDP,Palmito,Exp_Palmito,,,2070,,,,,1.0,,,,,,,,,,,,,,,,,
754,1,DDP,Legumbres,Exp_Legumbres,,,2018,,,,,1.0,,,,,,,,,,,,,,,,,
754,1,DDP,Legumbres,Exp_Legumbres,,,2019,,,,,1.0,,,,,,,,,,,,,,,,,
754,1,DDP,Legumbres,Exp_Legumbres,,,2020,,,,,1.0,,,,,,,,,,,,,,,,,
754,1,DDP,Legumbres,Exp_Legumbres,,,2021,,,,,1.0,,,,,,,,,,,,,,,,,
754,1,DDP,Legumbres,Exp_Legumbres,,,2022,,,,,1.0,,,,,,,,,,,,,,,,,
754,1,DDP,Legumbres,Exp_Legumbres,,,2023,,,,,1.0,,,,,,,,,,,,,,,,,
754,1,DDP,Legumbres,Exp_Legumbres,,,2024,,,,,1.0,,,,,,,,,,,,,,,,,
754,1,DDP,Legumbres,Exp_Legumbres,,,2025,,,,,1.0,,,,,,,,,,,,,,,,,
754,1,DDP,Legumbres,Exp_Legumbres,,,2026,,,,,1.0,,,,,,,,,,,,,,,,,
754,1,DDP,Legumbres,Exp_Legumbres,,,2027,,,,,1.0,,,,,,,,,,,,,,,,,
754,1,DDP,Legumbres,Exp_Legumbres,,,2028,,,,,1.0,,,,,,,,,,,,,,,,,
754,1,DDP,Legumbres,Exp_Legumbres,,,2029,,,,,1.0,,,,,,,,,,,,,,,,,
754,1,DDP,Legumbres,Exp_Legumbres,,,2030,,,,,1.0,,,,,,,,,,,,,,,,,
754,1,DDP,Legumbres,Exp_Legumbres,,,2031,,,,,1.0,,,,,,,,,,,,,,,,,
754,1,DDP,Legumbres,Exp_Legumbres,,,2032,,,,,1.0,,,,,,,,,,,,,,,,,
754,1,DDP,Legumbres,Exp_Legumbres,,,2033,,,,,1.0,,,,,,,,,,,,,,,,,
754,1,DDP,Legumbres,Exp_Legumbres,,,2034,,,,,1.0,,,,,,,,,,,,,,,,,
754,1,DDP,Legumbres,Exp_Legumbres,,,2035,,,,,1.0,,,,,,,,,,,,,,,,,
754,1,DDP,Legumbres,Exp_Legumbres,,,2036,,,,,1.0,,,,,,,,,,,,,,,,,
754,1,DDP,Legumbres,Exp_Legumbres,,,2037,,,,,1.0,,,,,,,,,,,,,,,,,
754,1,DDP,Legumbres,Exp_Legumbres,,,2038,,,,,1.0,,,,,,,,,,,,,,,,,
754,1,DDP,Legumbres,Exp_Legumbres,,,2039,,,,,1.0,,,,,,,,,,,,,,,,,
754,1,DDP,Legumbres,Exp_Legumbres,,,2040,,,,,1.0,,,,,,,,,,,,,,,,,
754,1,DDP,Legumbres,Exp_Legumbres,,,2041,,,,,1.0,,,,,,,,,,,,,,,,,
754,1,DDP,Legumbres,Exp_Legumbres,,,2042,,,,,1.0,,,,,,,,,,,,,,,,,
754,1,DDP,Legumbres,Exp_Legumbres,,,2043,,,,,1.0,,,,,,,,,,,,,,,,,
754,1,DDP,Legumbres,Exp_Legumbres,,,2044,,,,,1.0,,,,,,,,,,,,,,,,,
754,1,DDP,Legumbres,Exp_Legumbres,,,2045,,,,,1.0,,,,,,,,,,,,,,,,,
754,1,DDP,Legumbres,Exp_Legumbres,,,2046,,,,,1.0,,,,,,,,,,,,,,,,,
754,1,DDP,Legumbres,Exp_Legumbres,,,2047,,,,,1.0,,,,,,,,,,,,,,,,,
754,1,DDP,Legumbres,Exp_Legumbres,,,2048,,,,,1.0,,,,,,,,,,,,,,,,,
754,1,DDP,Legumbres,Exp_Legumbres,,,2049,,,,,1.0,,,,,,,,,,,,,,,,,
754,1,DDP,Legumbres,Exp_Legumbres,,,2050,,,,,1.0,,,,,,,,,,,,,,,,,
754,1,DDP,Legumbres,Exp_Legumbres,,,2051,,,,,1.0,,,,,,,,,,,,,,,,,
754,1,DDP,Legumbres,Exp_Legumbres,,,2052,,,,,1.0,,,,,,,,,,,,,,,,,
754,1,DDP,Legumbres,Exp_Legumbres,,,2053,,,,,1.0,,,,,,,,,,,,,,,,,
754,1,DDP,Legumbres,Exp_Legumbres,,,2054,,,,,1.0,,,,,,,,,,,,,,,,,
754,1,DDP,Legumbres,Exp_Legumbres,,,2055,,,,,1.0,,,,,,,,,,,,,,,,,
754,1,DDP,Legumbres,Exp_Legumbres,,,2056,,,,,1.0,,,,,,,,,,,,,,,,,
754,1,DDP,Legumbres,Exp_Legumbres,,,2057,,,,,1.0,,,,,,,,,,,,,,,,,
754,1,DDP,Legumbres,Exp_Legumbres,,,2058,,,,,1.0,,,,,,,,,,,,,,,,,
754,1,DDP,Legumbres,Exp_Legumbres,,,2059,,,,,1.0,,,,,,,,,,,,,,,,,
754,1,DDP,Legumbres,Exp_Legumbres,,,2060,,,,,1.0,,,,,,,,,,,,,,,,,
754,1,DDP,Legumbres,Exp_Legumbres,,,2061,,,,,1.0,,,,,,,,,,,,,,,,,
754,1,DDP,Legumbres,Exp_Legumbres,,,2062,,,,,1.0,,,,,,,,,,,,,,,,,
754,1,DDP,Legumbres,Exp_Legumbres,,,2063,,,,,1.0,,,,,,,,,,,,,,,,,
754,1,DDP,Legumbres,Exp_Legumbres,,,2064,,,,,1.0,,,,,,,,,,,,,,,,,
754,1,DDP,Legumbres,Exp_Legumbres,,,2065,,,,,1.0,,,,,,,,,,,,,,,,,
754,1,DDP,Legumbres,Exp_Legumbres,,,2066,,,,,1.0,,,,,,,,,,,,,,,,,
754,1,DDP,Legumbres,Exp_Legumbres,,,2067,,,,,1.0,,,,,,,,,,,,,,,,,
754,1,DDP,Legumbres,Exp_Legumbres,,,2068,,,,,1.0,,,,,,,,,,,,,,,,,
754,1,DDP,Legumbres,Exp_Legumbres,,,2069,,,,,1.0,,,,,,,,,,,,,,,,,
754,1,DDP,Legumbres,Exp_Legumbres,,,2070,,,,,1.0,,,,,,,,,,,,,,,,,
754,1,DDP,Cereales,Exp_Cereales,,,2018,,,,,1.0,,,,,,,,,,,,,,,,,
754,1,DDP,Cereales,Exp_Cereales,,,2019,,,,,1.0,,,,,,,,,,,,,,,,,
754,1,DDP,Cereales,Exp_Cereales,,,2020,,,,,1.0,,,,,,,,,,,,,,,,,
754,1,DDP,Cereales,Exp_Cereales,,,2021,,,,,1.0,,,,,,,,,,,,,,,,,
754,1,DDP,Cereales,Exp_Cereales,,,2022,,,,,1.0,,,,,,,,,,,,,,,,,
754,1,DDP,Cereales,Exp_Cereales,,,2023,,,,,1.0,,,,,,,,,,,,,,,,,
754,1,DDP,Cereales,Exp_Cereales,,,2024,,,,,1.0,,,,,,,,,,,,,,,,,
754,1,DDP,Cereales,Exp_Cereales,,,2025,,,,,1.0,,,,,,,,,,,,,,,,,
754,1,DDP,Cereales,Exp_Cereales,,,2026,,,,,1.0,,,,,,,,,,,,,,,,,
754,1,DDP,Cereales,Exp_Cereales,,,2027,,,,,1.0,,,,,,,,,,,,,,,,,
754,1,DDP,Cereales,Exp_Cereales,,,2028,,,,,1.0,,,,,,,,,,,,,,,,,
754,1,DDP,Cereales,Exp_Cereales,,,2029,,,,,1.0,,,,,,,,,,,,,,,,,
754,1,DDP,Cereales,Exp_Cereales,,,2030,,,,,1.0,,,,,,,,,,,,,,,,,
754,1,DDP,Cereales,Exp_Cereales,,,2031,,,,,1.0,,,,,,,,,,,,,,,,,
754,1,DDP,Cereales,Exp_Cereales,,,2032,,,,,1.0,,,,,,,,,,,,,,,,,
754,1,DDP,Cereales,Exp_Cereales,,,2033,,,,,1.0,,,,,,,,,,,,,,,,,
754,1,DDP,Cereales,Exp_Cereales,,,2034,,,,,1.0,,,,,,,,,,,,,,,,,
754,1,DDP,Cereales,Exp_Cereales,,,2035,,,,,1.0,,,,,,,,,,,,,,,,,
754,1,DDP,Cereales,Exp_Cereales,,,2036,,,,,1.0,,,,,,,,,,,,,,,,,
754,1,DDP,Cereales,Exp_Cereales,,,2037,,,,,1.0,,,,,,,,,,,,,,,,,
754,1,DDP,Cereales,Exp_Cereales,,,2038,,,,,1.0,,,,,,,,,,,,,,,,,
754,1,DDP,Cereales,Exp_Cereales,,,2039,,,,,1.0,,,,,,,,,,,,,,,,,
754,1,DDP,Cereales,Exp_Cereales,,,2040,,,,,1.0,,,,,,,,,,,,,,,,,
754,1,DDP,Cereales,Exp_Cereales,,,2041,,,,,1.0,,,,,,,,,,,,,,,,,
754,1,DDP,Cereales,Exp_Cereales,,,2042,,,,,1.0,,,,,,,,,,,,,,,,,
754,1,DDP,Cereales,Exp_Cereales,,,2043,,,,,1.0,,,,,,,,,,,,,,,,,
754,1,DDP,Cereales,Exp_Cereales,,,2044,,,,,1.0,,,,,,,,,,,,,,,,,
754,1,DDP,Cereales,Exp_Cereales,,,2045,,,,,1.0,,,,,,,,,,,,,,,,,
754,1,DDP,Cereales,Exp_Cereales,,,2046,,,,,1.0,,,,,,,,,,,,,,,,,
754,1,DDP,Cereales,Exp_Cereales,,,2047,,,,,1.0,,,,,,,,,,,,,,,,,
754,1,DDP,Cereales,Exp_Cereales,,,2048,,,,,1.0,,,,,,,,,,,,,,,,,
754,1,DDP,Cereales,Exp_Cereales,,,2049,,,,,1.0,,,,,,,,,,,,,,,,,
754,1,DDP,Cereales,Exp_Cereales,,,2050,,,,,1.0,,,,,,,,,,,,,,,,,
754,1,DDP,Cereales,Exp_Cereales,,,2051,,,,,1.0,,,,,,,,,,,,,,,,,
754,1,DDP,Cereales,Exp_Cereales,,,2052,,,,,1.0,,,,,,,,,,,,,,,,,
754,1,DDP,Cereales,Exp_Cereales,,,2053,,,,,1.0,,,,,,,,,,,,,,,,,
754,1,DDP,Cereales,Exp_Cereales,,,2054,,,,,1.0,,,,,,,,,,,,,,,,,
754,1,DDP,Cereales,Exp_Cereales,,,2055,,,,,1.0,,,,,,,,,,,,,,,,,
754,1,DDP,Cereales,Exp_Cereales,,,2056,,,,,1.0,,,,,,,,,,,,,,,,,
754,1,DDP,Cereales,Exp_Cereales,,,2057,,,,,1.0,,,,,,,,,,,,,,,,,
754,1,DDP,Cereales,Exp_Cereales,,,2058,,,,,1.0,,,,,,,,,,,,,,,,,
754,1,DDP,Cereales,Exp_Cereales,,,2059,,,,,1.0,,,,,,,,,,,,,,,,,
754,1,DDP,Cereales,Exp_Cereales,,,2060,,,,,1.0,,,,,,,,,,,,,,,,,
754,1,DDP,Cereales,Exp_Cereales,,,2061,,,,,1.0,,,,,,,,,,,,,,,,,
754,1,DDP,Cereales,Exp_Cereales,,,2062,,,,,1.0,,,,,,,,,,,,,,,,,
754,1,DDP,Cereales,Exp_Cereales,,,2063,,,,,1.0,,,,,,,,,,,,,,,,,
754,1,DDP,Cereales,Exp_Cereales,,,2064,,,,,1.0,,,,,,,,,,,,,,,,,
754,1,DDP,Cereales,Exp_Cereales,,,2065,,,,,1.0,,,,,,,,,,,,,,,,,
754,1,DDP,Cereales,Exp_Cereales,,,2066,,,,,1.0,,,,,,,,,,,,,,,,,
754,1,DDP,Cereales,Exp_Cereales,,,2067,,,,,1.0,,,,,,,,,,,,,,,,,
754,1,DDP,Cereales,Exp_Cereales,,,2068,,,,,1.0,,,,,,,,,,,,,,,,,
754,1,DDP,Cereales,Exp_Cereales,,,2069,,,,,1.0,,,,,,,,,,,,,,,,,
754,1,DDP,Cereales,Exp_Cereales,,,2070,,,,,1.0,,,,,,,,,,,,,,,,,
754,1,DDP,Tuberculos,Exp_Tuberculos,,,2018,,,,,1.0,,,,,,,,,,,,,,,,,
754,1,DDP,Tuberculos,Exp_Tuberculos,,,2019,,,,,1.0,,,,,,,,,,,,,,,,,
754,1,DDP,Tuberculos,Exp_Tuberculos,,,2020,,,,,1.0,,,,,,,,,,,,,,,,,
754,1,DDP,Tuberculos,Exp_Tuberculos,,,2021,,,,,1.0,,,,,,,,,,,,,,,,,
754,1,DDP,Tuberculos,Exp_Tuberculos,,,2022,,,,,1.0,,,,,,,,,,,,,,,,,
754,1,DDP,Tuberculos,Exp_Tuberculos,,,2023,,,,,1.0,,,,,,,,,,,,,,,,,
754,1,DDP,Tuberculos,Exp_Tuberculos,,,2024,,,,,1.0,,,,,,,,,,,,,,,,,
754,1,DDP,Tuberculos,Exp_Tuberculos,,,2025,,,,,1.0,,,,,,,,,,,,,,,,,
754,1,DDP,Tuberculos,Exp_Tuberculos,,,2026,,,,,1.0,,,,,,,,,,,,,,,,,
754,1,DDP,Tuberculos,Exp_Tuberculos,,,2027,,,,,1.0,,,,,,,,,,,,,,,,,
754,1,DDP,Tuberculos,Exp_Tuberculos,,,2028,,,,,1.0,,,,,,,,,,,,,,,,,
754,1,DDP,Tuberculos,Exp_Tuberculos,,,2029,,,,,1.0,,,,,,,,,,,,,,,,,
754,1,DDP,Tuberculos,Exp_Tuberculos,,,2030,,,,,1.0,,,,,,,,,,,,,,,,,
754,1,DDP,Tuberculos,Exp_Tuberculos,,,2031,,,,,1.0,,,,,,,,,,,,,,,,,
754,1,DDP,Tuberculos,Exp_Tuberculos,,,2032,,,,,1.0,,,,,,,,,,,,,,,,,
754,1,DDP,Tuberculos,Exp_Tuberculos,,,2033,,,,,1.0,,,,,,,,,,,,,,,,,
754,1,DDP,Tuberculos,Exp_Tuberculos,,,2034,,,,,1.0,,,,,,,,,,,,,,,,,
754,1,DDP,Tuberculos,Exp_Tuberculos,,,2035,,,,,1.0,,,,,,,,,,,,,,,,,
754,1,DDP,Tuberculos,Exp_Tuberculos,,,2036,,,,,1.0,,,,,,,,,,,,,,,,,
754,1,DDP,Tuberculos,Exp_Tuberculos,,,2037,,,,,1.0,,,,,,,,,,,,,,,,,
754,1,DDP,Tuberculos,Exp_Tuberculos,,,2038,,,,,1.0,,,,,,,,,,,,,,,,,
754,1,DDP,Tuberculos,Exp_Tuberculos,,,2039,,,,,1.0,,,,,,,,,,,,,,,,,
754,1,DDP,Tuberculos,Exp_Tuberculos,,,2040,,,,,1.0,,,,,,,,,,,,,,,,,
754,1,DDP,Tuberculos,Exp_Tuberculos,,,2041,,,,,1.0,,,,,,,,,,,,,,,,,
754,1,DDP,Tuberculos,Exp_Tuberculos,,,2042,,,,,1.0,,,,,,,,,,,,,,,,,
754,1,DDP,Tuberculos,Exp_Tuberculos,,,2043,,,,,1.0,,,,,,,,,,,,,,,,,
754,1,DDP,Tuberculos,Exp_Tuberculos,,,2044,,,,,1.0,,,,,,,,,,,,,,,,,
754,1,DDP,Tuberculos,Exp_Tuberculos,,,2045,,,,,1.0,,,,,,,,,,,,,,,,,
754,1,DDP,Tuberculos,Exp_Tuberculos,,,2046,,,,,1.0,,,,,,,,,,,,,,,,,
754,1,DDP,Tuberculos,Exp_Tuberculos,,,2047,,,,,1.0,,,,,,,,,,,,,,,,,
754,1,DDP,Tuberculos,Exp_Tuberculos,,,2048,,,,,1.0,,,,,,,,,,,,,,,,,
754,1,DDP,Tuberculos,Exp_Tuberculos,,,2049,,,,,1.0,,,,,,,,,,,,,,,,,
754,1,DDP,Tuberculos,Exp_Tuberculos,,,2050,,,,,1.0,,,,,,,,,,,,,,,,,
754,1,DDP,Tuberculos,Exp_Tuberculos,,,2051,,,,,1.0,,,,,,,,,,,,,,,,,
754,1,DDP,Tuberculos,Exp_Tuberculos,,,2052,,,,,1.0,,,,,,,,,,,,,,,,,
754,1,DDP,Tuberculos,Exp_Tuberculos,,,2053,,,,,1.0,,,,,,,,,,,,,,,,,
754,1,DDP,Tuberculos,Exp_Tuberculos,,,2054,,,,,1.0,,,,,,,,,,,,,,,,,
754,1,DDP,Tuberculos,Exp_Tuberculos,,,2055,,,,,1.0,,,,,,,,,,,,,,,,,
754,1,DDP,Tuberculos,Exp_Tuberculos,,,2056,,,,,1.0,,,,,,,,,,,,,,,,,
754,1,DDP,Tuberculos,Exp_Tuberculos,,,2057,,,,,1.0,,,,,,,,,,,,,,,,,
754,1,DDP,Tuberculos,Exp_Tuberculos,,,2058,,,,,1.0,,,,,,,,,,,,,,,,,
754,1,DDP,Tuberculos,Exp_Tuberculos,,,2059,,,,,1.0,,,,,,,,,,,,,,,,,
754,1,DDP,Tuberculos,Exp_Tuberculos,,,2060,,,,,1.0,,,,,,,,,,,,,,,,,
754,1,DDP,Tuberculos,Exp_Tuberculos,,,2061,,,,,1.0,,,,,,,,,,,,,,,,,
754,1,DDP,Tuberculos,Exp_Tuberculos,,,2062,,,,,1.0,,,,,,,,,,,,,,,,,
754,1,DDP,Tuberculos,Exp_Tuberculos,,,2063,,,,,1.0,,,,,,,,,,,,,,,,,
754,1,DDP,Tuberculos,Exp_Tuberculos,,,2064,,,,,1.0,,,,,,,,,,,,,,,,,
754,1,DDP,Tuberculos,Exp_Tuberculos,,,2065,,,,,1.0,,,,,,,,,,,,,,,,,
754,1,DDP,Tuberculos,Exp_Tuberculos,,,2066,,,,,1.0,,,,,,,,,,,,,,,,,
754,1,DDP,Tuberculos,Exp_Tuberculos,,,2067,,,,,1.0,,,,,,,,,,,,,,,,,
754,1,DDP,Tuberculos,Exp_Tuberculos,,,2068,,,,,1.0,,,,,,,,,,,,,,,,,
754,1,DDP,Tuberculos,Exp_Tuberculos,,,2069,,,,,1.0,,,,,,,,,,,,,,,,,
754,1,DDP,Tuberculos,Exp_Tuberculos,,,2070,,,,,1.0,,,,,,,,,,,,,,,,,
754,1,DDP,Fruta,Exp_Fruta,,,2018,,,,,1.0,,,,,,,,,,,,,,,,,
754,1,DDP,Fruta,Exp_Fruta,,,2019,,,,,1.0,,,,,,,,,,,,,,,,,
754,1,DDP,Fruta,Exp_Fruta,,,2020,,,,,1.0,,,,,,,,,,,,,,,,,
754,1,DDP,Fruta,Exp_Fruta,,,2021,,,,,1.0,,,,,,,,,,,,,,,,,
754,1,DDP,Fruta,Exp_Fruta,,,2022,,,,,1.0,,,,,,,,,,,,,,,,,
754,1,DDP,Fruta,Exp_Fruta,,,2023,,,,,1.0,,,,,,,,,,,,,,,,,
754,1,DDP,Fruta,Exp_Fruta,,,2024,,,,,1.0,,,,,,,,,,,,,,,,,
754,1,DDP,Fruta,Exp_Fruta,,,2025,,,,,1.0,,,,,,,,,,,,,,,,,
754,1,DDP,Fruta,Exp_Fruta,,,2026,,,,,1.0,,,,,,,,,,,,,,,,,
754,1,DDP,Fruta,Exp_Fruta,,,2027,,,,,1.0,,,,,,,,,,,,,,,,,
754,1,DDP,Fruta,Exp_Fruta,,,2028,,,,,1.0,,,,,,,,,,,,,,,,,
754,1,DDP,Fruta,Exp_Fruta,,,2029,,,,,1.0,,,,,,,,,,,,,,,,,
754,1,DDP,Fruta,Exp_Fruta,,,2030,,,,,1.0,,,,,,,,,,,,,,,,,
754,1,DDP,Fruta,Exp_Fruta,,,2031,,,,,1.0,,,,,,,,,,,,,,,,,
754,1,DDP,Fruta,Exp_Fruta,,,2032,,,,,1.0,,,,,,,,,,,,,,,,,
754,1,DDP,Fruta,Exp_Fruta,,,2033,,,,,1.0,,,,,,,,,,,,,,,,,
754,1,DDP,Fruta,Exp_Fruta,,,2034,,,,,1.0,,,,,,,,,,,,,,,,,
754,1,DDP,Fruta,Exp_Fruta,,,2035,,,,,1.0,,,,,,,,,,,,,,,,,
754,1,DDP,Fruta,Exp_Fruta,,,2036,,,,,1.0,,,,,,,,,,,,,,,,,
754,1,DDP,Fruta,Exp_Fruta,,,2037,,,,,1.0,,,,,,,,,,,,,,,,,
754,1,DDP,Fruta,Exp_Fruta,,,2038,,,,,1.0,,,,,,,,,,,,,,,,,
754,1,DDP,Fruta,Exp_Fruta,,,2039,,,,,1.0,,,,,,,,,,,,,,,,,
754,1,DDP,Fruta,Exp_Fruta,,,2040,,,,,1.0,,,,,,,,,,,,,,,,,
754,1,DDP,Fruta,Exp_Fruta,,,2041,,,,,1.0,,,,,,,,,,,,,,,,,
754,1,DDP,Fruta,Exp_Fruta,,,2042,,,,,1.0,,,,,,,,,,,,,,,,,
754,1,DDP,Fruta,Exp_Fruta,,,2043,,,,,1.0,,,,,,,,,,,,,,,,,
754,1,DDP,Fruta,Exp_Fruta,,,2044,,,,,1.0,,,,,,,,,,,,,,,,,
754,1,DDP,Fruta,Exp_Fruta,,,2045,,,,,1.0,,,,,,,,,,,,,,,,,
754,1,DDP,Fruta,Exp_Fruta,,,2046,,,,,1.0,,,,,,,,,,,,,,,,,
754,1,DDP,Fruta,Exp_Fruta,,,2047,,,,,1.0,,,,,,,,,,,,,,,,,
754,1,DDP,Fruta,Exp_Fruta,,,2048,,,,,1.0,,,,,,,,,,,,,,,,,
754,1,DDP,Fruta,Exp_Fruta,,,2049,,,,,1.0,,,,,,,,,,,,,,,,,
754,1,DDP,Fruta,Exp_Fruta,,,2050,,,,,1.0,,,,,,,,,,,,,,,,,
754,1,DDP,Fruta,Exp_Fruta,,,2051,,,,,1.0,,,,,,,,,,,,,,,,,
754,1,DDP,Fruta,Exp_Fruta,,,2052,,,,,1.0,,,,,,,,,,,,,,,,,
754,1,DDP,Fruta,Exp_Fruta,,,2053,,,,,1.0,,,,,,,,,,,,,,,,,
754,1,DDP,Fruta,Exp_Fruta,,,2054,,,,,1.0,,,,,,,,,,,,,,,,,
754,1,DDP,Fruta,Exp_Fruta,,,2055,,,,,1.0,,,,,,,,,,,,,,,,,
754,1,DDP,Fruta,Exp_Fruta,,,2056,,,,,1.0,,,,,,,,,,,,,,,,,
754,1,DDP,Fruta,Exp_Fruta,,,2057,,,,,1.0,,,,,,,,,,,,,,,,,
754,1,DDP,Fruta,Exp_Fruta,,,2058,,,,,1.0,,,,,,,,,,,,,,,,,
754,1,DDP,Fruta,Exp_Fruta,,,2059,,,,,1.0,,,,,,,,,,,,,,,,,
754,1,DDP,Fruta,Exp_Fruta,,,2060,,,,,1.0,,,,,,,,,,,,,,,,,
754,1,DDP,Fruta,Exp_Fruta,,,2061,,,,,1.0,,,,,,,,,,,,,,,,,
754,1,DDP,Fruta,Exp_Fruta,,,2062,,,,,1.0,,,,,,,,,,,,,,,,,
754,1,DDP,Fruta,Exp_Fruta,,,2063,,,,,1.0,,,,,,,,,,,,,,,,,
754,1,DDP,Fruta,Exp_Fruta,,,2064,,,,,1.0,,,,,,,,,,,,,,,,,
754,1,DDP,Fruta,Exp_Fruta,,,2065,,,,,1.0,,,,,,,,,,,,,,,,,
754,1,DDP,Fruta,Exp_Fruta,,,2066,,,,,1.0,,,,,,,,,,,,,,,,,
754,1,DDP,Fruta,Exp_Fruta,,,2067,,,,,1.0,,,,,,,,,,,,,,,,,
754,1,DDP,Fruta,Exp_Fruta,,,2068,,,,,1.0,,,,,,,,,,,,,,,,,
754,1,DDP,Fruta,Exp_Fruta,,,2069,,,,,1.0,,,,,,,,,,,,,,,,,
754,1,DDP,Fruta,Exp_Fruta,,,2070,,,,,1.0,,,,,,,,,,,,,,,,,
754,1,DDP,Verduras,Exp_Verduras,,,2018,,,,,1.0,,,,,,,,,,,,,,,,,
754,1,DDP,Verduras,Exp_Verduras,,,2019,,,,,1.0,,,,,,,,,,,,,,,,,
754,1,DDP,Verduras,Exp_Verduras,,,2020,,,,,1.0,,,,,,,,,,,,,,,,,
754,1,DDP,Verduras,Exp_Verduras,,,2021,,,,,1.0,,,,,,,,,,,,,,,,,
754,1,DDP,Verduras,Exp_Verduras,,,2022,,,,,1.0,,,,,,,,,,,,,,,,,
754,1,DDP,Verduras,Exp_Verduras,,,2023,,,,,1.0,,,,,,,,,,,,,,,,,
754,1,DDP,Verduras,Exp_Verduras,,,2024,,,,,1.0,,,,,,,,,,,,,,,,,
754,1,DDP,Verduras,Exp_Verduras,,,2025,,,,,1.0,,,,,,,,,,,,,,,,,
754,1,DDP,Verduras,Exp_Verduras,,,2026,,,,,1.0,,,,,,,,,,,,,,,,,
754,1,DDP,Verduras,Exp_Verduras,,,2027,,,,,1.0,,,,,,,,,,,,,,,,,
754,1,DDP,Verduras,Exp_Verduras,,,2028,,,,,1.0,,,,,,,,,,,,,,,,,
754,1,DDP,Verduras,Exp_Verduras,,,2029,,,,,1.0,,,,,,,,,,,,,,,,,
754,1,DDP,Verduras,Exp_Verduras,,,2030,,,,,1.0,,,,,,,,,,,,,,,,,
754,1,DDP,Verduras,Exp_Verduras,,,2031,,,,,1.0,,,,,,,,,,,,,,,,,
754,1,DDP,Verduras,Exp_Verduras,,,2032,,,,,1.0,,,,,,,,,,,,,,,,,
754,1,DDP,Verduras,Exp_Verduras,,,2033,,,,,1.0,,,,,,,,,,,,,,,,,
754,1,DDP,Verduras,Exp_Verduras,,,2034,,,,,1.0,,,,,,,,,,,,,,,,,
754,1,DDP,Verduras,Exp_Verduras,,,2035,,,,,1.0,,,,,,,,,,,,,,,,,
754,1,DDP,Verduras,Exp_Verduras,,,2036,,,,,1.0,,,,,,,,,,,,,,,,,
754,1,DDP,Verduras,Exp_Verduras,,,2037,,,,,1.0,,,,,,,,,,,,,,,,,
754,1,DDP,Verduras,Exp_Verduras,,,2038,,,,,1.0,,,,,,,,,,,,,,,,,
754,1,DDP,Verduras,Exp_Verduras,,,2039,,,,,1.0,,,,,,,,,,,,,,,,,
754,1,DDP,Verduras,Exp_Verduras,,,2040,,,,,1.0,,,,,,,,,,,,,,,,,
754,1,DDP,Verduras,Exp_Verduras,,,2041,,,,,1.0,,,,,,,,,,,,,,,,,
754,1,DDP,Verduras,Exp_Verduras,,,2042,,,,,1.0,,,,,,,,,,,,,,,,,
754,1,DDP,Verduras,Exp_Verduras,,,2043,,,,,1.0,,,,,,,,,,,,,,,,,
754,1,DDP,Verduras,Exp_Verduras,,,2044,,,,,1.0,,,,,,,,,,,,,,,,,
754,1,DDP,Verduras,Exp_Verduras,,,2045,,,,,1.0,,,,,,,,,,,,,,,,,
754,1,DDP,Verduras,Exp_Verduras,,,2046,,,,,1.0,,,,,,,,,,,,,,,,,
754,1,DDP,Verduras,Exp_Verduras,,,2047,,,,,1.0,,,,,,,,,,,,,,,,,
754,1,DDP,Verduras,Exp_Verduras,,,2048,,,,,1.0,,,,,,,,,,,,,,,,,
754,1,DDP,Verduras,Exp_Verduras,,,2049,,,,,1.0,,,,,,,,,,,,,,,,,
754,1,DDP,Verduras,Exp_Verduras,,,2050,,,,,1.0,,,,,,,,,,,,,,,,,
754,1,DDP,Verduras,Exp_Verduras,,,2051,,,,,1.0,,,,,,,,,,,,,,,,,
754,1,DDP,Verduras,Exp_Verduras,,,2052,,,,,1.0,,,,,,,,,,,,,,,,,
754,1,DDP,Verduras,Exp_Verduras,,,2053,,,,,1.0,,,,,,,,,,,,,,,,,
754,1,DDP,Verduras,Exp_Verduras,,,2054,,,,,1.0,,,,,,,,,,,,,,,,,
754,1,DDP,Verduras,Exp_Verduras,,,2055,,,,,1.0,,,,,,,,,,,,,,,,,
754,1,DDP,Verduras,Exp_Verduras,,,2056,,,,,1.0,,,,,,,,,,,,,,,,,
754,1,DDP,Verduras,Exp_Verduras,,,2057,,,,,1.0,,,,,,,,,,,,,,,,,
754,1,DDP,Verduras,Exp_Verduras,,,2058,,,,,1.0,,,,,,,,,,,,,,,,,
754,1,DDP,Verduras,Exp_Verduras,,,2059,,,,,1.0,,,,,,,,,,,,,,,,,
754,1,DDP,Verduras,Exp_Verduras,,,2060,,,,,1.0,,,,,,,,,,,,,,,,,
754,1,DDP,Verduras,Exp_Verduras,,,2061,,,,,1.0,,,,,,,,,,,,,,,,,
754,1,DDP,Verduras,Exp_Verduras,,,2062,,,,,1.0,,,,,,,,,,,,,,,,,
754,1,DDP,Verduras,Exp_Verduras,,,2063,,,,,1.0,,,,,,,,,,,,,,,,,
754,1,DDP,Verduras,Exp_Verduras,,,2064,,,,,1.0,,,,,,,,,,,,,,,,,
754,1,DDP,Verduras,Exp_Verduras,,,2065,,,,,1.0,,,,,,,,,,,,,,,,,
754,1,DDP,Verduras,Exp_Verduras,,,2066,,,,,1.0,,,,,,,,,,,,,,,,,
754,1,DDP,Verduras,Exp_Verduras,,,2067,,,,,1.0,,,,,,,,,,,,,,,,,
754,1,DDP,Verduras,Exp_Verduras,,,2068,,,,,1.0,,,,,,,,,,,,,,,,,
754,1,DDP,Verduras,Exp_Verduras,,,2069,,,,,1.0,,,,,,,,,,,,,,,,,
754,1,DDP,Verduras,Exp_Verduras,,,2070,,,,,1.0,,,,,,,,,,,,,,,,,
754,1,DDP,Floricolas,Exp_Floricolas,,,2018,,,,,1.0,,,,,,,,,,,,,,,,,
754,1,DDP,Floricolas,Exp_Floricolas,,,2019,,,,,1.0,,,,,,,,,,,,,,,,,
754,1,DDP,Floricolas,Exp_Floricolas,,,2020,,,,,1.0,,,,,,,,,,,,,,,,,
754,1,DDP,Floricolas,Exp_Floricolas,,,2021,,,,,1.0,,,,,,,,,,,,,,,,,
754,1,DDP,Floricolas,Exp_Floricolas,,,2022,,,,,1.0,,,,,,,,,,,,,,,,,
754,1,DDP,Floricolas,Exp_Floricolas,,,2023,,,,,1.0,,,,,,,,,,,,,,,,,
754,1,DDP,Floricolas,Exp_Floricolas,,,2024,,,,,1.0,,,,,,,,,,,,,,,,,
754,1,DDP,Floricolas,Exp_Floricolas,,,2025,,,,,1.0,,,,,,,,,,,,,,,,,
754,1,DDP,Floricolas,Exp_Floricolas,,,2026,,,,,1.0,,,,,,,,,,,,,,,,,
754,1,DDP,Floricolas,Exp_Floricolas,,,2027,,,,,1.0,,,,,,,,,,,,,,,,,
754,1,DDP,Floricolas,Exp_Floricolas,,,2028,,,,,1.0,,,,,,,,,,,,,,,,,
754,1,DDP,Floricolas,Exp_Floricolas,,,2029,,,,,1.0,,,,,,,,,,,,,,,,,
754,1,DDP,Floricolas,Exp_Floricolas,,,2030,,,,,1.0,,,,,,,,,,,,,,,,,
754,1,DDP,Floricolas,Exp_Floricolas,,,2031,,,,,1.0,,,,,,,,,,,,,,,,,
754,1,DDP,Floricolas,Exp_Floricolas,,,2032,,,,,1.0,,,,,,,,,,,,,,,,,
754,1,DDP,Floricolas,Exp_Floricolas,,,2033,,,,,1.0,,,,,,,,,,,,,,,,,
754,1,DDP,Floricolas,Exp_Floricolas,,,2034,,,,,1.0,,,,,,,,,,,,,,,,,
754,1,DDP,Floricolas,Exp_Floricolas,,,2035,,,,,1.0,,,,,,,,,,,,,,,,,
754,1,DDP,Floricolas,Exp_Floricolas,,,2036,,,,,1.0,,,,,,,,,,,,,,,,,
754,1,DDP,Floricolas,Exp_Floricolas,,,2037,,,,,1.0,,,,,,,,,,,,,,,,,
754,1,DDP,Floricolas,Exp_Floricolas,,,2038,,,,,1.0,,,,,,,,,,,,,,,,,
754,1,DDP,Floricolas,Exp_Floricolas,,,2039,,,,,1.0,,,,,,,,,,,,,,,,,
754,1,DDP,Floricolas,Exp_Floricolas,,,2040,,,,,1.0,,,,,,,,,,,,,,,,,
754,1,DDP,Floricolas,Exp_Floricolas,,,2041,,,,,1.0,,,,,,,,,,,,,,,,,
754,1,DDP,Floricolas,Exp_Floricolas,,,2042,,,,,1.0,,,,,,,,,,,,,,,,,
754,1,DDP,Floricolas,Exp_Floricolas,,,2043,,,,,1.0,,,,,,,,,,,,,,,,,
754,1,DDP,Floricolas,Exp_Floricolas,,,2044,,,,,1.0,,,,,,,,,,,,,,,,,
754,1,DDP,Floricolas,Exp_Floricolas,,,2045,,,,,1.0,,,,,,,,,,,,,,,,,
754,1,DDP,Floricolas,Exp_Floricolas,,,2046,,,,,1.0,,,,,,,,,,,,,,,,,
754,1,DDP,Floricolas,Exp_Floricolas,,,2047,,,,,1.0,,,,,,,,,,,,,,,,,
754,1,DDP,Floricolas,Exp_Floricolas,,,2048,,,,,1.0,,,,,,,,,,,,,,,,,
754,1,DDP,Floricolas,Exp_Floricolas,,,2049,,,,,1.0,,,,,,,,,,,,,,,,,
754,1,DDP,Floricolas,Exp_Floricolas,,,2050,,,,,1.0,,,,,,,,,,,,,,,,,
754,1,DDP,Floricolas,Exp_Floricolas,,,2051,,,,,1.0,,,,,,,,,,,,,,,,,
754,1,DDP,Floricolas,Exp_Floricolas,,,2052,,,,,1.0,,,,,,,,,,,,,,,,,
754,1,DDP,Floricolas,Exp_Floricolas,,,2053,,,,,1.0,,,,,,,,,,,,,,,,,
754,1,DDP,Floricolas,Exp_Floricolas,,,2054,,,,,1.0,,,,,,,,,,,,,,,,,
754,1,DDP,Floricolas,Exp_Floricolas,,,2055,,,,,1.0,,,,,,,,,,,,,,,,,
754,1,DDP,Floricolas,Exp_Floricolas,,,2056,,,,,1.0,,,,,,,,,,,,,,,,,
754,1,DDP,Floricolas,Exp_Floricolas,,,2057,,,,,1.0,,,,,,,,,,,,,,,,,
754,1,DDP,Floricolas,Exp_Floricolas,,,2058,,,,,1.0,,,,,,,,,,,,,,,,,
754,1,DDP,Floricolas,Exp_Floricolas,,,2059,,,,,1.0,,,,,,,,,,,,,,,,,
754,1,DDP,Floricolas,Exp_Floricolas,,,2060,,,,,1.0,,,,,,,,,,,,,,,,,
754,1,DDP,Floricolas,Exp_Floricolas,,,2061,,,,,1.0,,,,,,,,,,,,,,,,,
754,1,DDP,Floricolas,Exp_Floricolas,,,2062,,,,,1.0,,,,,,,,,,,,,,,,,
754,1,DDP,Floricolas,Exp_Floricolas,,,2063,,,,,1.0,,,,,,,,,,,,,,,,,
754,1,DDP,Floricolas,Exp_Floricolas,,,2064,,,,,1.0,,,,,,,,,,,,,,,,,
754,1,DDP,Floricolas,Exp_Floricolas,,,2065,,,,,1.0,,,,,,,,,,,,,,,,,
754,1,DDP,Floricolas,Exp_Floricolas,,,2066,,,,,1.0,,,,,,,,,,,,,,,,,
754,1,DDP,Floricolas,Exp_Floricolas,,,2067,,,,,1.0,,,,,,,,,,,,,,,,,
754,1,DDP,Floricolas,Exp_Floricolas,,,2068,,,,,1.0,,,,,,,,,,,,,,,,,
754,1,DDP,Floricolas,Exp_Floricolas,,,2069,,,,,1.0,,,,,,,,,,,,,,,,,
754,1,DDP,Floricolas,Exp_Floricolas,,,2070,,,,,1.0,,,,,,,,,,,,,,,,,
754,1,DDP,Tierra_agropecuaria,Pasturas,,,2018,,,,,1.0,,,,,,,,,,,,,,,,,
754,1,DDP,Tierra_agropecuaria,Pasturas,,,2019,,,,,1.0,,,,,,,,,,,,,,,,,
754,1,DDP,Tierra_agropecuaria,Pasturas,,,2020,,,,,1.0,,,,,,,,,,,,,,,,,
754,1,DDP,Tierra_agropecuaria,Pasturas,,,2021,,,,,1.0,,,,,,,,,,,,,,,,,
754,1,DDP,Tierra_agropecuaria,Pasturas,,,2022,,,,,1.0,,,,,,,,,,,,,,,,,
754,1,DDP,Tierra_agropecuaria,Pasturas,,,2023,,,,,1.0,,,,,,,,,,,,,,,,,
754,1,DDP,Tierra_agropecuaria,Pasturas,,,2024,,,,,1.0,,,,,,,,,,,,,,,,,
754,1,DDP,Tierra_agropecuaria,Pasturas,,,2025,,,,,1.0,,,,,,,,,,,,,,,,,
754,1,DDP,Tierra_agropecuaria,Pasturas,,,2026,,,,,1.0,,,,,,,,,,,,,,,,,
754,1,DDP,Tierra_agropecuaria,Pasturas,,,2027,,,,,1.0,,,,,,,,,,,,,,,,,
754,1,DDP,Tierra_agropecuaria,Pasturas,,,2028,,,,,1.0,,,,,,,,,,,,,,,,,
754,1,DDP,Tierra_agropecuaria,Pasturas,,,2029,,,,,1.0,,,,,,,,,,,,,,,,,
754,1,DDP,Tierra_agropecuaria,Pasturas,,,2030,,,,,1.0,,,,,,,,,,,,,,,,,
754,1,DDP,Tierra_agropecuaria,Pasturas,,,2031,,,,,1.0,,,,,,,,,,,,,,,,,
754,1,DDP,Tierra_agropecuaria,Pasturas,,,2032,,,,,1.0,,,,,,,,,,,,,,,,,
754,1,DDP,Tierra_agropecuaria,Pasturas,,,2033,,,,,1.0,,,,,,,,,,,,,,,,,
754,1,DDP,Tierra_agropecuaria,Pasturas,,,2034,,,,,1.0,,,,,,,,,,,,,,,,,
754,1,DDP,Tierra_agropecuaria,Pasturas,,,2035,,,,,1.0,,,,,,,,,,,,,,,,,
754,1,DDP,Tierra_agropecuaria,Pasturas,,,2036,,,,,1.0,,,,,,,,,,,,,,,,,
754,1,DDP,Tierra_agropecuaria,Pasturas,,,2037,,,,,1.0,,,,,,,,,,,,,,,,,
754,1,DDP,Tierra_agropecuaria,Pasturas,,,2038,,,,,1.0,,,,,,,,,,,,,,,,,
754,1,DDP,Tierra_agropecuaria,Pasturas,,,2039,,,,,1.0,,,,,,,,,,,,,,,,,
754,1,DDP,Tierra_agropecuaria,Pasturas,,,2040,,,,,1.0,,,,,,,,,,,,,,,,,
754,1,DDP,Tierra_agropecuaria,Pasturas,,,2041,,,,,1.0,,,,,,,,,,,,,,,,,
754,1,DDP,Tierra_agropecuaria,Pasturas,,,2042,,,,,1.0,,,,,,,,,,,,,,,,,
754,1,DDP,Tierra_agropecuaria,Pasturas,,,2043,,,,,1.0,,,,,,,,,,,,,,,,,
754,1,DDP,Tierra_agropecuaria,Pasturas,,,2044,,,,,1.0,,,,,,,,,,,,,,,,,
754,1,DDP,Tierra_agropecuaria,Pasturas,,,2045,,,,,1.0,,,,,,,,,,,,,,,,,
754,1,DDP,Tierra_agropecuaria,Pasturas,,,2046,,,,,1.0,,,,,,,,,,,,,,,,,
754,1,DDP,Tierra_agropecuaria,Pasturas,,,2047,,,,,1.0,,,,,,,,,,,,,,,,,
754,1,DDP,Tierra_agropecuaria,Pasturas,,,2048,,,,,1.0,,,,,,,,,,,,,,,,,
754,1,DDP,Tierra_agropecuaria,Pasturas,,,2049,,,,,1.0,,,,,,,,,,,,,,,,,
754,1,DDP,Tierra_agropecuaria,Pasturas,,,2050,,,,,1.0,,,,,,,,,,,,,,,,,
754,1,DDP,Tierra_agropecuaria,Pasturas,,,2051,,,,,1.0,,,,,,,,,,,,,,,,,
754,1,DDP,Tierra_agropecuaria,Pasturas,,,2052,,,,,1.0,,,,,,,,,,,,,,,,,
754,1,DDP,Tierra_agropecuaria,Pasturas,,,2053,,,,,1.0,,,,,,,,,,,,,,,,,
754,1,DDP,Tierra_agropecuaria,Pasturas,,,2054,,,,,1.0,,,,,,,,,,,,,,,,,
754,1,DDP,Tierra_agropecuaria,Pasturas,,,2055,,,,,1.0,,,,,,,,,,,,,,,,,
754,1,DDP,Tierra_agropecuaria,Pasturas,,,2056,,,,,1.0,,,,,,,,,,,,,,,,,
754,1,DDP,Tierra_agropecuaria,Pasturas,,,2057,,,,,1.0,,,,,,,,,,,,,,,,,
754,1,DDP,Tierra_agropecuaria,Pasturas,,,2058,,,,,1.0,,,,,,,,,,,,,,,,,
754,1,DDP,Tierra_agropecuaria,Pasturas,,,2059,,,,,1.0,,,,,,,,,,,,,,,,,
754,1,DDP,Tierra_agropecuaria,Pasturas,,,2060,,,,,1.0,,,,,,,,,,,,,,,,,
754,1,DDP,Tierra_agropecuaria,Pasturas,,,2061,,,,,1.0,,,,,,,,,,,,,,,,,
754,1,DDP,Tierra_agropecuaria,Pasturas,,,2062,,,,,1.0,,,,,,,,,,,,,,,,,
754,1,DDP,Tierra_agropecuaria,Pasturas,,,2063,,,,,1.0,,,,,,,,,,,,,,,,,
754,1,DDP,Tierra_agropecuaria,Pasturas,,,2064,,,,,1.0,,,,,,,,,,,,,,,,,
754,1,DDP,Tierra_agropecuaria,Pasturas,,,2065,,,,,1.0,,,,,,,,,,,,,,,,,
754,1,DDP,Tierra_agropecuaria,Pasturas,,,2066,,,,,1.0,,,,,,,,,,,,,,,,,
754,1,DDP,Tierra_agropecuaria,Pasturas,,,2067,,,,,1.0,,,,,,,,,,,,,,,,,
754,1,DDP,Tierra_agropecuaria,Pasturas,,,2068,,,,,1.0,,,,,,,,,,,,,,,,,
754,1,DDP,Tierra_agropecuaria,Pasturas,,,2069,,,,,1.0,,,,,,,,,,,,,,,,,
754,1,DDP,Tierra_agropecuaria,Pasturas,,,2070,,,,,1.0,,,,,,,,,,,,,,,,,
754,1,DDP,Pasturas,Ganaderia_importada,,,2018,,,,,1.0,,,,,,,,,,,,,,,,,
754,1,DDP,Pasturas,Ganaderia_importada,,,2019,,,,,1.0,,,,,,,,,,,,,,,,,
754,1,DDP,Pasturas,Ganaderia_importada,,,2020,,,,,1.0,,,,,,,,,,,,,,,,,
754,1,DDP,Pasturas,Ganaderia_importada,,,2021,,,,,1.0,,,,,,,,,,,,,,,,,
754,1,DDP,Pasturas,Ganaderia_importada,,,2022,,,,,1.0,,,,,,,,,,,,,,,,,
754,1,DDP,Pasturas,Ganaderia_importada,,,2023,,,,,1.0,,,,,,,,,,,,,,,,,
754,1,DDP,Pasturas,Ganaderia_importada,,,2024,,,,,1.0,,,,,,,,,,,,,,,,,
754,1,DDP,Pasturas,Ganaderia_importada,,,2025,,,,,1.0,,,,,,,,,,,,,,,,,
754,1,DDP,Pasturas,Ganaderia_importada,,,2026,,,,,1.0,,,,,,,,,,,,,,,,,
754,1,DDP,Pasturas,Ganaderia_importada,,,2027,,,,,1.0,,,,,,,,,,,,,,,,,
754,1,DDP,Pasturas,Ganaderia_importada,,,2028,,,,,1.0,,,,,,,,,,,,,,,,,
754,1,DDP,Pasturas,Ganaderia_importada,,,2029,,,,,1.0,,,,,,,,,,,,,,,,,
754,1,DDP,Pasturas,Ganaderia_importada,,,2030,,,,,1.0,,,,,,,,,,,,,,,,,
754,1,DDP,Pasturas,Ganaderia_importada,,,2031,,,,,1.0,,,,,,,,,,,,,,,,,
754,1,DDP,Pasturas,Ganaderia_importada,,,2032,,,,,1.0,,,,,,,,,,,,,,,,,
754,1,DDP,Pasturas,Ganaderia_importada,,,2033,,,,,1.0,,,,,,,,,,,,,,,,,
754,1,DDP,Pasturas,Ganaderia_importada,,,2034,,,,,1.0,,,,,,,,,,,,,,,,,
754,1,DDP,Pasturas,Ganaderia_importada,,,2035,,,,,1.0,,,,,,,,,,,,,,,,,
754,1,DDP,Pasturas,Ganaderia_importada,,,2036,,,,,1.0,,,,,,,,,,,,,,,,,
754,1,DDP,Pasturas,Ganaderia_importada,,,2037,,,,,1.0,,,,,,,,,,,,,,,,,
754,1,DDP,Pasturas,Ganaderia_importada,,,2038,,,,,1.0,,,,,,,,,,,,,,,,,
754,1,DDP,Pasturas,Ganaderia_importada,,,2039,,,,,1.0,,,,,,,,,,,,,,,,,
754,1,DDP,Pasturas,Ganaderia_importada,,,2040,,,,,1.0,,,,,,,,,,,,,,,,,
754,1,DDP,Pasturas,Ganaderia_importada,,,2041,,,,,1.0,,,,,,,,,,,,,,,,,
754,1,DDP,Pasturas,Ganaderia_importada,,,2042,,,,,1.0,,,,,,,,,,,,,,,,,
754,1,DDP,Pasturas,Ganaderia_importada,,,2043,,,,,1.0,,,,,,,,,,,,,,,,,
754,1,DDP,Pasturas,Ganaderia_importada,,,2044,,,,,1.0,,,,,,,,,,,,,,,,,
754,1,DDP,Pasturas,Ganaderia_importada,,,2045,,,,,1.0,,,,,,,,,,,,,,,,,
754,1,DDP,Pasturas,Ganaderia_importada,,,2046,,,,,1.0,,,,,,,,,,,,,,,,,
754,1,DDP,Pasturas,Ganaderia_importada,,,2047,,,,,1.0,,,,,,,,,,,,,,,,,
754,1,DDP,Pasturas,Ganaderia_importada,,,2048,,,,,1.0,,,,,,,,,,,,,,,,,
754,1,DDP,Pasturas,Ganaderia_importada,,,2049,,,,,1.0,,,,,,,,,,,,,,,,,
754,1,DDP,Pasturas,Ganaderia_importada,,,2050,,,,,1.0,,,,,,,,,,,,,,,,,
754,1,DDP,Pasturas,Ganaderia_importada,,,2051,,,,,1.0,,,,,,,,,,,,,,,,,
754,1,DDP,Pasturas,Ganaderia_importada,,,2052,,,,,1.0,,,,,,,,,,,,,,,,,
754,1,DDP,Pasturas,Ganaderia_importada,,,2053,,,,,1.0,,,,,,,,,,,,,,,,,
754,1,DDP,Pasturas,Ganaderia_importada,,,2054,,,,,1.0,,,,,,,,,,,,,,,,,
754,1,DDP,Pasturas,Ganaderia_importada,,,2055,,,,,1.0,,,,,,,,,,,,,,,,,
754,1,DDP,Pasturas,Ganaderia_importada,,,2056,,,,,1.0,,,,,,,,,,,,,,,,,
754,1,DDP,Pasturas,Ganaderia_importada,,,2057,,,,,1.0,,,,,,,,,,,,,,,,,
754,1,DDP,Pasturas,Ganaderia_importada,,,2058,,,,,1.0,,,,,,,,,,,,,,,,,
754,1,DDP,Pasturas,Ganaderia_importada,,,2059,,,,,1.0,,,,,,,,,,,,,,,,,
754,1,DDP,Pasturas,Ganaderia_importada,,,2060,,,,,1.0,,,,,,,,,,,,,,,,,
754,1,DDP,Pasturas,Ganaderia_importada,,,2061,,,,,1.0,,,,,,,,,,,,,,,,,
754,1,DDP,Pasturas,Ganaderia_importada,,,2062,,,,,1.0,,,,,,,,,,,,,,,,,
754,1,DDP,Pasturas,Ganaderia_importada,,,2063,,,,,1.0,,,,,,,,,,,,,,,,,
754,1,DDP,Pasturas,Ganaderia_importada,,,2064,,,,,1.0,,,,,,,,,,,,,,,,,
754,1,DDP,Pasturas,Ganaderia_importada,,,2065,,,,,1.0,,,,,,,,,,,,,,,,,
754,1,DDP,Pasturas,Ganaderia_importada,,,2066,,,,,1.0,,,,,,,,,,,,,,,,,
754,1,DDP,Pasturas,Ganaderia_importada,,,2067,,,,,1.0,,,,,,,,,,,,,,,,,
754,1,DDP,Pasturas,Ganaderia_importada,,,2068,,,,,1.0,,,,,,,,,,,,,,,,,
754,1,DDP,Pasturas,Ganaderia_importada,,,2069,,,,,1.0,,,,,,,,,,,,,,,,,
754,1,DDP,Pasturas,Ganaderia_importada,,,2070,,,,,1.0,,,,,,,,,,,,,,,,,
754,1,DDP,Pasturas,Ganaderia_criolla,,,2018,,,,,1.0,,,,,,,,,,,,,,,,,
754,1,DDP,Pasturas,Ganaderia_criolla,,,2019,,,,,1.0,,,,,,,,,,,,,,,,,
754,1,DDP,Pasturas,Ganaderia_criolla,,,2020,,,,,1.0,,,,,,,,,,,,,,,,,
754,1,DDP,Pasturas,Ganaderia_criolla,,,2021,,,,,1.0,,,,,,,,,,,,,,,,,
754,1,DDP,Pasturas,Ganaderia_criolla,,,2022,,,,,1.0,,,,,,,,,,,,,,,,,
754,1,DDP,Pasturas,Ganaderia_criolla,,,2023,,,,,1.0,,,,,,,,,,,,,,,,,
754,1,DDP,Pasturas,Ganaderia_criolla,,,2024,,,,,1.0,,,,,,,,,,,,,,,,,
754,1,DDP,Pasturas,Ganaderia_criolla,,,2025,,,,,1.0,,,,,,,,,,,,,,,,,
754,1,DDP,Pasturas,Ganaderia_criolla,,,2026,,,,,1.0,,,,,,,,,,,,,,,,,
754,1,DDP,Pasturas,Ganaderia_criolla,,,2027,,,,,1.0,,,,,,,,,,,,,,,,,
754,1,DDP,Pasturas,Ganaderia_criolla,,,2028,,,,,1.0,,,,,,,,,,,,,,,,,
754,1,DDP,Pasturas,Ganaderia_criolla,,,2029,,,,,1.0,,,,,,,,,,,,,,,,,
754,1,DDP,Pasturas,Ganaderia_criolla,,,2030,,,,,1.0,,,,,,,,,,,,,,,,,
754,1,DDP,Pasturas,Ganaderia_criolla,,,2031,,,,,1.0,,,,,,,,,,,,,,,,,
754,1,DDP,Pasturas,Ganaderia_criolla,,,2032,,,,,1.0,,,,,,,,,,,,,,,,,
754,1,DDP,Pasturas,Ganaderia_criolla,,,2033,,,,,1.0,,,,,,,,,,,,,,,,,
754,1,DDP,Pasturas,Ganaderia_criolla,,,2034,,,,,1.0,,,,,,,,,,,,,,,,,
754,1,DDP,Pasturas,Ganaderia_criolla,,,2035,,,,,1.0,,,,,,,,,,,,,,,,,
754,1,DDP,Pasturas,Ganaderia_criolla,,,2036,,,,,1.0,,,,,,,,,,,,,,,,,
754,1,DDP,Pasturas,Ganaderia_criolla,,,2037,,,,,1.0,,,,,,,,,,,,,,,,,
754,1,DDP,Pasturas,Ganaderia_criolla,,,2038,,,,,1.0,,,,,,,,,,,,,,,,,
754,1,DDP,Pasturas,Ganaderia_criolla,,,2039,,,,,1.0,,,,,,,,,,,,,,,,,
754,1,DDP,Pasturas,Ganaderia_criolla,,,2040,,,,,1.0,,,,,,,,,,,,,,,,,
754,1,DDP,Pasturas,Ganaderia_criolla,,,2041,,,,,1.0,,,,,,,,,,,,,,,,,
754,1,DDP,Pasturas,Ganaderia_criolla,,,2042,,,,,1.0,,,,,,,,,,,,,,,,,
754,1,DDP,Pasturas,Ganaderia_criolla,,,2043,,,,,1.0,,,,,,,,,,,,,,,,,
754,1,DDP,Pasturas,Ganaderia_criolla,,,2044,,,,,1.0,,,,,,,,,,,,,,,,,
754,1,DDP,Pasturas,Ganaderia_criolla,,,2045,,,,,1.0,,,,,,,,,,,,,,,,,
754,1,DDP,Pasturas,Ganaderia_criolla,,,2046,,,,,1.0,,,,,,,,,,,,,,,,,
754,1,DDP,Pasturas,Ganaderia_criolla,,,2047,,,,,1.0,,,,,,,,,,,,,,,,,
754,1,DDP,Pasturas,Ganaderia_criolla,,,2048,,,,,1.0,,,,,,,,,,,,,,,,,
754,1,DDP,Pasturas,Ganaderia_criolla,,,2049,,,,,1.0,,,,,,,,,,,,,,,,,
754,1,DDP,Pasturas,Ganaderia_criolla,,,2050,,,,,1.0,,,,,,,,,,,,,,,,,
754,1,DDP,Pasturas,Ganaderia_criolla,,,2051,,,,,1.0,,,,,,,,,,,,,,,,,
754,1,DDP,Pasturas,Ganaderia_criolla,,,2052,,,,,1.0,,,,,,,,,,,,,,,,,
754,1,DDP,Pasturas,Ganaderia_criolla,,,2053,,,,,1.0,,,,,,,,,,,,,,,,,
754,1,DDP,Pasturas,Ganaderia_criolla,,,2054,,,,,1.0,,,,,,,,,,,,,,,,,
754,1,DDP,Pasturas,Ganaderia_criolla,,,2055,,,,,1.0,,,,,,,,,,,,,,,,,
754,1,DDP,Pasturas,Ganaderia_criolla,,,2056,,,,,1.0,,,,,,,,,,,,,,,,,
754,1,DDP,Pasturas,Ganaderia_criolla,,,2057,,,,,1.0,,,,,,,,,,,,,,,,,
754,1,DDP,Pasturas,Ganaderia_criolla,,,2058,,,,,1.0,,,,,,,,,,,,,,,,,
754,1,DDP,Pasturas,Ganaderia_criolla,,,2059,,,,,1.0,,,,,,,,,,,,,,,,,
754,1,DDP,Pasturas,Ganaderia_criolla,,,2060,,,,,1.0,,,,,,,,,,,,,,,,,
754,1,DDP,Pasturas,Ganaderia_criolla,,,2061,,,,,1.0,,,,,,,,,,,,,,,,,
754,1,DDP,Pasturas,Ganaderia_criolla,,,2062,,,,,1.0,,,,,,,,,,,,,,,,,
754,1,DDP,Pasturas,Ganaderia_criolla,,,2063,,,,,1.0,,,,,,,,,,,,,,,,,
754,1,DDP,Pasturas,Ganaderia_criolla,,,2064,,,,,1.0,,,,,,,,,,,,,,,,,
754,1,DDP,Pasturas,Ganaderia_criolla,,,2065,,,,,1.0,,,,,,,,,,,,,,,,,
754,1,DDP,Pasturas,Ganaderia_criolla,,,2066,,,,,1.0,,,,,,,,,,,,,,,,,
754,1,DDP,Pasturas,Ganaderia_criolla,,,2067,,,,,1.0,,,,,,,,,,,,,,,,,
754,1,DDP,Pasturas,Ganaderia_criolla,,,2068,,,,,1.0,,,,,,,,,,,,,,,,,
754,1,DDP,Pasturas,Ganaderia_criolla,,,2069,,,,,1.0,,,,,,,,,,,,,,,,,
754,1,DDP,Pasturas,Ganaderia_criolla,,,2070,,,,,1.0,,,,,,,,,,,,,,,,,
754,1,DDP,Pasturas,Ganaderia_mestiza,,,2018,,,,,1.0,,,,,,,,,,,,,,,,,
754,1,DDP,Pasturas,Ganaderia_mestiza,,,2019,,,,,1.0,,,,,,,,,,,,,,,,,
754,1,DDP,Pasturas,Ganaderia_mestiza,,,2020,,,,,1.0,,,,,,,,,,,,,,,,,
754,1,DDP,Pasturas,Ganaderia_mestiza,,,2021,,,,,1.0,,,,,,,,,,,,,,,,,
754,1,DDP,Pasturas,Ganaderia_mestiza,,,2022,,,,,1.0,,,,,,,,,,,,,,,,,
754,1,DDP,Pasturas,Ganaderia_mestiza,,,2023,,,,,1.0,,,,,,,,,,,,,,,,,
754,1,DDP,Pasturas,Ganaderia_mestiza,,,2024,,,,,1.0,,,,,,,,,,,,,,,,,
754,1,DDP,Pasturas,Ganaderia_mestiza,,,2025,,,,,1.0,,,,,,,,,,,,,,,,,
754,1,DDP,Pasturas,Ganaderia_mestiza,,,2026,,,,,1.0,,,,,,,,,,,,,,,,,
754,1,DDP,Pasturas,Ganaderia_mestiza,,,2027,,,,,1.0,,,,,,,,,,,,,,,,,
754,1,DDP,Pasturas,Ganaderia_mestiza,,,2028,,,,,1.0,,,,,,,,,,,,,,,,,
754,1,DDP,Pasturas,Ganaderia_mestiza,,,2029,,,,,1.0,,,,,,,,,,,,,,,,,
754,1,DDP,Pasturas,Ganaderia_mestiza,,,2030,,,,,1.0,,,,,,,,,,,,,,,,,
754,1,DDP,Pasturas,Ganaderia_mestiza,,,2031,,,,,1.0,,,,,,,,,,,,,,,,,
754,1,DDP,Pasturas,Ganaderia_mestiza,,,2032,,,,,1.0,,,,,,,,,,,,,,,,,
754,1,DDP,Pasturas,Ganaderia_mestiza,,,2033,,,,,1.0,,,,,,,,,,,,,,,,,
754,1,DDP,Pasturas,Ganaderia_mestiza,,,2034,,,,,1.0,,,,,,,,,,,,,,,,,
754,1,DDP,Pasturas,Ganaderia_mestiza,,,2035,,,,,1.0,,,,,,,,,,,,,,,,,
754,1,DDP,Pasturas,Ganaderia_mestiza,,,2036,,,,,1.0,,,,,,,,,,,,,,,,,
754,1,DDP,Pasturas,Ganaderia_mestiza,,,2037,,,,,1.0,,,,,,,,,,,,,,,,,
754,1,DDP,Pasturas,Ganaderia_mestiza,,,2038,,,,,1.0,,,,,,,,,,,,,,,,,
754,1,DDP,Pasturas,Ganaderia_mestiza,,,2039,,,,,1.0,,,,,,,,,,,,,,,,,
754,1,DDP,Pasturas,Ganaderia_mestiza,,,2040,,,,,1.0,,,,,,,,,,,,,,,,,
754,1,DDP,Pasturas,Ganaderia_mestiza,,,2041,,,,,1.0,,,,,,,,,,,,,,,,,
754,1,DDP,Pasturas,Ganaderia_mestiza,,,2042,,,,,1.0,,,,,,,,,,,,,,,,,
754,1,DDP,Pasturas,Ganaderia_mestiza,,,2043,,,,,1.0,,,,,,,,,,,,,,,,,
754,1,DDP,Pasturas,Ganaderia_mestiza,,,2044,,,,,1.0,,,,,,,,,,,,,,,,,
754,1,DDP,Pasturas,Ganaderia_mestiza,,,2045,,,,,1.0,,,,,,,,,,,,,,,,,
754,1,DDP,Pasturas,Ganaderia_mestiza,,,2046,,,,,1.0,,,,,,,,,,,,,,,,,
754,1,DDP,Pasturas,Ganaderia_mestiza,,,2047,,,,,1.0,,,,,,,,,,,,,,,,,
754,1,DDP,Pasturas,Ganaderia_mestiza,,,2048,,,,,1.0,,,,,,,,,,,,,,,,,
754,1,DDP,Pasturas,Ganaderia_mestiza,,,2049,,,,,1.0,,,,,,,,,,,,,,,,,
754,1,DDP,Pasturas,Ganaderia_mestiza,,,2050,,,,,1.0,,,,,,,,,,,,,,,,,
754,1,DDP,Pasturas,Ganaderia_mestiza,,,2051,,,,,1.0,,,,,,,,,,,,,,,,,
754,1,DDP,Pasturas,Ganaderia_mestiza,,,2052,,,,,1.0,,,,,,,,,,,,,,,,,
754,1,DDP,Pasturas,Ganaderia_mestiza,,,2053,,,,,1.0,,,,,,,,,,,,,,,,,
754,1,DDP,Pasturas,Ganaderia_mestiza,,,2054,,,,,1.0,,,,,,,,,,,,,,,,,
754,1,DDP,Pasturas,Ganaderia_mestiza,,,2055,,,,,1.0,,,,,,,,,,,,,,,,,
754,1,DDP,Pasturas,Ganaderia_mestiza,,,2056,,,,,1.0,,,,,,,,,,,,,,,,,
754,1,DDP,Pasturas,Ganaderia_mestiza,,,2057,,,,,1.0,,,,,,,,,,,,,,,,,
754,1,DDP,Pasturas,Ganaderia_mestiza,,,2058,,,,,1.0,,,,,,,,,,,,,,,,,
754,1,DDP,Pasturas,Ganaderia_mestiza,,,2059,,,,,1.0,,,,,,,,,,,,,,,,,
754,1,DDP,Pasturas,Ganaderia_mestiza,,,2060,,,,,1.0,,,,,,,,,,,,,,,,,
754,1,DDP,Pasturas,Ganaderia_mestiza,,,2061,,,,,1.0,,,,,,,,,,,,,,,,,
754,1,DDP,Pasturas,Ganaderia_mestiza,,,2062,,,,,1.0,,,,,,,,,,,,,,,,,
754,1,DDP,Pasturas,Ganaderia_mestiza,,,2063,,,,,1.0,,,,,,,,,,,,,,,,,
754,1,DDP,Pasturas,Ganaderia_mestiza,,,2064,,,,,1.0,,,,,,,,,,,,,,,,,
754,1,DDP,Pasturas,Ganaderia_mestiza,,,2065,,,,,1.0,,,,,,,,,,,,,,,,,
754,1,DDP,Pasturas,Ganaderia_mestiza,,,2066,,,,,1.0,,,,,,,,,,,,,,,,,
754,1,DDP,Pasturas,Ganaderia_mestiza,,,2067,,,,,1.0,,,,,,,,,,,,,,,,,
754,1,DDP,Pasturas,Ganaderia_mestiza,,,2068,,,,,1.0,,,,,,,,,,,,,,,,,
754,1,DDP,Pasturas,Ganaderia_mestiza,,,2069,,,,,1.0,,,,,,,,,,,,,,,,,
754,1,DDP,Pasturas,Ganaderia_mestiza,,,2070,,,,,1.0,,,,,,,,,,,,,,,,,
754,1,DDP,Carne,Dem_Carne,,,2018,,,,,1.0,,,,,,,,,,,,,,,,,
754,1,DDP,Carne,Dem_Carne,,,2019,,,,,1.0,,,,,,,,,,,,,,,,,
754,1,DDP,Carne,Dem_Carne,,,2020,,,,,1.0,,,,,,,,,,,,,,,,,
754,1,DDP,Carne,Dem_Carne,,,2021,,,,,1.0,,,,,,,,,,,,,,,,,
754,1,DDP,Carne,Dem_Carne,,,2022,,,,,1.0,,,,,,,,,,,,,,,,,
754,1,DDP,Carne,Dem_Carne,,,2023,,,,,1.0,,,,,,,,,,,,,,,,,
754,1,DDP,Carne,Dem_Carne,,,2024,,,,,1.0,,,,,,,,,,,,,,,,,
754,1,DDP,Carne,Dem_Carne,,,2025,,,,,1.0,,,,,,,,,,,,,,,,,
754,1,DDP,Carne,Dem_Carne,,,2026,,,,,1.0,,,,,,,,,,,,,,,,,
754,1,DDP,Carne,Dem_Carne,,,2027,,,,,1.0,,,,,,,,,,,,,,,,,
754,1,DDP,Carne,Dem_Carne,,,2028,,,,,1.0,,,,,,,,,,,,,,,,,
754,1,DDP,Carne,Dem_Carne,,,2029,,,,,1.0,,,,,,,,,,,,,,,,,
754,1,DDP,Carne,Dem_Carne,,,2030,,,,,1.0,,,,,,,,,,,,,,,,,
754,1,DDP,Carne,Dem_Carne,,,2031,,,,,1.0,,,,,,,,,,,,,,,,,
754,1,DDP,Carne,Dem_Carne,,,2032,,,,,1.0,,,,,,,,,,,,,,,,,
754,1,DDP,Carne,Dem_Carne,,,2033,,,,,1.0,,,,,,,,,,,,,,,,,
754,1,DDP,Carne,Dem_Carne,,,2034,,,,,1.0,,,,,,,,,,,,,,,,,
754,1,DDP,Carne,Dem_Carne,,,2035,,,,,1.0,,,,,,,,,,,,,,,,,
754,1,DDP,Carne,Dem_Carne,,,2036,,,,,1.0,,,,,,,,,,,,,,,,,
754,1,DDP,Carne,Dem_Carne,,,2037,,,,,1.0,,,,,,,,,,,,,,,,,
754,1,DDP,Carne,Dem_Carne,,,2038,,,,,1.0,,,,,,,,,,,,,,,,,
754,1,DDP,Carne,Dem_Carne,,,2039,,,,,1.0,,,,,,,,,,,,,,,,,
754,1,DDP,Carne,Dem_Carne,,,2040,,,,,1.0,,,,,,,,,,,,,,,,,
754,1,DDP,Carne,Dem_Carne,,,2041,,,,,1.0,,,,,,,,,,,,,,,,,
754,1,DDP,Carne,Dem_Carne,,,2042,,,,,1.0,,,,,,,,,,,,,,,,,
754,1,DDP,Carne,Dem_Carne,,,2043,,,,,1.0,,,,,,,,,,,,,,,,,
754,1,DDP,Carne,Dem_Carne,,,2044,,,,,1.0,,,,,,,,,,,,,,,,,
754,1,DDP,Carne,Dem_Carne,,,2045,,,,,1.0,,,,,,,,,,,,,,,,,
754,1,DDP,Carne,Dem_Carne,,,2046,,,,,1.0,,,,,,,,,,,,,,,,,
754,1,DDP,Carne,Dem_Carne,,,2047,,,,,1.0,,,,,,,,,,,,,,,,,
754,1,DDP,Carne,Dem_Carne,,,2048,,,,,1.0,,,,,,,,,,,,,,,,,
754,1,DDP,Carne,Dem_Carne,,,2049,,,,,1.0,,,,,,,,,,,,,,,,,
754,1,DDP,Carne,Dem_Carne,,,2050,,,,,1.0,,,,,,,,,,,,,,,,,
754,1,DDP,Carne,Dem_Carne,,,2051,,,,,1.0,,,,,,,,,,,,,,,,,
754,1,DDP,Carne,Dem_Carne,,,2052,,,,,1.0,,,,,,,,,,,,,,,,,
754,1,DDP,Carne,Dem_Carne,,,2053,,,,,1.0,,,,,,,,,,,,,,,,,
754,1,DDP,Carne,Dem_Carne,,,2054,,,,,1.0,,,,,,,,,,,,,,,,,
754,1,DDP,Carne,Dem_Carne,,,2055,,,,,1.0,,,,,,,,,,,,,,,,,
754,1,DDP,Carne,Dem_Carne,,,2056,,,,,1.0,,,,,,,,,,,,,,,,,
754,1,DDP,Carne,Dem_Carne,,,2057,,,,,1.0,,,,,,,,,,,,,,,,,
754,1,DDP,Carne,Dem_Carne,,,2058,,,,,1.0,,,,,,,,,,,,,,,,,
754,1,DDP,Carne,Dem_Carne,,,2059,,,,,1.0,,,,,,,,,,,,,,,,,
754,1,DDP,Carne,Dem_Carne,,,2060,,,,,1.0,,,,,,,,,,,,,,,,,
754,1,DDP,Carne,Dem_Carne,,,2061,,,,,1.0,,,,,,,,,,,,,,,,,
754,1,DDP,Carne,Dem_Carne,,,2062,,,,,1.0,,,,,,,,,,,,,,,,,
754,1,DDP,Carne,Dem_Carne,,,2063,,,,,1.0,,,,,,,,,,,,,,,,,
754,1,DDP,Carne,Dem_Carne,,,2064,,,,,1.0,,,,,,,,,,,,,,,,,
754,1,DDP,Carne,Dem_Carne,,,2065,,,,,1.0,,,,,,,,,,,,,,,,,
754,1,DDP,Carne,Dem_Carne,,,2066,,,,,1.0,,,,,,,,,,,,,,,,,
754,1,DDP,Carne,Dem_Carne,,,2067,,,,,1.0,,,,,,,,,,,,,,,,,
754,1,DDP,Carne,Dem_Carne,,,2068,,,,,1.0,,,,,,,,,,,,,,,,,
754,1,DDP,Carne,Dem_Carne,,,2069,,,,,1.0,,,,,,,,,,,,,,,,,
754,1,DDP,Carne,Dem_Carne,,,2070,,,,,1.0,,,,,,,,,,,,,,,,,
754,1,DDP,Leche,Dem_Leche,,,2018,,,,,1.0,,,,,,,,,,,,,,,,,
754,1,DDP,Leche,Dem_Leche,,,2019,,,,,1.0,,,,,,,,,,,,,,,,,
754,1,DDP,Leche,Dem_Leche,,,2020,,,,,1.0,,,,,,,,,,,,,,,,,
754,1,DDP,Leche,Dem_Leche,,,2021,,,,,1.0,,,,,,,,,,,,,,,,,
754,1,DDP,Leche,Dem_Leche,,,2022,,,,,1.0,,,,,,,,,,,,,,,,,
754,1,DDP,Leche,Dem_Leche,,,2023,,,,,1.0,,,,,,,,,,,,,,,,,
754,1,DDP,Leche,Dem_Leche,,,2024,,,,,1.0,,,,,,,,,,,,,,,,,
754,1,DDP,Leche,Dem_Leche,,,2025,,,,,1.0,,,,,,,,,,,,,,,,,
754,1,DDP,Leche,Dem_Leche,,,2026,,,,,1.0,,,,,,,,,,,,,,,,,
754,1,DDP,Leche,Dem_Leche,,,2027,,,,,1.0,,,,,,,,,,,,,,,,,
754,1,DDP,Leche,Dem_Leche,,,2028,,,,,1.0,,,,,,,,,,,,,,,,,
754,1,DDP,Leche,Dem_Leche,,,2029,,,,,1.0,,,,,,,,,,,,,,,,,
754,1,DDP,Leche,Dem_Leche,,,2030,,,,,1.0,,,,,,,,,,,,,,,,,
754,1,DDP,Leche,Dem_Leche,,,2031,,,,,1.0,,,,,,,,,,,,,,,,,
754,1,DDP,Leche,Dem_Leche,,,2032,,,,,1.0,,,,,,,,,,,,,,,,,
754,1,DDP,Leche,Dem_Leche,,,2033,,,,,1.0,,,,,,,,,,,,,,,,,
754,1,DDP,Leche,Dem_Leche,,,2034,,,,,1.0,,,,,,,,,,,,,,,,,
754,1,DDP,Leche,Dem_Leche,,,2035,,,,,1.0,,,,,,,,,,,,,,,,,
754,1,DDP,Leche,Dem_Leche,,,2036,,,,,1.0,,,,,,,,,,,,,,,,,
754,1,DDP,Leche,Dem_Leche,,,2037,,,,,1.0,,,,,,,,,,,,,,,,,
754,1,DDP,Leche,Dem_Leche,,,2038,,,,,1.0,,,,,,,,,,,,,,,,,
754,1,DDP,Leche,Dem_Leche,,,2039,,,,,1.0,,,,,,,,,,,,,,,,,
754,1,DDP,Leche,Dem_Leche,,,2040,,,,,1.0,,,,,,,,,,,,,,,,,
754,1,DDP,Leche,Dem_Leche,,,2041,,,,,1.0,,,,,,,,,,,,,,,,,
754,1,DDP,Leche,Dem_Leche,,,2042,,,,,1.0,,,,,,,,,,,,,,,,,
754,1,DDP,Leche,Dem_Leche,,,2043,,,,,1.0,,,,,,,,,,,,,,,,,
754,1,DDP,Leche,Dem_Leche,,,2044,,,,,1.0,,,,,,,,,,,,,,,,,
754,1,DDP,Leche,Dem_Leche,,,2045,,,,,1.0,,,,,,,,,,,,,,,,,
754,1,DDP,Leche,Dem_Leche,,,2046,,,,,1.0,,,,,,,,,,,,,,,,,
754,1,DDP,Leche,Dem_Leche,,,2047,,,,,1.0,,,,,,,,,,,,,,,,,
754,1,DDP,Leche,Dem_Leche,,,2048,,,,,1.0,,,,,,,,,,,,,,,,,
754,1,DDP,Leche,Dem_Leche,,,2049,,,,,1.0,,,,,,,,,,,,,,,,,
754,1,DDP,Leche,Dem_Leche,,,2050,,,,,1.0,,,,,,,,,,,,,,,,,
754,1,DDP,Leche,Dem_Leche,,,2051,,,,,1.0,,,,,,,,,,,,,,,,,
754,1,DDP,Leche,Dem_Leche,,,2052,,,,,1.0,,,,,,,,,,,,,,,,,
754,1,DDP,Leche,Dem_Leche,,,2053,,,,,1.0,,,,,,,,,,,,,,,,,
754,1,DDP,Leche,Dem_Leche,,,2054,,,,,1.0,,,,,,,,,,,,,,,,,
754,1,DDP,Leche,Dem_Leche,,,2055,,,,,1.0,,,,,,,,,,,,,,,,,
754,1,DDP,Leche,Dem_Leche,,,2056,,,,,1.0,,,,,,,,,,,,,,,,,
754,1,DDP,Leche,Dem_Leche,,,2057,,,,,1.0,,,,,,,,,,,,,,,,,
754,1,DDP,Leche,Dem_Leche,,,2058,,,,,1.0,,,,,,,,,,,,,,,,,
754,1,DDP,Leche,Dem_Leche,,,2059,,,,,1.0,,,,,,,,,,,,,,,,,
754,1,DDP,Leche,Dem_Leche,,,2060,,,,,1.0,,,,,,,,,,,,,,,,,
754,1,DDP,Leche,Dem_Leche,,,2061,,,,,1.0,,,,,,,,,,,,,,,,,
754,1,DDP,Leche,Dem_Leche,,,2062,,,,,1.0,,,,,,,,,,,,,,,,,
754,1,DDP,Leche,Dem_Leche,,,2063,,,,,1.0,,,,,,,,,,,,,,,,,
754,1,DDP,Leche,Dem_Leche,,,2064,,,,,1.0,,,,,,,,,,,,,,,,,
754,1,DDP,Leche,Dem_Leche,,,2065,,,,,1.0,,,,,,,,,,,,,,,,,
754,1,DDP,Leche,Dem_Leche,,,2066,,,,,1.0,,,,,,,,,,,,,,,,,
754,1,DDP,Leche,Dem_Leche,,,2067,,,,,1.0,,,,,,,,,,,,,,,,,
754,1,DDP,Leche,Dem_Leche,,,2068,,,,,1.0,,,,,,,,,,,,,,,,,
754,1,DDP,Leche,Dem_Leche,,,2069,,,,,1.0,,,,,,,,,,,,,,,,,
754,1,DDP,Leche,Dem_Leche,,,2070,,,,,1.0,,,,,,,,,,,,,,,,,
754,1,DDP,Carne,Exp_Carne,,,2018,,,,,1.0,,,,,,,,,,,,,,,,,
754,1,DDP,Carne,Exp_Carne,,,2019,,,,,1.0,,,,,,,,,,,,,,,,,
754,1,DDP,Carne,Exp_Carne,,,2020,,,,,1.0,,,,,,,,,,,,,,,,,
754,1,DDP,Carne,Exp_Carne,,,2021,,,,,1.0,,,,,,,,,,,,,,,,,
754,1,DDP,Carne,Exp_Carne,,,2022,,,,,1.0,,,,,,,,,,,,,,,,,
754,1,DDP,Carne,Exp_Carne,,,2023,,,,,1.0,,,,,,,,,,,,,,,,,
754,1,DDP,Carne,Exp_Carne,,,2024,,,,,1.0,,,,,,,,,,,,,,,,,
754,1,DDP,Carne,Exp_Carne,,,2025,,,,,1.0,,,,,,,,,,,,,,,,,
754,1,DDP,Carne,Exp_Carne,,,2026,,,,,1.0,,,,,,,,,,,,,,,,,
754,1,DDP,Carne,Exp_Carne,,,2027,,,,,1.0,,,,,,,,,,,,,,,,,
754,1,DDP,Carne,Exp_Carne,,,2028,,,,,1.0,,,,,,,,,,,,,,,,,
754,1,DDP,Carne,Exp_Carne,,,2029,,,,,1.0,,,,,,,,,,,,,,,,,
754,1,DDP,Carne,Exp_Carne,,,2030,,,,,1.0,,,,,,,,,,,,,,,,,
754,1,DDP,Carne,Exp_Carne,,,2031,,,,,1.0,,,,,,,,,,,,,,,,,
754,1,DDP,Carne,Exp_Carne,,,2032,,,,,1.0,,,,,,,,,,,,,,,,,
754,1,DDP,Carne,Exp_Carne,,,2033,,,,,1.0,,,,,,,,,,,,,,,,,
754,1,DDP,Carne,Exp_Carne,,,2034,,,,,1.0,,,,,,,,,,,,,,,,,
754,1,DDP,Carne,Exp_Carne,,,2035,,,,,1.0,,,,,,,,,,,,,,,,,
754,1,DDP,Carne,Exp_Carne,,,2036,,,,,1.0,,,,,,,,,,,,,,,,,
754,1,DDP,Carne,Exp_Carne,,,2037,,,,,1.0,,,,,,,,,,,,,,,,,
754,1,DDP,Carne,Exp_Carne,,,2038,,,,,1.0,,,,,,,,,,,,,,,,,
754,1,DDP,Carne,Exp_Carne,,,2039,,,,,1.0,,,,,,,,,,,,,,,,,
754,1,DDP,Carne,Exp_Carne,,,2040,,,,,1.0,,,,,,,,,,,,,,,,,
754,1,DDP,Carne,Exp_Carne,,,2041,,,,,1.0,,,,,,,,,,,,,,,,,
754,1,DDP,Carne,Exp_Carne,,,2042,,,,,1.0,,,,,,,,,,,,,,,,,
754,1,DDP,Carne,Exp_Carne,,,2043,,,,,1.0,,,,,,,,,,,,,,,,,
754,1,DDP,Carne,Exp_Carne,,,2044,,,,,1.0,,,,,,,,,,,,,,,,,
754,1,DDP,Carne,Exp_Carne,,,2045,,,,,1.0,,,,,,,,,,,,,,,,,
754,1,DDP,Carne,Exp_Carne,,,2046,,,,,1.0,,,,,,,,,,,,,,,,,
754,1,DDP,Carne,Exp_Carne,,,2047,,,,,1.0,,,,,,,,,,,,,,,,,
754,1,DDP,Carne,Exp_Carne,,,2048,,,,,1.0,,,,,,,,,,,,,,,,,
754,1,DDP,Carne,Exp_Carne,,,2049,,,,,1.0,,,,,,,,,,,,,,,,,
754,1,DDP,Carne,Exp_Carne,,,2050,,,,,1.0,,,,,,,,,,,,,,,,,
754,1,DDP,Carne,Exp_Carne,,,2051,,,,,1.0,,,,,,,,,,,,,,,,,
754,1,DDP,Carne,Exp_Carne,,,2052,,,,,1.0,,,,,,,,,,,,,,,,,
754,1,DDP,Carne,Exp_Carne,,,2053,,,,,1.0,,,,,,,,,,,,,,,,,
754,1,DDP,Carne,Exp_Carne,,,2054,,,,,1.0,,,,,,,,,,,,,,,,,
754,1,DDP,Carne,Exp_Carne,,,2055,,,,,1.0,,,,,,,,,,,,,,,,,
754,1,DDP,Carne,Exp_Carne,,,2056,,,,,1.0,,,,,,,,,,,,,,,,,
754,1,DDP,Carne,Exp_Carne,,,2057,,,,,1.0,,,,,,,,,,,,,,,,,
754,1,DDP,Carne,Exp_Carne,,,2058,,,,,1.0,,,,,,,,,,,,,,,,,
754,1,DDP,Carne,Exp_Carne,,,2059,,,,,1.0,,,,,,,,,,,,,,,,,
754,1,DDP,Carne,Exp_Carne,,,2060,,,,,1.0,,,,,,,,,,,,,,,,,
754,1,DDP,Carne,Exp_Carne,,,2061,,,,,1.0,,,,,,,,,,,,,,,,,
754,1,DDP,Carne,Exp_Carne,,,2062,,,,,1.0,,,,,,,,,,,,,,,,,
754,1,DDP,Carne,Exp_Carne,,,2063,,,,,1.0,,,,,,,,,,,,,,,,,
754,1,DDP,Carne,Exp_Carne,,,2064,,,,,1.0,,,,,,,,,,,,,,,,,
754,1,DDP,Carne,Exp_Carne,,,2065,,,,,1.0,,,,,,,,,,,,,,,,,
754,1,DDP,Carne,Exp_Carne,,,2066,,,,,1.0,,,,,,,,,,,,,,,,,
754,1,DDP,Carne,Exp_Carne,,,2067,,,,,1.0,,,,,,,,,,,,,,,,,
754,1,DDP,Carne,Exp_Carne,,,2068,,,,,1.0,,,,,,,,,,,,,,,,,
754,1,DDP,Carne,Exp_Carne,,,2069,,,,,1.0,,,,,,,,,,,,,,,,,
754,1,DDP,Carne,Exp_Carne,,,2070,,,,,1.0,,,,,,,,,,,,,,,,,
754,1,DDP,Leche,Exp_Leche,,,2018,,,,,1.0,,,,,,,,,,,,,,,,,
754,1,DDP,Leche,Exp_Leche,,,2019,,,,,1.0,,,,,,,,,,,,,,,,,
754,1,DDP,Leche,Exp_Leche,,,2020,,,,,1.0,,,,,,,,,,,,,,,,,
754,1,DDP,Leche,Exp_Leche,,,2021,,,,,1.0,,,,,,,,,,,,,,,,,
754,1,DDP,Leche,Exp_Leche,,,2022,,,,,1.0,,,,,,,,,,,,,,,,,
754,1,DDP,Leche,Exp_Leche,,,2023,,,,,1.0,,,,,,,,,,,,,,,,,
754,1,DDP,Leche,Exp_Leche,,,2024,,,,,1.0,,,,,,,,,,,,,,,,,
754,1,DDP,Leche,Exp_Leche,,,2025,,,,,1.0,,,,,,,,,,,,,,,,,
754,1,DDP,Leche,Exp_Leche,,,2026,,,,,1.0,,,,,,,,,,,,,,,,,
754,1,DDP,Leche,Exp_Leche,,,2027,,,,,1.0,,,,,,,,,,,,,,,,,
754,1,DDP,Leche,Exp_Leche,,,2028,,,,,1.0,,,,,,,,,,,,,,,,,
754,1,DDP,Leche,Exp_Leche,,,2029,,,,,1.0,,,,,,,,,,,,,,,,,
754,1,DDP,Leche,Exp_Leche,,,2030,,,,,1.0,,,,,,,,,,,,,,,,,
754,1,DDP,Leche,Exp_Leche,,,2031,,,,,1.0,,,,,,,,,,,,,,,,,
754,1,DDP,Leche,Exp_Leche,,,2032,,,,,1.0,,,,,,,,,,,,,,,,,
754,1,DDP,Leche,Exp_Leche,,,2033,,,,,1.0,,,,,,,,,,,,,,,,,
754,1,DDP,Leche,Exp_Leche,,,2034,,,,,1.0,,,,,,,,,,,,,,,,,
754,1,DDP,Leche,Exp_Leche,,,2035,,,,,1.0,,,,,,,,,,,,,,,,,
754,1,DDP,Leche,Exp_Leche,,,2036,,,,,1.0,,,,,,,,,,,,,,,,,
754,1,DDP,Leche,Exp_Leche,,,2037,,,,,1.0,,,,,,,,,,,,,,,,,
754,1,DDP,Leche,Exp_Leche,,,2038,,,,,1.0,,,,,,,,,,,,,,,,,
754,1,DDP,Leche,Exp_Leche,,,2039,,,,,1.0,,,,,,,,,,,,,,,,,
754,1,DDP,Leche,Exp_Leche,,,2040,,,,,1.0,,,,,,,,,,,,,,,,,
754,1,DDP,Leche,Exp_Leche,,,2041,,,,,1.0,,,,,,,,,,,,,,,,,
754,1,DDP,Leche,Exp_Leche,,,2042,,,,,1.0,,,,,,,,,,,,,,,,,
754,1,DDP,Leche,Exp_Leche,,,2043,,,,,1.0,,,,,,,,,,,,,,,,,
754,1,DDP,Leche,Exp_Leche,,,2044,,,,,1.0,,,,,,,,,,,,,,,,,
754,1,DDP,Leche,Exp_Leche,,,2045,,,,,1.0,,,,,,,,,,,,,,,,,
754,1,DDP,Leche,Exp_Leche,,,2046,,,,,1.0,,,,,,,,,,,,,,,,,
754,1,DDP,Leche,Exp_Leche,,,2047,,,,,1.0,,,,,,,,,,,,,,,,,
754,1,DDP,Leche,Exp_Leche,,,2048,,,,,1.0,,,,,,,,,,,,,,,,,
754,1,DDP,Leche,Exp_Leche,,,2049,,,,,1.0,,,,,,,,,,,,,,,,,
754,1,DDP,Leche,Exp_Leche,,,2050,,,,,1.0,,,,,,,,,,,,,,,,,
754,1,DDP,Leche,Exp_Leche,,,2051,,,,,1.0,,,,,,,,,,,,,,,,,
754,1,DDP,Leche,Exp_Leche,,,2052,,,,,1.0,,,,,,,,,,,,,,,,,
754,1,DDP,Leche,Exp_Leche,,,2053,,,,,1.0,,,,,,,,,,,,,,,,,
754,1,DDP,Leche,Exp_Leche,,,2054,,,,,1.0,,,,,,,,,,,,,,,,,
754,1,DDP,Leche,Exp_Leche,,,2055,,,,,1.0,,,,,,,,,,,,,,,,,
754,1,DDP,Leche,Exp_Leche,,,2056,,,,,1.0,,,,,,,,,,,,,,,,,
754,1,DDP,Leche,Exp_Leche,,,2057,,,,,1.0,,,,,,,,,,,,,,,,,
754,1,DDP,Leche,Exp_Leche,,,2058,,,,,1.0,,,,,,,,,,,,,,,,,
754,1,DDP,Leche,Exp_Leche,,,2059,,,,,1.0,,,,,,,,,,,,,,,,,
754,1,DDP,Leche,Exp_Leche,,,2060,,,,,1.0,,,,,,,,,,,,,,,,,
754,1,DDP,Leche,Exp_Leche,,,2061,,,,,1.0,,,,,,,,,,,,,,,,,
754,1,DDP,Leche,Exp_Leche,,,2062,,,,,1.0,,,,,,,,,,,,,,,,,
754,1,DDP,Leche,Exp_Leche,,,2063,,,,,1.0,,,,,,,,,,,,,,,,,
754,1,DDP,Leche,Exp_Leche,,,2064,,,,,1.0,,,,,,,,,,,,,,,,,
754,1,DDP,Leche,Exp_Leche,,,2065,,,,,1.0,,,,,,,,,,,,,,,,,
754,1,DDP,Leche,Exp_Leche,,,2066,,,,,1.0,,,,,,,,,,,,,,,,,
754,1,DDP,Leche,Exp_Leche,,,2067,,,,,1.0,,,,,,,,,,,,,,,,,
754,1,DDP,Leche,Exp_Leche,,,2068,,,,,1.0,,,,,,,,,,,,,,,,,
754,1,DDP,Leche,Exp_Leche,,,2069,,,,,1.0,,,,,,,,,,,,,,,,,
754,1,DDP,Leche,Exp_Leche,,,2070,,,,,1.0,,,,,,,,,,,,,,,,,
754,1,DDP,Bosque_nativo,area_restaurada,,,2018,,,,,1.0,,,,,,,,,,,,,,,,,
754,1,DDP,Bosque_nativo,area_restaurada,,,2019,,,,,1.0,,,,,,,,,,,,,,,,,
754,1,DDP,Bosque_nativo,area_restaurada,,,2020,,,,,1.0,,,,,,,,,,,,,,,,,
754,1,DDP,Bosque_nativo,area_restaurada,,,2021,,,,,1.0,,,,,,,,,,,,,,,,,
754,1,DDP,Bosque_nativo,area_restaurada,,,2022,,,,,1.0,,,,,,,,,,,,,,,,,
754,1,DDP,Bosque_nativo,area_restaurada,,,2023,,,,,1.0,,,,,,,,,,,,,,,,,
754,1,DDP,Bosque_nativo,area_restaurada,,,2024,,,,,1.0,,,,,,,,,,,,,,,,,
754,1,DDP,Bosque_nativo,area_restaurada,,,2025,,,,,1.0,,,,,,,,,,,,,,,,,
754,1,DDP,Bosque_nativo,area_restaurada,,,2026,,,,,1.0,,,,,,,,,,,,,,,,,
754,1,DDP,Bosque_nativo,area_restaurada,,,2027,,,,,1.0,,,,,,,,,,,,,,,,,
754,1,DDP,Bosque_nativo,area_restaurada,,,2028,,,,,1.0,,,,,,,,,,,,,,,,,
754,1,DDP,Bosque_nativo,area_restaurada,,,2029,,,,,1.0,,,,,,,,,,,,,,,,,
754,1,DDP,Bosque_nativo,area_restaurada,,,2030,,,,,1.0,,,,,,,,,,,,,,,,,
754,1,DDP,Bosque_nativo,area_restaurada,,,2031,,,,,1.0,,,,,,,,,,,,,,,,,
754,1,DDP,Bosque_nativo,area_restaurada,,,2032,,,,,1.0,,,,,,,,,,,,,,,,,
754,1,DDP,Bosque_nativo,area_restaurada,,,2033,,,,,1.0,,,,,,,,,,,,,,,,,
754,1,DDP,Bosque_nativo,area_restaurada,,,2034,,,,,1.0,,,,,,,,,,,,,,,,,
754,1,DDP,Bosque_nativo,area_restaurada,,,2035,,,,,1.0,,,,,,,,,,,,,,,,,
754,1,DDP,Bosque_nativo,area_restaurada,,,2036,,,,,1.0,,,,,,,,,,,,,,,,,
754,1,DDP,Bosque_nativo,area_restaurada,,,2037,,,,,1.0,,,,,,,,,,,,,,,,,
754,1,DDP,Bosque_nativo,area_restaurada,,,2038,,,,,1.0,,,,,,,,,,,,,,,,,
754,1,DDP,Bosque_nativo,area_restaurada,,,2039,,,,,1.0,,,,,,,,,,,,,,,,,
754,1,DDP,Bosque_nativo,area_restaurada,,,2040,,,,,1.0,,,,,,,,,,,,,,,,,
754,1,DDP,Bosque_nativo,area_restaurada,,,2041,,,,,1.0,,,,,,,,,,,,,,,,,
754,1,DDP,Bosque_nativo,area_restaurada,,,2042,,,,,1.0,,,,,,,,,,,,,,,,,
754,1,DDP,Bosque_nativo,area_restaurada,,,2043,,,,,1.0,,,,,,,,,,,,,,,,,
754,1,DDP,Bosque_nativo,area_restaurada,,,2044,,,,,1.0,,,,,,,,,,,,,,,,,
754,1,DDP,Bosque_nativo,area_restaurada,,,2045,,,,,1.0,,,,,,,,,,,,,,,,,
754,1,DDP,Bosque_nativo,area_restaurada,,,2046,,,,,1.0,,,,,,,,,,,,,,,,,
754,1,DDP,Bosque_nativo,area_restaurada,,,2047,,,,,1.0,,,,,,,,,,,,,,,,,
754,1,DDP,Bosque_nativo,area_restaurada,,,2048,,,,,1.0,,,,,,,,,,,,,,,,,
754,1,DDP,Bosque_nativo,area_restaurada,,,2049,,,,,1.0,,,,,,,,,,,,,,,,,
754,1,DDP,Bosque_nativo,area_restaurada,,,2050,,,,,1.0,,,,,,,,,,,,,,,,,
754,1,DDP,Bosque_nativo,area_restaurada,,,2051,,,,,1.0,,,,,,,,,,,,,,,,,
754,1,DDP,Bosque_nativo,area_restaurada,,,2052,,,,,1.0,,,,,,,,,,,,,,,,,
754,1,DDP,Bosque_nativo,area_restaurada,,,2053,,,,,1.0,,,,,,,,,,,,,,,,,
754,1,DDP,Bosque_nativo,area_restaurada,,,2054,,,,,1.0,,,,,,,,,,,,,,,,,
754,1,DDP,Bosque_nativo,area_restaurada,,,2055,,,,,1.0,,,,,,,,,,,,,,,,,
754,1,DDP,Bosque_nativo,area_restaurada,,,2056,,,,,1.0,,,,,,,,,,,,,,,,,
754,1,DDP,Bosque_nativo,area_restaurada,,,2057,,,,,1.0,,,,,,,,,,,,,,,,,
754,1,DDP,Bosque_nativo,area_restaurada,,,2058,,,,,1.0,,,,,,,,,,,,,,,,,
754,1,DDP,Bosque_nativo,area_restaurada,,,2059,,,,,1.0,,,,,,,,,,,,,,,,,
754,1,DDP,Bosque_nativo,area_restaurada,,,2060,,,,,1.0,,,,,,,,,,,,,,,,,
754,1,DDP,Bosque_nativo,area_restaurada,,,2061,,,,,1.0,,,,,,,,,,,,,,,,,
754,1,DDP,Bosque_nativo,area_restaurada,,,2062,,,,,1.0,,,,,,,,,,,,,,,,,
754,1,DDP,Bosque_nativo,area_restaurada,,,2063,,,,,1.0,,,,,,,,,,,,,,,,,
754,1,DDP,Bosque_nativo,area_restaurada,,,2064,,,,,1.0,,,,,,,,,,,,,,,,,
754,1,DDP,Bosque_nativo,area_restaurada,,,2065,,,,,1.0,,,,,,,,,,,,,,,,,
754,1,DDP,Bosque_nativo,area_restaurada,,,2066,,,,,1.0,,,,,,,,,,,,,,,,,
754,1,DDP,Bosque_nativo,area_restaurada,,,2067,,,,,1.0,,,,,,,,,,,,,,,,,
754,1,DDP,Bosque_nativo,area_restaurada,,,2068,,,,,1.0,,,,,,,,,,,,,,,,,
754,1,DDP,Bosque_nativo,area_restaurada,,,2069,,,,,1.0,,,,,,,,,,,,,,,,,
754,1,DDP,Bosque_nativo,area_restaurada,,,2070,,,,,1.0,,,,,,,,,,,,,,,,,
754,1,DDP,Suelo,Suelo,,,2018,,,,,,1.0,,,,,,,,,,,,,,,,
754,1,DDP,Suelo,Suelo,,,2019,,,,,,1.0,,,,,,,,,,,,,,,,
754,1,DDP,Suelo,Suelo,,,2020,,,,,,1.0,,,,,,,,,,,,,,,,
754,1,DDP,Suelo,Suelo,,,2021,,,,,,1.0,,,,,,,,,,,,,,,,
754,1,DDP,Suelo,Suelo,,,2022,,,,,,1.0,,,,,,,,,,,,,,,,
754,1,DDP,Suelo,Suelo,,,2023,,,,,,1.0,,,,,,,,,,,,,,,,
754,1,DDP,Suelo,Suelo,,,2024,,,,,,1.0,,,,,,,,,,,,,,,,
754,1,DDP,Suelo,Suelo,,,2025,,,,,,1.0,,,,,,,,,,,,,,,,
754,1,DDP,Suelo,Suelo,,,2026,,,,,,1.0,,,,,,,,,,,,,,,,
754,1,DDP,Suelo,Suelo,,,2027,,,,,,1.0,,,,,,,,,,,,,,,,
754,1,DDP,Suelo,Suelo,,,2028,,,,,,1.0,,,,,,,,,,,,,,,,
754,1,DDP,Suelo,Suelo,,,2029,,,,,,1.0,,,,,,,,,,,,,,,,
754,1,DDP,Suelo,Suelo,,,2030,,,,,,1.0,,,,,,,,,,,,,,,,
754,1,DDP,Suelo,Suelo,,,2031,,,,,,1.0,,,,,,,,,,,,,,,,
754,1,DDP,Suelo,Suelo,,,2032,,,,,,1.0,,,,,,,,,,,,,,,,
754,1,DDP,Suelo,Suelo,,,2033,,,,,,1.0,,,,,,,,,,,,,,,,
754,1,DDP,Suelo,Suelo,,,2034,,,,,,1.0,,,,,,,,,,,,,,,,
754,1,DDP,Suelo,Suelo,,,2035,,,,,,1.0,,,,,,,,,,,,,,,,
754,1,DDP,Suelo,Suelo,,,2036,,,,,,1.0,,,,,,,,,,,,,,,,
754,1,DDP,Suelo,Suelo,,,2037,,,,,,1.0,,,,,,,,,,,,,,,,
754,1,DDP,Suelo,Suelo,,,2038,,,,,,1.0,,,,,,,,,,,,,,,,
754,1,DDP,Suelo,Suelo,,,2039,,,,,,1.0,,,,,,,,,,,,,,,,
754,1,DDP,Suelo,Suelo,,,2040,,,,,,1.0,,,,,,,,,,,,,,,,
754,1,DDP,Suelo,Suelo,,,2041,,,,,,1.0,,,,,,,,,,,,,,,,
754,1,DDP,Suelo,Suelo,,,2042,,,,,,1.0,,,,,,,,,,,,,,,,
754,1,DDP,Suelo,Suelo,,,2043,,,,,,1.0,,,,,,,,,,,,,,,,
754,1,DDP,Suelo,Suelo,,,2044,,,,,,1.0,,,,,,,,,,,,,,,,
754,1,DDP,Suelo,Suelo,,,2045,,,,,,1.0,,,,,,,,,,,,,,,,
754,1,DDP,Suelo,Suelo,,,2046,,,,,,1.0,,,,,,,,,,,,,,,,
754,1,DDP,Suelo,Suelo,,,2047,,,,,,1.0,,,,,,,,,,,,,,,,
754,1,DDP,Suelo,Suelo,,,2048,,,,,,1.0,,,,,,,,,,,,,,,,
754,1,DDP,Suelo,Suelo,,,2049,,,,,,1.0,,,,,,,,,,,,,,,,
754,1,DDP,Suelo,Suelo,,,2050,,,,,,1.0,,,,,,,,,,,,,,,,
754,1,DDP,Suelo,Suelo,,,2051,,,,,,1.0,,,,,,,,,,,,,,,,
754,1,DDP,Suelo,Suelo,,,2052,,,,,,1.0,,,,,,,,,,,,,,,,
754,1,DDP,Suelo,Suelo,,,2053,,,,,,1.0,,,,,,,,,,,,,,,,
754,1,DDP,Suelo,Suelo,,,2054,,,,,,1.0,,,,,,,,,,,,,,,,
754,1,DDP,Suelo,Suelo,,,2055,,,,,,1.0,,,,,,,,,,,,,,,,
754,1,DDP,Suelo,Suelo,,,2056,,,,,,1.0,,,,,,,,,,,,,,,,
754,1,DDP,Suelo,Suelo,,,2057,,,,,,1.0,,,,,,,,,,,,,,,,
754,1,DDP,Suelo,Suelo,,,2058,,,,,,1.0,,,,,,,,,,,,,,,,
754,1,DDP,Suelo,Suelo,,,2059,,,,,,1.0,,,,,,,,,,,,,,,,
754,1,DDP,Suelo,Suelo,,,2060,,,,,,1.0,,,,,,,,,,,,,,,,
754,1,DDP,Suelo,Suelo,,,2061,,,,,,1.0,,,,,,,,,,,,,,,,
754,1,DDP,Suelo,Suelo,,,2062,,,,,,1.0,,,,,,,,,,,,,,,,
754,1,DDP,Suelo,Suelo,,,2063,,,,,,1.0,,,,,,,,,,,,,,,,
754,1,DDP,Suelo,Suelo,,,2064,,,,,,1.0,,,,,,,,,,,,,,,,
754,1,DDP,Suelo,Suelo,,,2065,,,,,,1.0,,,,,,,,,,,,,,,,
754,1,DDP,Suelo,Suelo,,,2066,,,,,,1.0,,,,,,,,,,,,,,,,
754,1,DDP,Suelo,Suelo,,,2067,,,,,,1.0,,,,,,,,,,,,,,,,
754,1,DDP,Suelo,Suelo,,,2068,,,,,,1.0,,,,,,,,,,,,,,,,
754,1,DDP,Suelo,Suelo,,,2069,,,,,,1.0,,,,,,,,,,,,,,,,
754,1,DDP,Suelo,Suelo,,,2070,,,,,,1.0,,,,,,,,,,,,,,,,
754,1,DDP,Bosque,Bosque,,,2018,,,,,,1.0,,,,,,,,,,,,,,,,
754,1,DDP,Bosque,Bosque,,,2019,,,,,,1.0,,,,,,,,,,,,,,,,
754,1,DDP,Bosque,Bosque,,,2020,,,,,,1.0,,,,,,,,,,,,,,,,
754,1,DDP,Bosque,Bosque,,,2021,,,,,,1.0,,,,,,,,,,,,,,,,
754,1,DDP,Bosque,Bosque,,,2022,,,,,,1.0,,,,,,,,,,,,,,,,
754,1,DDP,Bosque,Bosque,,,2023,,,,,,1.0,,,,,,,,,,,,,,,,
754,1,DDP,Bosque,Bosque,,,2024,,,,,,1.0,,,,,,,,,,,,,,,,
754,1,DDP,Bosque,Bosque,,,2025,,,,,,1.0,,,,,,,,,,,,,,,,
754,1,DDP,Bosque,Bosque,,,2026,,,,,,1.0,,,,,,,,,,,,,,,,
754,1,DDP,Bosque,Bosque,,,2027,,,,,,1.0,,,,,,,,,,,,,,,,
754,1,DDP,Bosque,Bosque,,,2028,,,,,,1.0,,,,,,,,,,,,,,,,
754,1,DDP,Bosque,Bosque,,,2029,,,,,,1.0,,,,,,,,,,,,,,,,
754,1,DDP,Bosque,Bosque,,,2030,,,,,,1.0,,,,,,,,,,,,,,,,
754,1,DDP,Bosque,Bosque,,,2031,,,,,,1.0,,,,,,,,,,,,,,,,
754,1,DDP,Bosque,Bosque,,,2032,,,,,,1.0,,,,,,,,,,,,,,,,
754,1,DDP,Bosque,Bosque,,,2033,,,,,,1.0,,,,,,,,,,,,,,,,
754,1,DDP,Bosque,Bosque,,,2034,,,,,,1.0,,,,,,,,,,,,,,,,
754,1,DDP,Bosque,Bosque,,,2035,,,,,,1.0,,,,,,,,,,,,,,,,
754,1,DDP,Bosque,Bosque,,,2036,,,,,,1.0,,,,,,,,,,,,,,,,
754,1,DDP,Bosque,Bosque,,,2037,,,,,,1.0,,,,,,,,,,,,,,,,
754,1,DDP,Bosque,Bosque,,,2038,,,,,,1.0,,,,,,,,,,,,,,,,
754,1,DDP,Bosque,Bosque,,,2039,,,,,,1.0,,,,,,,,,,,,,,,,
754,1,DDP,Bosque,Bosque,,,2040,,,,,,1.0,,,,,,,,,,,,,,,,
754,1,DDP,Bosque,Bosque,,,2041,,,,,,1.0,,,,,,,,,,,,,,,,
754,1,DDP,Bosque,Bosque,,,2042,,,,,,1.0,,,,,,,,,,,,,,,,
754,1,DDP,Bosque,Bosque,,,2043,,,,,,1.0,,,,,,,,,,,,,,,,
754,1,DDP,Bosque,Bosque,,,2044,,,,,,1.0,,,,,,,,,,,,,,,,
754,1,DDP,Bosque,Bosque,,,2045,,,,,,1.0,,,,,,,,,,,,,,,,
754,1,DDP,Bosque,Bosque,,,2046,,,,,,1.0,,,,,,,,,,,,,,,,
754,1,DDP,Bosque,Bosque,,,2047,,,,,,1.0,,,,,,,,,,,,,,,,
754,1,DDP,Bosque,Bosque,,,2048,,,,,,1.0,,,,,,,,,,,,,,,,
754,1,DDP,Bosque,Bosque,,,2049,,,,,,1.0,,,,,,,,,,,,,,,,
754,1,DDP,Bosque,Bosque,,,2050,,,,,,1.0,,,,,,,,,,,,,,,,
754,1,DDP,Bosque,Bosque,,,2051,,,,,,1.0,,,,,,,,,,,,,,,,
754,1,DDP,Bosque,Bosque,,,2052,,,,,,1.0,,,,,,,,,,,,,,,,
754,1,DDP,Bosque,Bosque,,,2053,,,,,,1.0,,,,,,,,,,,,,,,,
754,1,DDP,Bosque,Bosque,,,2054,,,,,,1.0,,,,,,,,,,,,,,,,
754,1,DDP,Bosque,Bosque,,,2055,,,,,,1.0,,,,,,,,,,,,,,,,
754,1,DDP,Bosque,Bosque,,,2056,,,,,,1.0,,,,,,,,,,,,,,,,
754,1,DDP,Bosque,Bosque,,,2057,,,,,,1.0,,,,,,,,,,,,,,,,
754,1,DDP,Bosque,Bosque,,,2058,,,,,,1.0,,,,,,,,,,,,,,,,
754,1,DDP,Bosque,Bosque,,,2059,,,,,,1.0,,,,,,,,,,,,,,,,
754,1,DDP,Bosque,Bosque,,,2060,,,,,,1.0,,,,,,,,,,,,,,,,
754,1,DDP,Bosque,Bosque,,,2061,,,,,,1.0,,,,,,,,,,,,,,,,
754,1,DDP,Bosque,Bosque,,,2062,,,,,,1.0,,,,,,,,,,,,,,,,
754,1,DDP,Bosque,Bosque,,,2063,,,,,,1.0,,,,,,,,,,,,,,,,
754,1,DDP,Bosque,Bosque,,,2064,,,,,,1.0,,,,,,,,,,,,,,,,
754,1,DDP,Bosque,Bosque,,,2065,,,,,,1.0,,,,,,,,,,,,,,,,
754,1,DDP,Bosque,Bosque,,,2066,,,,,,1.0,,,,,,,,,,,,,,,,
754,1,DDP,Bosque,Bosque,,,2067,,,,,,1.0,,,,,,,,,,,,,,,,
754,1,DDP,Bosque,Bosque,,,2068,,,,,,1.0,,,,,,,,,,,,,,,,
754,1,DDP,Bosque,Bosque,,,2069,,,,,,1.0,,,,,,,,,,,,,,,,
754,1,DDP,Bosque,Bosque,,,2070,,,,,,1.0,,,,,,,,,,,,,,,,
754,1,DDP,Tierra_agropecuaria,Tierra_agropecuaria,,,2018,,,,,,1.0,,,,,,,,,,,,,,,,
754,1,DDP,Tierra_agropecuaria,Tierra_agropecuaria,,,2019,,,,,,1.0,,,,,,,,,,,,,,,,
754,1,DDP,Tierra_agropecuaria,Tierra_agropecuaria,,,2020,,,,,,1.0,,,,,,,,,,,,,,,,
754,1,DDP,Tierra_agropecuaria,Tierra_agropecuaria,,,2021,,,,,,1.0,,,,,,,,,,,,,,,,
754,1,DDP,Tierra_agropecuaria,Tierra_agropecuaria,,,2022,,,,,,1.0,,,,,,,,,,,,,,,,
754,1,DDP,Tierra_agropecuaria,Tierra_agropecuaria,,,2023,,,,,,1.0,,,,,,,,,,,,,,,,
754,1,DDP,Tierra_agropecuaria,Tierra_agropecuaria,,,2024,,,,,,1.0,,,,,,,,,,,,,,,,
754,1,DDP,Tierra_agropecuaria,Tierra_agropecuaria,,,2025,,,,,,1.0,,,,,,,,,,,,,,,,
754,1,DDP,Tierra_agropecuaria,Tierra_agropecuaria,,,2026,,,,,,1.0,,,,,,,,,,,,,,,,
754,1,DDP,Tierra_agropecuaria,Tierra_agropecuaria,,,2027,,,,,,1.0,,,,,,,,,,,,,,,,
754,1,DDP,Tierra_agropecuaria,Tierra_agropecuaria,,,2028,,,,,,1.0,,,,,,,,,,,,,,,,
754,1,DDP,Tierra_agropecuaria,Tierra_agropecuaria,,,2029,,,,,,1.0,,,,,,,,,,,,,,,,
754,1,DDP,Tierra_agropecuaria,Tierra_agropecuaria,,,2030,,,,,,1.0,,,,,,,,,,,,,,,,
754,1,DDP,Tierra_agropecuaria,Tierra_agropecuaria,,,2031,,,,,,1.0,,,,,,,,,,,,,,,,
754,1,DDP,Tierra_agropecuaria,Tierra_agropecuaria,,,2032,,,,,,1.0,,,,,,,,,,,,,,,,
754,1,DDP,Tierra_agropecuaria,Tierra_agropecuaria,,,2033,,,,,,1.0,,,,,,,,,,,,,,,,
754,1,DDP,Tierra_agropecuaria,Tierra_agropecuaria,,,2034,,,,,,1.0,,,,,,,,,,,,,,,,
754,1,DDP,Tierra_agropecuaria,Tierra_agropecuaria,,,2035,,,,,,1.0,,,,,,,,,,,,,,,,
754,1,DDP,Tierra_agropecuaria,Tierra_agropecuaria,,,2036,,,,,,1.0,,,,,,,,,,,,,,,,
754,1,DDP,Tierra_agropecuaria,Tierra_agropecuaria,,,2037,,,,,,1.0,,,,,,,,,,,,,,,,
754,1,DDP,Tierra_agropecuaria,Tierra_agropecuaria,,,2038,,,,,,1.0,,,,,,,,,,,,,,,,
754,1,DDP,Tierra_agropecuaria,Tierra_agropecuaria,,,2039,,,,,,1.0,,,,,,,,,,,,,,,,
754,1,DDP,Tierra_agropecuaria,Tierra_agropecuaria,,,2040,,,,,,1.0,,,,,,,,,,,,,,,,
754,1,DDP,Tierra_agropecuaria,Tierra_agropecuaria,,,2041,,,,,,1.0,,,,,,,,,,,,,,,,
754,1,DDP,Tierra_agropecuaria,Tierra_agropecuaria,,,2042,,,,,,1.0,,,,,,,,,,,,,,,,
754,1,DDP,Tierra_agropecuaria,Tierra_agropecuaria,,,2043,,,,,,1.0,,,,,,,,,,,,,,,,
754,1,DDP,Tierra_agropecuaria,Tierra_agropecuaria,,,2044,,,,,,1.0,,,,,,,,,,,,,,,,
754,1,DDP,Tierra_agropecuaria,Tierra_agropecuaria,,,2045,,,,,,1.0,,,,,,,,,,,,,,,,
754,1,DDP,Tierra_agropecuaria,Tierra_agropecuaria,,,2046,,,,,,1.0,,,,,,,,,,,,,,,,
754,1,DDP,Tierra_agropecuaria,Tierra_agropecuaria,,,2047,,,,,,1.0,,,,,,,,,,,,,,,,
754,1,DDP,Tierra_agropecuaria,Tierra_agropecuaria,,,2048,,,,,,1.0,,,,,,,,,,,,,,,,
754,1,DDP,Tierra_agropecuaria,Tierra_agropecuaria,,,2049,,,,,,1.0,,,,,,,,,,,,,,,,
754,1,DDP,Tierra_agropecuaria,Tierra_agropecuaria,,,2050,,,,,,1.0,,,,,,,,,,,,,,,,
754,1,DDP,Tierra_agropecuaria,Tierra_agropecuaria,,,2051,,,,,,1.0,,,,,,,,,,,,,,,,
754,1,DDP,Tierra_agropecuaria,Tierra_agropecuaria,,,2052,,,,,,1.0,,,,,,,,,,,,,,,,
754,1,DDP,Tierra_agropecuaria,Tierra_agropecuaria,,,2053,,,,,,1.0,,,,,,,,,,,,,,,,
754,1,DDP,Tierra_agropecuaria,Tierra_agropecuaria,,,2054,,,,,,1.0,,,,,,,,,,,,,,,,
754,1,DDP,Tierra_agropecuaria,Tierra_agropecuaria,,,2055,,,,,,1.0,,,,,,,,,,,,,,,,
754,1,DDP,Tierra_agropecuaria,Tierra_agropecuaria,,,2056,,,,,,1.0,,,,,,,,,,,,,,,,
754,1,DDP,Tierra_agropecuaria,Tierra_agropecuaria,,,2057,,,,,,1.0,,,,,,,,,,,,,,,,
754,1,DDP,Tierra_agropecuaria,Tierra_agropecuaria,,,2058,,,,,,1.0,,,,,,,,,,,,,,,,
754,1,DDP,Tierra_agropecuaria,Tierra_agropecuaria,,,2059,,,,,,1.0,,,,,,,,,,,,,,,,
754,1,DDP,Tierra_agropecuaria,Tierra_agropecuaria,,,2060,,,,,,1.0,,,,,,,,,,,,,,,,
754,1,DDP,Tierra_agropecuaria,Tierra_agropecuaria,,,2061,,,,,,1.0,,,,,,,,,,,,,,,,
754,1,DDP,Tierra_agropecuaria,Tierra_agropecuaria,,,2062,,,,,,1.0,,,,,,,,,,,,,,,,
754,1,DDP,Tierra_agropecuaria,Tierra_agropecuaria,,,2063,,,,,,1.0,,,,,,,,,,,,,,,,
754,1,DDP,Tierra_agropecuaria,Tierra_agropecuaria,,,2064,,,,,,1.0,,,,,,,,,,,,,,,,
754,1,DDP,Tierra_agropecuaria,Tierra_agropecuaria,,,2065,,,,,,1.0,,,,,,,,,,,,,,,,
754,1,DDP,Tierra_agropecuaria,Tierra_agropecuaria,,,2066,,,,,,1.0,,,,,,,,,,,,,,,,
754,1,DDP,Tierra_agropecuaria,Tierra_agropecuaria,,,2067,,,,,,1.0,,,,,,,,,,,,,,,,
754,1,DDP,Tierra_agropecuaria,Tierra_agropecuaria,,,2068,,,,,,1.0,,,,,,,,,,,,,,,,
754,1,DDP,Tierra_agropecuaria,Tierra_agropecuaria,,,2069,,,,,,1.0,,,,,,,,,,,,,,,,
754,1,DDP,Tierra_agropecuaria,Tierra_agropecuaria,,,2070,,,,,,1.0,,,,,,,,,,,,,,,,
754,1,DDP,Pastizales,Pastizales,,,2018,,,,,,1.0,,,,,,,,,,,,,,,,
754,1,DDP,Pastizales,Pastizales,,,2019,,,,,,1.0,,,,,,,,,,,,,,,,
754,1,DDP,Pastizales,Pastizales,,,2020,,,,,,1.0,,,,,,,,,,,,,,,,
754,1,DDP,Pastizales,Pastizales,,,2021,,,,,,1.0,,,,,,,,,,,,,,,,
754,1,DDP,Pastizales,Pastizales,,,2022,,,,,,1.0,,,,,,,,,,,,,,,,
754,1,DDP,Pastizales,Pastizales,,,2023,,,,,,1.0,,,,,,,,,,,,,,,,
754,1,DDP,Pastizales,Pastizales,,,2024,,,,,,1.0,,,,,,,,,,,,,,,,
754,1,DDP,Pastizales,Pastizales,,,2025,,,,,,1.0,,,,,,,,,,,,,,,,
754,1,DDP,Pastizales,Pastizales,,,2026,,,,,,1.0,,,,,,,,,,,,,,,,
754,1,DDP,Pastizales,Pastizales,,,2027,,,,,,1.0,,,,,,,,,,,,,,,,
754,1,DDP,Pastizales,Pastizales,,,2028,,,,,,1.0,,,,,,,,,,,,,,,,
754,1,DDP,Pastizales,Pastizales,,,2029,,,,,,1.0,,,,,,,,,,,,,,,,
754,1,DDP,Pastizales,Pastizales,,,2030,,,,,,1.0,,,,,,,,,,,,,,,,
754,1,DDP,Pastizales,Pastizales,,,2031,,,,,,1.0,,,,,,,,,,,,,,,,
754,1,DDP,Pastizales,Pastizales,,,2032,,,,,,1.0,,,,,,,,,,,,,,,,
754,1,DDP,Pastizales,Pastizales,,,2033,,,,,,1.0,,,,,,,,,,,,,,,,
754,1,DDP,Pastizales,Pastizales,,,2034,,,,,,1.0,,,,,,,,,,,,,,,,
754,1,DDP,Pastizales,Pastizales,,,2035,,,,,,1.0,,,,,,,,,,,,,,,,
754,1,DDP,Pastizales,Pastizales,,,2036,,,,,,1.0,,,,,,,,,,,,,,,,
754,1,DDP,Pastizales,Pastizales,,,2037,,,,,,1.0,,,,,,,,,,,,,,,,
754,1,DDP,Pastizales,Pastizales,,,2038,,,,,,1.0,,,,,,,,,,,,,,,,
754,1,DDP,Pastizales,Pastizales,,,2039,,,,,,1.0,,,,,,,,,,,,,,,,
754,1,DDP,Pastizales,Pastizales,,,2040,,,,,,1.0,,,,,,,,,,,,,,,,
754,1,DDP,Pastizales,Pastizales,,,2041,,,,,,1.0,,,,,,,,,,,,,,,,
754,1,DDP,Pastizales,Pastizales,,,2042,,,,,,1.0,,,,,,,,,,,,,,,,
754,1,DDP,Pastizales,Pastizales,,,2043,,,,,,1.0,,,,,,,,,,,,,,,,
754,1,DDP,Pastizales,Pastizales,,,2044,,,,,,1.0,,,,,,,,,,,,,,,,
754,1,DDP,Pastizales,Pastizales,,,2045,,,,,,1.0,,,,,,,,,,,,,,,,
754,1,DDP,Pastizales,Pastizales,,,2046,,,,,,1.0,,,,,,,,,,,,,,,,
754,1,DDP,Pastizales,Pastizales,,,2047,,,,,,1.0,,,,,,,,,,,,,,,,
754,1,DDP,Pastizales,Pastizales,,,2048,,,,,,1.0,,,,,,,,,,,,,,,,
754,1,DDP,Pastizales,Pastizales,,,2049,,,,,,1.0,,,,,,,,,,,,,,,,
754,1,DDP,Pastizales,Pastizales,,,2050,,,,,,1.0,,,,,,,,,,,,,,,,
754,1,DDP,Pastizales,Pastizales,,,2051,,,,,,1.0,,,,,,,,,,,,,,,,
754,1,DDP,Pastizales,Pastizales,,,2052,,,,,,1.0,,,,,,,,,,,,,,,,
754,1,DDP,Pastizales,Pastizales,,,2053,,,,,,1.0,,,,,,,,,,,,,,,,
754,1,DDP,Pastizales,Pastizales,,,2054,,,,,,1.0,,,,,,,,,,,,,,,,
754,1,DDP,Pastizales,Pastizales,,,2055,,,,,,1.0,,,,,,,,,,,,,,,,
754,1,DDP,Pastizales,Pastizales,,,2056,,,,,,1.0,,,,,,,,,,,,,,,,
754,1,DDP,Pastizales,Pastizales,,,2057,,,,,,1.0,,,,,,,,,,,,,,,,
754,1,DDP,Pastizales,Pastizales,,,2058,,,,,,1.0,,,,,,,,,,,,,,,,
754,1,DDP,Pastizales,Pastizales,,,2059,,,,,,1.0,,,,,,,,,,,,,,,,
754,1,DDP,Pastizales,Pastizales,,,2060,,,,,,1.0,,,,,,,,,,,,,,,,
754,1,DDP,Pastizales,Pastizales,,,2061,,,,,,1.0,,,,,,,,,,,,,,,,
754,1,DDP,Pastizales,Pastizales,,,2062,,,,,,1.0,,,,,,,,,,,,,,,,
754,1,DDP,Pastizales,Pastizales,,,2063,,,,,,1.0,,,,,,,,,,,,,,,,
754,1,DDP,Pastizales,Pastizales,,,2064,,,,,,1.0,,,,,,,,,,,,,,,,
754,1,DDP,Pastizales,Pastizales,,,2065,,,,,,1.0,,,,,,,,,,,,,,,,
754,1,DDP,Pastizales,Pastizales,,,2066,,,,,,1.0,,,,,,,,,,,,,,,,
754,1,DDP,Pastizales,Pastizales,,,2067,,,,,,1.0,,,,,,,,,,,,,,,,
754,1,DDP,Pastizales,Pastizales,,,2068,,,,,,1.0,,,,,,,,,,,,,,,,
754,1,DDP,Pastizales,Pastizales,,,2069,,,,,,1.0,,,,,,,,,,,,,,,,
754,1,DDP,Pastizales,Pastizales,,,2070,,,,,,1.0,,,,,,,,,,,,,,,,
754,1,DDP,Humedal,Humedal,,,2018,,,,,,1.0,,,,,,,,,,,,,,,,
754,1,DDP,Humedal,Humedal,,,2019,,,,,,1.0,,,,,,,,,,,,,,,,
754,1,DDP,Humedal,Humedal,,,2020,,,,,,1.0,,,,,,,,,,,,,,,,
754,1,DDP,Humedal,Humedal,,,2021,,,,,,1.0,,,,,,,,,,,,,,,,
754,1,DDP,Humedal,Humedal,,,2022,,,,,,1.0,,,,,,,,,,,,,,,,
754,1,DDP,Humedal,Humedal,,,2023,,,,,,1.0,,,,,,,,,,,,,,,,
754,1,DDP,Humedal,Humedal,,,2024,,,,,,1.0,,,,,,,,,,,,,,,,
754,1,DDP,Humedal,Humedal,,,2025,,,,,,1.0,,,,,,,,,,,,,,,,
754,1,DDP,Humedal,Humedal,,,2026,,,,,,1.0,,,,,,,,,,,,,,,,
754,1,DDP,Humedal,Humedal,,,2027,,,,,,1.0,,,,,,,,,,,,,,,,
754,1,DDP,Humedal,Humedal,,,2028,,,,,,1.0,,,,,,,,,,,,,,,,
754,1,DDP,Humedal,Humedal,,,2029,,,,,,1.0,,,,,,,,,,,,,,,,
754,1,DDP,Humedal,Humedal,,,2030,,,,,,1.0,,,,,,,,,,,,,,,,
754,1,DDP,Humedal,Humedal,,,2031,,,,,,1.0,,,,,,,,,,,,,,,,
754,1,DDP,Humedal,Humedal,,,2032,,,,,,1.0,,,,,,,,,,,,,,,,
754,1,DDP,Humedal,Humedal,,,2033,,,,,,1.0,,,,,,,,,,,,,,,,
754,1,DDP,Humedal,Humedal,,,2034,,,,,,1.0,,,,,,,,,,,,,,,,
754,1,DDP,Humedal,Humedal,,,2035,,,,,,1.0,,,,,,,,,,,,,,,,
754,1,DDP,Humedal,Humedal,,,2036,,,,,,1.0,,,,,,,,,,,,,,,,
754,1,DDP,Humedal,Humedal,,,2037,,,,,,1.0,,,,,,,,,,,,,,,,
754,1,DDP,Humedal,Humedal,,,2038,,,,,,1.0,,,,,,,,,,,,,,,,
754,1,DDP,Humedal,Humedal,,,2039,,,,,,1.0,,,,,,,,,,,,,,,,
754,1,DDP,Humedal,Humedal,,,2040,,,,,,1.0,,,,,,,,,,,,,,,,
754,1,DDP,Humedal,Humedal,,,2041,,,,,,1.0,,,,,,,,,,,,,,,,
754,1,DDP,Humedal,Humedal,,,2042,,,,,,1.0,,,,,,,,,,,,,,,,
754,1,DDP,Humedal,Humedal,,,2043,,,,,,1.0,,,,,,,,,,,,,,,,
754,1,DDP,Humedal,Humedal,,,2044,,,,,,1.0,,,,,,,,,,,,,,,,
754,1,DDP,Humedal,Humedal,,,2045,,,,,,1.0,,,,,,,,,,,,,,,,
754,1,DDP,Humedal,Humedal,,,2046,,,,,,1.0,,,,,,,,,,,,,,,,
754,1,DDP,Humedal,Humedal,,,2047,,,,,,1.0,,,,,,,,,,,,,,,,
754,1,DDP,Humedal,Humedal,,,2048,,,,,,1.0,,,,,,,,,,,,,,,,
754,1,DDP,Humedal,Humedal,,,2049,,,,,,1.0,,,,,,,,,,,,,,,,
754,1,DDP,Humedal,Humedal,,,2050,,,,,,1.0,,,,,,,,,,,,,,,,
754,1,DDP,Humedal,Humedal,,,2051,,,,,,1.0,,,,,,,,,,,,,,,,
754,1,DDP,Humedal,Humedal,,,2052,,,,,,1.0,,,,,,,,,,,,,,,,
754,1,DDP,Humedal,Humedal,,,2053,,,,,,1.0,,,,,,,,,,,,,,,,
754,1,DDP,Humedal,Humedal,,,2054,,,,,,1.0,,,,,,,,,,,,,,,,
754,1,DDP,Humedal,Humedal,,,2055,,,,,,1.0,,,,,,,,,,,,,,,,
754,1,DDP,Humedal,Humedal,,,2056,,,,,,1.0,,,,,,,,,,,,,,,,
754,1,DDP,Humedal,Humedal,,,2057,,,,,,1.0,,,,,,,,,,,,,,,,
754,1,DDP,Humedal,Humedal,,,2058,,,,,,1.0,,,,,,,,,,,,,,,,
754,1,DDP,Humedal,Humedal,,,2059,,,,,,1.0,,,,,,,,,,,,,,,,
754,1,DDP,Humedal,Humedal,,,2060,,,,,,1.0,,,,,,,,,,,,,,,,
754,1,DDP,Humedal,Humedal,,,2061,,,,,,1.0,,,,,,,,,,,,,,,,
754,1,DDP,Humedal,Humedal,,,2062,,,,,,1.0,,,,,,,,,,,,,,,,
754,1,DDP,Humedal,Humedal,,,2063,,,,,,1.0,,,,,,,,,,,,,,,,
754,1,DDP,Humedal,Humedal,,,2064,,,,,,1.0,,,,,,,,,,,,,,,,
754,1,DDP,Humedal,Humedal,,,2065,,,,,,1.0,,,,,,,,,,,,,,,,
754,1,DDP,Humedal,Humedal,,,2066,,,,,,1.0,,,,,,,,,,,,,,,,
754,1,DDP,Humedal,Humedal,,,2067,,,,,,1.0,,,,,,,,,,,,,,,,
754,1,DDP,Humedal,Humedal,,,2068,,,,,,1.0,,,,,,,,,,,,,,,,
754,1,DDP,Humedal,Humedal,,,2069,,,,,,1.0,,,,,,,,,,,,,,,,
754,1,DDP,Humedal,Humedal,,,2070,,,,,,1.0,,,,,,,,,,,,,,,,
754,1,DDP,Zona_atropica,Zona_atropica,,,2018,,,,,,1.0,,,,,,,,,,,,,,,,
754,1,DDP,Zona_atropica,Zona_atropica,,,2019,,,,,,1.0,,,,,,,,,,,,,,,,
754,1,DDP,Zona_atropica,Zona_atropica,,,2020,,,,,,1.0,,,,,,,,,,,,,,,,
754,1,DDP,Zona_atropica,Zona_atropica,,,2021,,,,,,1.0,,,,,,,,,,,,,,,,
754,1,DDP,Zona_atropica,Zona_atropica,,,2022,,,,,,1.0,,,,,,,,,,,,,,,,
754,1,DDP,Zona_atropica,Zona_atropica,,,2023,,,,,,1.0,,,,,,,,,,,,,,,,
754,1,DDP,Zona_atropica,Zona_atropica,,,2024,,,,,,1.0,,,,,,,,,,,,,,,,
754,1,DDP,Zona_atropica,Zona_atropica,,,2025,,,,,,1.0,,,,,,,,,,,,,,,,
754,1,DDP,Zona_atropica,Zona_atropica,,,2026,,,,,,1.0,,,,,,,,,,,,,,,,
754,1,DDP,Zona_atropica,Zona_atropica,,,2027,,,,,,1.0,,,,,,,,,,,,,,,,
754,1,DDP,Zona_atropica,Zona_atropica,,,2028,,,,,,1.0,,,,,,,,,,,,,,,,
754,1,DDP,Zona_atropica,Zona_atropica,,,2029,,,,,,1.0,,,,,,,,,,,,,,,,
754,1,DDP,Zona_atropica,Zona_atropica,,,2030,,,,,,1.0,,,,,,,,,,,,,,,,
754,1,DDP,Zona_atropica,Zona_atropica,,,2031,,,,,,1.0,,,,,,,,,,,,,,,,
754,1,DDP,Zona_atropica,Zona_atropica,,,2032,,,,,,1.0,,,,,,,,,,,,,,,,
754,1,DDP,Zona_atropica,Zona_atropica,,,2033,,,,,,1.0,,,,,,,,,,,,,,,,
754,1,DDP,Zona_atropica,Zona_atropica,,,2034,,,,,,1.0,,,,,,,,,,,,,,,,
754,1,DDP,Zona_atropica,Zona_atropica,,,2035,,,,,,1.0,,,,,,,,,,,,,,,,
754,1,DDP,Zona_atropica,Zona_atropica,,,2036,,,,,,1.0,,,,,,,,,,,,,,,,
754,1,DDP,Zona_atropica,Zona_atropica,,,2037,,,,,,1.0,,,,,,,,,,,,,,,,
754,1,DDP,Zona_atropica,Zona_atropica,,,2038,,,,,,1.0,,,,,,,,,,,,,,,,
754,1,DDP,Zona_atropica,Zona_atropica,,,2039,,,,,,1.0,,,,,,,,,,,,,,,,
754,1,DDP,Zona_atropica,Zona_atropica,,,2040,,,,,,1.0,,,,,,,,,,,,,,,,
754,1,DDP,Zona_atropica,Zona_atropica,,,2041,,,,,,1.0,,,,,,,,,,,,,,,,
754,1,DDP,Zona_atropica,Zona_atropica,,,2042,,,,,,1.0,,,,,,,,,,,,,,,,
754,1,DDP,Zona_atropica,Zona_atropica,,,2043,,,,,,1.0,,,,,,,,,,,,,,,,
754,1,DDP,Zona_atropica,Zona_atropica,,,2044,,,,,,1.0,,,,,,,,,,,,,,,,
754,1,DDP,Zona_atropica,Zona_atropica,,,2045,,,,,,1.0,,,,,,,,,,,,,,,,
754,1,DDP,Zona_atropica,Zona_atropica,,,2046,,,,,,1.0,,,,,,,,,,,,,,,,
754,1,DDP,Zona_atropica,Zona_atropica,,,2047,,,,,,1.0,,,,,,,,,,,,,,,,
754,1,DDP,Zona_atropica,Zona_atropica,,,2048,,,,,,1.0,,,,,,,,,,,,,,,,
754,1,DDP,Zona_atropica,Zona_atropica,,,2049,,,,,,1.0,,,,,,,,,,,,,,,,
754,1,DDP,Zona_atropica,Zona_atropica,,,2050,,,,,,1.0,,,,,,,,,,,,,,,,
754,1,DDP,Zona_atropica,Zona_atropica,,,2051,,,,,,1.0,,,,,,,,,,,,,,,,
754,1,DDP,Zona_atropica,Zona_atropica,,,2052,,,,,,1.0,,,,,,,,,,,,,,,,
754,1,DDP,Zona_atropica,Zona_atropica,,,2053,,,,,,1.0,,,,,,,,,,,,,,,,
754,1,DDP,Zona_atropica,Zona_atropica,,,2054,,,,,,1.0,,,,,,,,,,,,,,,,
754,1,DDP,Zona_atropica,Zona_atropica,,,2055,,,,,,1.0,,,,,,,,,,,,,,,,
754,1,DDP,Zona_atropica,Zona_atropica,,,2056,,,,,,1.0,,,,,,,,,,,,,,,,
754,1,DDP,Zona_atropica,Zona_atropica,,,2057,,,,,,1.0,,,,,,,,,,,,,,,,
754,1,DDP,Zona_atropica,Zona_atropica,,,2058,,,,,,1.0,,,,,,,,,,,,,,,,
754,1,DDP,Zona_atropica,Zona_atropica,,,2059,,,,,,1.0,,,,,,,,,,,,,,,,
754,1,DDP,Zona_atropica,Zona_atropica,,,2060,,,,,,1.0,,,,,,,,,,,,,,,,
754,1,DDP,Zona_atropica,Zona_atropica,,,2061,,,,,,1.0,,,,,,,,,,,,,,,,
754,1,DDP,Zona_atropica,Zona_atropica,,,2062,,,,,,1.0,,,,,,,,,,,,,,,,
754,1,DDP,Zona_atropica,Zona_atropica,,,2063,,,,,,1.0,,,,,,,,,,,,,,,,
754,1,DDP,Zona_atropica,Zona_atropica,,,2064,,,,,,1.0,,,,,,,,,,,,,,,,
754,1,DDP,Zona_atropica,Zona_atropica,,,2065,,,,,,1.0,,,,,,,,,,,,,,,,
754,1,DDP,Zona_atropica,Zona_atropica,,,2066,,,,,,1.0,,,,,,,,,,,,,,,,
754,1,DDP,Zona_atropica,Zona_atropica,,,2067,,,,,,1.0,,,,,,,,,,,,,,,,
754,1,DDP,Zona_atropica,Zona_atropica,,,2068,,,,,,1.0,,,,,,,,,,,,,,,,
754,1,DDP,Zona_atropica,Zona_atropica,,,2069,,,,,,1.0,,,,,,,,,,,,,,,,
754,1,DDP,Zona_atropica,Zona_atropica,,,2070,,,,,,1.0,,,,,,,,,,,,,,,,
754,1,DDP,Otras_tierras,Otras_tierras,,,2018,,,,,,1.0,,,,,,,,,,,,,,,,
754,1,DDP,Otras_tierras,Otras_tierras,,,2019,,,,,,1.0,,,,,,,,,,,,,,,,
754,1,DDP,Otras_tierras,Otras_tierras,,,2020,,,,,,1.0,,,,,,,,,,,,,,,,
754,1,DDP,Otras_tierras,Otras_tierras,,,2021,,,,,,1.0,,,,,,,,,,,,,,,,
754,1,DDP,Otras_tierras,Otras_tierras,,,2022,,,,,,1.0,,,,,,,,,,,,,,,,
754,1,DDP,Otras_tierras,Otras_tierras,,,2023,,,,,,1.0,,,,,,,,,,,,,,,,
754,1,DDP,Otras_tierras,Otras_tierras,,,2024,,,,,,1.0,,,,,,,,,,,,,,,,
754,1,DDP,Otras_tierras,Otras_tierras,,,2025,,,,,,1.0,,,,,,,,,,,,,,,,
754,1,DDP,Otras_tierras,Otras_tierras,,,2026,,,,,,1.0,,,,,,,,,,,,,,,,
754,1,DDP,Otras_tierras,Otras_tierras,,,2027,,,,,,1.0,,,,,,,,,,,,,,,,
754,1,DDP,Otras_tierras,Otras_tierras,,,2028,,,,,,1.0,,,,,,,,,,,,,,,,
754,1,DDP,Otras_tierras,Otras_tierras,,,2029,,,,,,1.0,,,,,,,,,,,,,,,,
754,1,DDP,Otras_tierras,Otras_tierras,,,2030,,,,,,1.0,,,,,,,,,,,,,,,,
754,1,DDP,Otras_tierras,Otras_tierras,,,2031,,,,,,1.0,,,,,,,,,,,,,,,,
754,1,DDP,Otras_tierras,Otras_tierras,,,2032,,,,,,1.0,,,,,,,,,,,,,,,,
754,1,DDP,Otras_tierras,Otras_tierras,,,2033,,,,,,1.0,,,,,,,,,,,,,,,,
754,1,DDP,Otras_tierras,Otras_tierras,,,2034,,,,,,1.0,,,,,,,,,,,,,,,,
754,1,DDP,Otras_tierras,Otras_tierras,,,2035,,,,,,1.0,,,,,,,,,,,,,,,,
754,1,DDP,Otras_tierras,Otras_tierras,,,2036,,,,,,1.0,,,,,,,,,,,,,,,,
754,1,DDP,Otras_tierras,Otras_tierras,,,2037,,,,,,1.0,,,,,,,,,,,,,,,,
754,1,DDP,Otras_tierras,Otras_tierras,,,2038,,,,,,1.0,,,,,,,,,,,,,,,,
754,1,DDP,Otras_tierras,Otras_tierras,,,2039,,,,,,1.0,,,,,,,,,,,,,,,,
754,1,DDP,Otras_tierras,Otras_tierras,,,2040,,,,,,1.0,,,,,,,,,,,,,,,,
754,1,DDP,Otras_tierras,Otras_tierras,,,2041,,,,,,1.0,,,,,,,,,,,,,,,,
754,1,DDP,Otras_tierras,Otras_tierras,,,2042,,,,,,1.0,,,,,,,,,,,,,,,,
754,1,DDP,Otras_tierras,Otras_tierras,,,2043,,,,,,1.0,,,,,,,,,,,,,,,,
754,1,DDP,Otras_tierras,Otras_tierras,,,2044,,,,,,1.0,,,,,,,,,,,,,,,,
754,1,DDP,Otras_tierras,Otras_tierras,,,2045,,,,,,1.0,,,,,,,,,,,,,,,,
754,1,DDP,Otras_tierras,Otras_tierras,,,2046,,,,,,1.0,,,,,,,,,,,,,,,,
754,1,DDP,Otras_tierras,Otras_tierras,,,2047,,,,,,1.0,,,,,,,,,,,,,,,,
754,1,DDP,Otras_tierras,Otras_tierras,,,2048,,,,,,1.0,,,,,,,,,,,,,,,,
754,1,DDP,Otras_tierras,Otras_tierras,,,2049,,,,,,1.0,,,,,,,,,,,,,,,,
754,1,DDP,Otras_tierras,Otras_tierras,,,2050,,,,,,1.0,,,,,,,,,,,,,,,,
754,1,DDP,Otras_tierras,Otras_tierras,,,2051,,,,,,1.0,,,,,,,,,,,,,,,,
754,1,DDP,Otras_tierras,Otras_tierras,,,2052,,,,,,1.0,,,,,,,,,,,,,,,,
754,1,DDP,Otras_tierras,Otras_tierras,,,2053,,,,,,1.0,,,,,,,,,,,,,,,,
754,1,DDP,Otras_tierras,Otras_tierras,,,2054,,,,,,1.0,,,,,,,,,,,,,,,,
754,1,DDP,Otras_tierras,Otras_tierras,,,2055,,,,,,1.0,,,,,,,,,,,,,,,,
754,1,DDP,Otras_tierras,Otras_tierras,,,2056,,,,,,1.0,,,,,,,,,,,,,,,,
754,1,DDP,Otras_tierras,Otras_tierras,,,2057,,,,,,1.0,,,,,,,,,,,,,,,,
754,1,DDP,Otras_tierras,Otras_tierras,,,2058,,,,,,1.0,,,,,,,,,,,,,,,,
754,1,DDP,Otras_tierras,Otras_tierras,,,2059,,,,,,1.0,,,,,,,,,,,,,,,,
754,1,DDP,Otras_tierras,Otras_tierras,,,2060,,,,,,1.0,,,,,,,,,,,,,,,,
754,1,DDP,Otras_tierras,Otras_tierras,,,2061,,,,,,1.0,,,,,,,,,,,,,,,,
754,1,DDP,Otras_tierras,Otras_tierras,,,2062,,,,,,1.0,,,,,,,,,,,,,,,,
754,1,DDP,Otras_tierras,Otras_tierras,,,2063,,,,,,1.0,,,,,,,,,,,,,,,,
754,1,DDP,Otras_tierras,Otras_tierras,,,2064,,,,,,1.0,,,,,,,,,,,,,,,,
754,1,DDP,Otras_tierras,Otras_tierras,,,2065,,,,,,1.0,,,,,,,,,,,,,,,,
754,1,DDP,Otras_tierras,Otras_tierras,,,2066,,,,,,1.0,,,,,,,,,,,,,,,,
754,1,DDP,Otras_tierras,Otras_tierras,,,2067,,,,,,1.0,,,,,,,,,,,,,,,,
754,1,DDP,Otras_tierras,Otras_tierras,,,2068,,,,,,1.0,,,,,,,,,,,,,,,,
754,1,DDP,Otras_tierras,Otras_tierras,,,2069,,,,,,1.0,,,,,,,,,,,,,,,,
754,1,DDP,Otras_tierras,Otras_tierras,,,2070,,,,,,1.0,,,,,,,,,,,,,,,,
754,1,DDP,Bosque_nativo,Bosque_nativo_protegido,,,2018,,,,,,1.0,,,,,,,,,,,,,,,,
754,1,DDP,Bosque_nativo,Bosque_nativo_protegido,,,2019,,,,,,1.0,,,,,,,,,,,,,,,,
754,1,DDP,Bosque_nativo,Bosque_nativo_protegido,,,2020,,,,,,1.0,,,,,,,,,,,,,,,,
754,1,DDP,Bosque_nativo,Bosque_nativo_protegido,,,2021,,,,,,1.0,,,,,,,,,,,,,,,,
754,1,DDP,Bosque_nativo,Bosque_nativo_protegido,,,2022,,,,,,1.0,,,,,,,,,,,,,,,,
754,1,DDP,Bosque_nativo,Bosque_nativo_protegido,,,2023,,,,,,1.0,,,,,,,,,,,,,,,,
754,1,DDP,Bosque_nativo,Bosque_nativo_protegido,,,2024,,,,,,1.0,,,,,,,,,,,,,,,,
754,1,DDP,Bosque_nativo,Bosque_nativo_protegido,,,2025,,,,,,1.0,,,,,,,,,,,,,,,,
754,1,DDP,Bosque_nativo,Bosque_nativo_protegido,,,2026,,,,,,1.0,,,,,,,,,,,,,,,,
754,1,DDP,Bosque_nativo,Bosque_nativo_protegido,,,2027,,,,,,1.0,,,,,,,,,,,,,,,,
754,1,DDP,Bosque_nativo,Bosque_nativo_protegido,,,2028,,,,,,1.0,,,,,,,,,,,,,,,,
754,1,DDP,Bosque_nativo,Bosque_nativo_protegido,,,2029,,,,,,1.0,,,,,,,,,,,,,,,,
754,1,DDP,Bosque_nativo,Bosque_nativo_protegido,,,2030,,,,,,1.0,,,,,,,,,,,,,,,,
754,1,DDP,Bosque_nativo,Bosque_nativo_protegido,,,2031,,,,,,1.0,,,,,,,,,,,,,,,,
754,1,DDP,Bosque_nativo,Bosque_nativo_protegido,,,2032,,,,,,1.0,,,,,,,,,,,,,,,,
754,1,DDP,Bosque_nativo,Bosque_nativo_protegido,,,2033,,,,,,1.0,,,,,,,,,,,,,,,,
754,1,DDP,Bosque_nativo,Bosque_nativo_protegido,,,2034,,,,,,1.0,,,,,,,,,,,,,,,,
754,1,DDP,Bosque_nativo,Bosque_nativo_protegido,,,2035,,,,,,1.0,,,,,,,,,,,,,,,,
754,1,DDP,Bosque_nativo,Bosque_nativo_protegido,,,2036,,,,,,1.0,,,,,,,,,,,,,,,,
754,1,DDP,Bosque_nativo,Bosque_nativo_protegido,,,2037,,,,,,1.0,,,,,,,,,,,,,,,,
754,1,DDP,Bosque_nativo,Bosque_nativo_protegido,,,2038,,,,,,1.0,,,,,,,,,,,,,,,,
754,1,DDP,Bosque_nativo,Bosque_nativo_protegido,,,2039,,,,,,1.0,,,,,,,,,,,,,,,,
754,1,DDP,Bosque_nativo,Bosque_nativo_protegido,,,2040,,,,,,1.0,,,,,,,,,,,,,,,,
754,1,DDP,Bosque_nativo,Bosque_nativo_protegido,,,2041,,,,,,1.0,,,,,,,,,,,,,,,,
754,1,DDP,Bosque_nativo,Bosque_nativo_protegido,,,2042,,,,,,1.0,,,,,,,,,,,,,,,,
754,1,DDP,Bosque_nativo,Bosque_nativo_protegido,,,2043,,,,,,1.0,,,,,,,,,,,,,,,,
754,1,DDP,Bosque_nativo,Bosque_nativo_protegido,,,2044,,,,,,1.0,,,,,,,,,,,,,,,,
754,1,DDP,Bosque_nativo,Bosque_nativo_protegido,,,2045,,,,,,1.0,,,,,,,,,,,,,,,,
754,1,DDP,Bosque_nativo,Bosque_nativo_protegido,,,2046,,,,,,1.0,,,,,,,,,,,,,,,,
754,1,DDP,Bosque_nativo,Bosque_nativo_protegido,,,2047,,,,,,1.0,,,,,,,,,,,,,,,,
754,1,DDP,Bosque_nativo,Bosque_nativo_protegido,,,2048,,,,,,1.0,,,,,,,,,,,,,,,,
754,1,DDP,Bosque_nativo,Bosque_nativo_protegido,,,2049,,,,,,1.0,,,,,,,,,,,,,,,,
754,1,DDP,Bosque_nativo,Bosque_nativo_protegido,,,2050,,,,,,1.0,,,,,,,,,,,,,,,,
754,1,DDP,Bosque_nativo,Bosque_nativo_protegido,,,2051,,,,,,1.0,,,,,,,,,,,,,,,,
754,1,DDP,Bosque_nativo,Bosque_nativo_protegido,,,2052,,,,,,1.0,,,,,,,,,,,,,,,,
754,1,DDP,Bosque_nativo,Bosque_nativo_protegido,,,2053,,,,,,1.0,,,,,,,,,,,,,,,,
754,1,DDP,Bosque_nativo,Bosque_nativo_protegido,,,2054,,,,,,1.0,,,,,,,,,,,,,,,,
754,1,DDP,Bosque_nativo,Bosque_nativo_protegido,,,2055,,,,,,1.0,,,,,,,,,,,,,,,,
754,1,DDP,Bosque_nativo,Bosque_nativo_protegido,,,2056,,,,,,1.0,,,,,,,,,,,,,,,,
754,1,DDP,Bosque_nativo,Bosque_nativo_protegido,,,2057,,,,,,1.0,,,,,,,,,,,,,,,,
754,1,DDP,Bosque_nativo,Bosque_nativo_protegido,,,2058,,,,,,1.0,,,,,,,,,,,,,,,,
754,1,DDP,Bosque_nativo,Bosque_nativo_protegido,,,2059,,,,,,1.0,,,,,,,,,,,,,,,,
754,1,DDP,Bosque_nativo,Bosque_nativo_protegido,,,2060,,,,,,1.0,,,,,,,,,,,,,,,,
754,1,DDP,Bosque_nativo,Bosque_nativo_protegido,,,2061,,,,,,1.0,,,,,,,,,,,,,,,,
754,1,DDP,Bosque_nativo,Bosque_nativo_protegido,,,2062,,,,,,1.0,,,,,,,,,,,,,,,,
754,1,DDP,Bosque_nativo,Bosque_nativo_protegido,,,2063,,,,,,1.0,,,,,,,,,,,,,,,,
754,1,DDP,Bosque_nativo,Bosque_nativo_protegido,,,2064,,,,,,1.0,,,,,,,,,,,,,,,,
754,1,DDP,Bosque_nativo,Bosque_nativo_protegido,,,2065,,,,,,1.0,,,,,,,,,,,,,,,,
754,1,DDP,Bosque_nativo,Bosque_nativo_protegido,,,2066,,,,,,1.0,,,,,,,,,,,,,,,,
754,1,DDP,Bosque_nativo,Bosque_nativo_protegido,,,2067,,,,,,1.0,,,,,,,,,,,,,,,,
754,1,DDP,Bosque_nativo,Bosque_nativo_protegido,,,2068,,,,,,1.0,,,,,,,,,,,,,,,,
754,1,DDP,Bosque_nativo,Bosque_nativo_protegido,,,2069,,,,,,1.0,,,,,,,,,,,,,,,,
754,1,DDP,Bosque_nativo,Bosque_nativo_protegido,,,2070,,,,,,1.0,,,,,,,,,,,,,,,,
754,1,DDP,Bosque_nativo,Bosque_nativo_sinproteger,,,2018,,,,,,1.0,,,,,,,,,,,,,,,,
754,1,DDP,Bosque_nativo,Bosque_nativo_sinproteger,,,2019,,,,,,1.0,,,,,,,,,,,,,,,,
754,1,DDP,Bosque_nativo,Bosque_nativo_sinproteger,,,2020,,,,,,1.0,,,,,,,,,,,,,,,,
754,1,DDP,Bosque_nativo,Bosque_nativo_sinproteger,,,2021,,,,,,1.0,,,,,,,,,,,,,,,,
754,1,DDP,Bosque_nativo,Bosque_nativo_sinproteger,,,2022,,,,,,1.0,,,,,,,,,,,,,,,,
754,1,DDP,Bosque_nativo,Bosque_nativo_sinproteger,,,2023,,,,,,1.0,,,,,,,,,,,,,,,,
754,1,DDP,Bosque_nativo,Bosque_nativo_sinproteger,,,2024,,,,,,1.0,,,,,,,,,,,,,,,,
754,1,DDP,Bosque_nativo,Bosque_nativo_sinproteger,,,2025,,,,,,1.0,,,,,,,,,,,,,,,,
754,1,DDP,Bosque_nativo,Bosque_nativo_sinproteger,,,2026,,,,,,1.0,,,,,,,,,,,,,,,,
754,1,DDP,Bosque_nativo,Bosque_nativo_sinproteger,,,2027,,,,,,1.0,,,,,,,,,,,,,,,,
754,1,DDP,Bosque_nativo,Bosque_nativo_sinproteger,,,2028,,,,,,1.0,,,,,,,,,,,,,,,,
754,1,DDP,Bosque_nativo,Bosque_nativo_sinproteger,,,2029,,,,,,1.0,,,,,,,,,,,,,,,,
754,1,DDP,Bosque_nativo,Bosque_nativo_sinproteger,,,2030,,,,,,1.0,,,,,,,,,,,,,,,,
754,1,DDP,Bosque_nativo,Bosque_nativo_sinproteger,,,2031,,,,,,1.0,,,,,,,,,,,,,,,,
754,1,DDP,Bosque_nativo,Bosque_nativo_sinproteger,,,2032,,,,,,1.0,,,,,,,,,,,,,,,,
754,1,DDP,Bosque_nativo,Bosque_nativo_sinproteger,,,2033,,,,,,1.0,,,,,,,,,,,,,,,,
754,1,DDP,Bosque_nativo,Bosque_nativo_sinproteger,,,2034,,,,,,1.0,,,,,,,,,,,,,,,,
754,1,DDP,Bosque_nativo,Bosque_nativo_sinproteger,,,2035,,,,,,1.0,,,,,,,,,,,,,,,,
754,1,DDP,Bosque_nativo,Bosque_nativo_sinproteger,,,2036,,,,,,1.0,,,,,,,,,,,,,,,,
754,1,DDP,Bosque_nativo,Bosque_nativo_sinproteger,,,2037,,,,,,1.0,,,,,,,,,,,,,,,,
754,1,DDP,Bosque_nativo,Bosque_nativo_sinproteger,,,2038,,,,,,1.0,,,,,,,,,,,,,,,,
754,1,DDP,Bosque_nativo,Bosque_nativo_sinproteger,,,2039,,,,,,1.0,,,,,,,,,,,,,,,,
754,1,DDP,Bosque_nativo,Bosque_nativo_sinproteger,,,2040,,,,,,1.0,,,,,,,,,,,,,,,,
754,1,DDP,Bosque_nativo,Bosque_nativo_sinproteger,,,2041,,,,,,1.0,,,,,,,,,,,,,,,,
754,1,DDP,Bosque_nativo,Bosque_nativo_sinproteger,,,2042,,,,,,1.0,,,,,,,,,,,,,,,,
754,1,DDP,Bosque_nativo,Bosque_nativo_sinproteger,,,2043,,,,,,1.0,,,,,,,,,,,,,,,,
754,1,DDP,Bosque_nativo,Bosque_nativo_sinproteger,,,2044,,,,,,1.0,,,,,,,,,,,,,,,,
754,1,DDP,Bosque_nativo,Bosque_nativo_sinproteger,,,2045,,,,,,1.0,,,,,,,,,,,,,,,,
754,1,DDP,Bosque_nativo,Bosque_nativo_sinproteger,,,2046,,,,,,1.0,,,,,,,,,,,,,,,,
754,1,DDP,Bosque_nativo,Bosque_nativo_sinproteger,,,2047,,,,,,1.0,,,,,,,,,,,,,,,,
754,1,DDP,Bosque_nativo,Bosque_nativo_sinproteger,,,2048,,,,,,1.0,,,,,,,,,,,,,,,,
754,1,DDP,Bosque_nativo,Bosque_nativo_sinproteger,,,2049,,,,,,1.0,,,,,,,,,,,,,,,,
754,1,DDP,Bosque_nativo,Bosque_nativo_sinproteger,,,2050,,,,,,1.0,,,,,,,,,,,,,,,,
754,1,DDP,Bosque_nativo,Bosque_nativo_sinproteger,,,2051,,,,,,1.0,,,,,,,,,,,,,,,,
754,1,DDP,Bosque_nativo,Bosque_nativo_sinproteger,,,2052,,,,,,1.0,,,,,,,,,,,,,,,,
754,1,DDP,Bosque_nativo,Bosque_nativo_sinproteger,,,2053,,,,,,1.0,,,,,,,,,,,,,,,,
754,1,DDP,Bosque_nativo,Bosque_nativo_sinproteger,,,2054,,,,,,1.0,,,,,,,,,,,,,,,,
754,1,DDP,Bosque_nativo,Bosque_nativo_sinproteger,,,2055,,,,,,1.0,,,,,,,,,,,,,,,,
754,1,DDP,Bosque_nativo,Bosque_nativo_sinproteger,,,2056,,,,,,1.0,,,,,,,,,,,,,,,,
754,1,DDP,Bosque_nativo,Bosque_nativo_sinproteger,,,2057,,,,,,1.0,,,,,,,,,,,,,,,,
754,1,DDP,Bosque_nativo,Bosque_nativo_sinproteger,,,2058,,,,,,1.0,,,,,,,,,,,,,,,,
754,1,DDP,Bosque_nativo,Bosque_nativo_sinproteger,,,2059,,,,,,1.0,,,,,,,,,,,,,,,,
754,1,DDP,Bosque_nativo,Bosque_nativo_sinproteger,,,2060,,,,,,1.0,,,,,,,,,,,,,,,,
754,1,DDP,Bosque_nativo,Bosque_nativo_sinproteger,,,2061,,,,,,1.0,,,,,,,,,,,,,,,,
754,1,DDP,Bosque_nativo,Bosque_nativo_sinproteger,,,2062,,,,,,1.0,,,,,,,,,,,,,,,,
754,1,DDP,Bosque_nativo,Bosque_nativo_sinproteger,,,2063,,,,,,1.0,,,,,,,,,,,,,,,,
754,1,DDP,Bosque_nativo,Bosque_nativo_sinproteger,,,2064,,,,,,1.0,,,,,,,,,,,,,,,,
754,1,DDP,Bosque_nativo,Bosque_nativo_sinproteger,,,2065,,,,,,1.0,,,,,,,,,,,,,,,,
754,1,DDP,Bosque_nativo,Bosque_nativo_sinproteger,,,2066,,,,,,1.0,,,,,,,,,,,,,,,,
754,1,DDP,Bosque_nativo,Bosque_nativo_sinproteger,,,2067,,,,,,1.0,,,,,,,,,,,,,,,,
754,1,DDP,Bosque_nativo,Bosque_nativo_sinproteger,,,2068,,,,,,1.0,,,,,,,,,,,,,,,,
754,1,DDP,Bosque_nativo,Bosque_nativo_sinproteger,,,2069,,,,,,1.0,,,,,,,,,,,,,,,,
754,1,DDP,Bosque_nativo,Bosque_nativo_sinproteger,,,2070,,,,,,1.0,,,,,,,,,,,,,,,,
754,1,DDP,Madera,Plantacion_forestal,,,2018,,,,,,1.0,,,,,,,,,,,,,,,,
754,1,DDP,Madera,Plantacion_forestal,,,2019,,,,,,1.0,,,,,,,,,,,,,,,,
754,1,DDP,Madera,Plantacion_forestal,,,2020,,,,,,1.0,,,,,,,,,,,,,,,,
754,1,DDP,Madera,Plantacion_forestal,,,2021,,,,,,1.0,,,,,,,,,,,,,,,,
754,1,DDP,Madera,Plantacion_forestal,,,2022,,,,,,1.0,,,,,,,,,,,,,,,,
754,1,DDP,Madera,Plantacion_forestal,,,2023,,,,,,1.0,,,,,,,,,,,,,,,,
754,1,DDP,Madera,Plantacion_forestal,,,2024,,,,,,1.0,,,,,,,,,,,,,,,,
754,1,DDP,Madera,Plantacion_forestal,,,2025,,,,,,1.0,,,,,,,,,,,,,,,,
754,1,DDP,Madera,Plantacion_forestal,,,2026,,,,,,1.0,,,,,,,,,,,,,,,,
754,1,DDP,Madera,Plantacion_forestal,,,2027,,,,,,1.0,,,,,,,,,,,,,,,,
754,1,DDP,Madera,Plantacion_forestal,,,2028,,,,,,1.0,,,,,,,,,,,,,,,,
754,1,DDP,Madera,Plantacion_forestal,,,2029,,,,,,1.0,,,,,,,,,,,,,,,,
754,1,DDP,Madera,Plantacion_forestal,,,2030,,,,,,1.0,,,,,,,,,,,,,,,,
754,1,DDP,Madera,Plantacion_forestal,,,2031,,,,,,1.0,,,,,,,,,,,,,,,,
754,1,DDP,Madera,Plantacion_forestal,,,2032,,,,,,1.0,,,,,,,,,,,,,,,,
754,1,DDP,Madera,Plantacion_forestal,,,2033,,,,,,1.0,,,,,,,,,,,,,,,,
754,1,DDP,Madera,Plantacion_forestal,,,2034,,,,,,1.0,,,,,,,,,,,,,,,,
754,1,DDP,Madera,Plantacion_forestal,,,2035,,,,,,1.0,,,,,,,,,,,,,,,,
754,1,DDP,Madera,Plantacion_forestal,,,2036,,,,,,1.0,,,,,,,,,,,,,,,,
754,1,DDP,Madera,Plantacion_forestal,,,2037,,,,,,1.0,,,,,,,,,,,,,,,,
754,1,DDP,Madera,Plantacion_forestal,,,2038,,,,,,1.0,,,,,,,,,,,,,,,,
754,1,DDP,Madera,Plantacion_forestal,,,2039,,,,,,1.0,,,,,,,,,,,,,,,,
754,1,DDP,Madera,Plantacion_forestal,,,2040,,,,,,1.0,,,,,,,,,,,,,,,,
754,1,DDP,Madera,Plantacion_forestal,,,2041,,,,,,1.0,,,,,,,,,,,,,,,,
754,1,DDP,Madera,Plantacion_forestal,,,2042,,,,,,1.0,,,,,,,,,,,,,,,,
754,1,DDP,Madera,Plantacion_forestal,,,2043,,,,,,1.0,,,,,,,,,,,,,,,,
754,1,DDP,Madera,Plantacion_forestal,,,2044,,,,,,1.0,,,,,,,,,,,,,,,,
754,1,DDP,Madera,Plantacion_forestal,,,2045,,,,,,1.0,,,,,,,,,,,,,,,,
754,1,DDP,Madera,Plantacion_forestal,,,2046,,,,,,1.0,,,,,,,,,,,,,,,,
754,1,DDP,Madera,Plantacion_forestal,,,2047,,,,,,1.0,,,,,,,,,,,,,,,,
754,1,DDP,Madera,Plantacion_forestal,,,2048,,,,,,1.0,,,,,,,,,,,,,,,,
754,1,DDP,Madera,Plantacion_forestal,,,2049,,,,,,1.0,,,,,,,,,,,,,,,,
754,1,DDP,Madera,Plantacion_forestal,,,2050,,,,,,1.0,,,,,,,,,,,,,,,,
754,1,DDP,Madera,Plantacion_forestal,,,2051,,,,,,1.0,,,,,,,,,,,,,,,,
754,1,DDP,Madera,Plantacion_forestal,,,2052,,,,,,1.0,,,,,,,,,,,,,,,,
754,1,DDP,Madera,Plantacion_forestal,,,2053,,,,,,1.0,,,,,,,,,,,,,,,,
754,1,DDP,Madera,Plantacion_forestal,,,2054,,,,,,1.0,,,,,,,,,,,,,,,,
754,1,DDP,Madera,Plantacion_forestal,,,2055,,,,,,1.0,,,,,,,,,,,,,,,,
754,1,DDP,Madera,Plantacion_forestal,,,2056,,,,,,1.0,,,,,,,,,,,,,,,,
754,1,DDP,Madera,Plantacion_forestal,,,2057,,,,,,1.0,,,,,,,,,,,,,,,,
754,1,DDP,Madera,Plantacion_forestal,,,2058,,,,,,1.0,,,,,,,,,,,,,,,,
754,1,DDP,Madera,Plantacion_forestal,,,2059,,,,,,1.0,,,,,,,,,,,,,,,,
754,1,DDP,Madera,Plantacion_forestal,,,2060,,,,,,1.0,,,,,,,,,,,,,,,,
754,1,DDP,Madera,Plantacion_forestal,,,2061,,,,,,1.0,,,,,,,,,,,,,,,,
754,1,DDP,Madera,Plantacion_forestal,,,2062,,,,,,1.0,,,,,,,,,,,,,,,,
754,1,DDP,Madera,Plantacion_forestal,,,2063,,,,,,1.0,,,,,,,,,,,,,,,,
754,1,DDP,Madera,Plantacion_forestal,,,2064,,,,,,1.0,,,,,,,,,,,,,,,,
754,1,DDP,Madera,Plantacion_forestal,,,2065,,,,,,1.0,,,,,,,,,,,,,,,,
754,1,DDP,Madera,Plantacion_forestal,,,2066,,,,,,1.0,,,,,,,,,,,,,,,,
754,1,DDP,Madera,Plantacion_forestal,,,2067,,,,,,1.0,,,,,,,,,,,,,,,,
754,1,DDP,Madera,Plantacion_forestal,,,2068,,,,,,1.0,,,,,,,,,,,,,,,,
754,1,DDP,Madera,Plantacion_forestal,,,2069,,,,,,1.0,,,,,,,,,,,,,,,,
754,1,DDP,Madera,Plantacion_forestal,,,2070,,,,,,1.0,,,,,,,,,,,,,,,,
754,1,DDP,Cultivos,Cultivos,,,2018,,,,,,1.0,,,,,,,,,,,,,,,,
754,1,DDP,Cultivos,Cultivos,,,2019,,,,,,1.0,,,,,,,,,,,,,,,,
754,1,DDP,Cultivos,Cultivos,,,2020,,,,,,1.0,,,,,,,,,,,,,,,,
754,1,DDP,Cultivos,Cultivos,,,2021,,,,,,1.0,,,,,,,,,,,,,,,,
754,1,DDP,Cultivos,Cultivos,,,2022,,,,,,1.0,,,,,,,,,,,,,,,,
754,1,DDP,Cultivos,Cultivos,,,2023,,,,,,1.0,,,,,,,,,,,,,,,,
754,1,DDP,Cultivos,Cultivos,,,2024,,,,,,1.0,,,,,,,,,,,,,,,,
754,1,DDP,Cultivos,Cultivos,,,2025,,,,,,1.0,,,,,,,,,,,,,,,,
754,1,DDP,Cultivos,Cultivos,,,2026,,,,,,1.0,,,,,,,,,,,,,,,,
754,1,DDP,Cultivos,Cultivos,,,2027,,,,,,1.0,,,,,,,,,,,,,,,,
754,1,DDP,Cultivos,Cultivos,,,2028,,,,,,1.0,,,,,,,,,,,,,,,,
754,1,DDP,Cultivos,Cultivos,,,2029,,,,,,1.0,,,,,,,,,,,,,,,,
754,1,DDP,Cultivos,Cultivos,,,2030,,,,,,1.0,,,,,,,,,,,,,,,,
754,1,DDP,Cultivos,Cultivos,,,2031,,,,,,1.0,,,,,,,,,,,,,,,,
754,1,DDP,Cultivos,Cultivos,,,2032,,,,,,1.0,,,,,,,,,,,,,,,,
754,1,DDP,Cultivos,Cultivos,,,2033,,,,,,1.0,,,,,,,,,,,,,,,,
754,1,DDP,Cultivos,Cultivos,,,2034,,,,,,1.0,,,,,,,,,,,,,,,,
754,1,DDP,Cultivos,Cultivos,,,2035,,,,,,1.0,,,,,,,,,,,,,,,,
754,1,DDP,Cultivos,Cultivos,,,2036,,,,,,1.0,,,,,,,,,,,,,,,,
754,1,DDP,Cultivos,Cultivos,,,2037,,,,,,1.0,,,,,,,,,,,,,,,,
754,1,DDP,Cultivos,Cultivos,,,2038,,,,,,1.0,,,,,,,,,,,,,,,,
754,1,DDP,Cultivos,Cultivos,,,2039,,,,,,1.0,,,,,,,,,,,,,,,,
754,1,DDP,Cultivos,Cultivos,,,2040,,,,,,1.0,,,,,,,,,,,,,,,,
754,1,DDP,Cultivos,Cultivos,,,2041,,,,,,1.0,,,,,,,,,,,,,,,,
754,1,DDP,Cultivos,Cultivos,,,2042,,,,,,1.0,,,,,,,,,,,,,,,,
754,1,DDP,Cultivos,Cultivos,,,2043,,,,,,1.0,,,,,,,,,,,,,,,,
754,1,DDP,Cultivos,Cultivos,,,2044,,,,,,1.0,,,,,,,,,,,,,,,,
754,1,DDP,Cultivos,Cultivos,,,2045,,,,,,1.0,,,,,,,,,,,,,,,,
754,1,DDP,Cultivos,Cultivos,,,2046,,,,,,1.0,,,,,,,,,,,,,,,,
754,1,DDP,Cultivos,Cultivos,,,2047,,,,,,1.0,,,,,,,,,,,,,,,,
754,1,DDP,Cultivos,Cultivos,,,2048,,,,,,1.0,,,,,,,,,,,,,,,,
754,1,DDP,Cultivos,Cultivos,,,2049,,,,,,1.0,,,,,,,,,,,,,,,,
754,1,DDP,Cultivos,Cultivos,,,2050,,,,,,1.0,,,,,,,,,,,,,,,,
754,1,DDP,Cultivos,Cultivos,,,2051,,,,,,1.0,,,,,,,,,,,,,,,,
754,1,DDP,Cultivos,Cultivos,,,2052,,,,,,1.0,,,,,,,,,,,,,,,,
754,1,DDP,Cultivos,Cultivos,,,2053,,,,,,1.0,,,,,,,,,,,,,,,,
754,1,DDP,Cultivos,Cultivos,,,2054,,,,,,1.0,,,,,,,,,,,,,,,,
754,1,DDP,Cultivos,Cultivos,,,2055,,,,,,1.0,,,,,,,,,,,,,,,,
754,1,DDP,Cultivos,Cultivos,,,2056,,,,,,1.0,,,,,,,,,,,,,,,,
754,1,DDP,Cultivos,Cultivos,,,2057,,,,,,1.0,,,,,,,,,,,,,,,,
754,1,DDP,Cultivos,Cultivos,,,2058,,,,,,1.0,,,,,,,,,,,,,,,,
754,1,DDP,Cultivos,Cultivos,,,2059,,,,,,1.0,,,,,,,,,,,,,,,,
754,1,DDP,Cultivos,Cultivos,,,2060,,,,,,1.0,,,,,,,,,,,,,,,,
754,1,DDP,Cultivos,Cultivos,,,2061,,,,,,1.0,,,,,,,,,,,,,,,,
754,1,DDP,Cultivos,Cultivos,,,2062,,,,,,1.0,,,,,,,,,,,,,,,,
754,1,DDP,Cultivos,Cultivos,,,2063,,,,,,1.0,,,,,,,,,,,,,,,,
754,1,DDP,Cultivos,Cultivos,,,2064,,,,,,1.0,,,,,,,,,,,,,,,,
754,1,DDP,Cultivos,Cultivos,,,2065,,,,,,1.0,,,,,,,,,,,,,,,,
754,1,DDP,Cultivos,Cultivos,,,2066,,,,,,1.0,,,,,,,,,,,,,,,,
754,1,DDP,Cultivos,Cultivos,,,2067,,,,,,1.0,,,,,,,,,,,,,,,,
754,1,DDP,Cultivos,Cultivos,,,2068,,,,,,1.0,,,,,,,,,,,,,,,,
754,1,DDP,Cultivos,Cultivos,,,2069,,,,,,1.0,,,,,,,,,,,,,,,,
754,1,DDP,Cultivos,Cultivos,,,2070,,,,,,1.0,,,,,,,,,,,,,,,,
754,1,DDP,Banano,Banano,,,2018,,,,,,27.2997,,,,,,,,,,,,,,,,
754,1,DDP,Banano,Banano,,,2019,,,,,,22.9757,,,,,,,,,,,,,,,,
754,1,DDP,Banano,Banano,,,2020,,,,,,25.6153,,,,,,,,,,,,,,,,
754,1,DDP,Banano,Banano,,,2021,,,,,,26.9741,,,,,,,,,,,,,,,,
754,1,DDP,Banano,Banano,,,2022,,,,,,27.4793,,,,,,,,,,,,,,,,
754,1,DDP,Banano,Banano,,,2023,,,,,,28.3037,,,,,,,,,,,,,,,,
754,1,DDP,Banano,Banano,,,2024,,,,,,28.3809,,,,,,,,,,,,,,,,
754,1,DDP,Banano,Banano,,,2025,,,,,,28.4581,,,,,,,,,,,,,,,,
754,1,DDP,Banano,Banano,,,2026,,,,,,28.5353,,,,,,,,,,,,,,,,
754,1,DDP,Banano,Banano,,,2027,,,,,,28.6125,,,,,,,,,,,,,,,,
754,1,DDP,Banano,Banano,,,2028,,,,,,28.6897,,,,,,,,,,,,,,,,
754,1,DDP,Banano,Banano,,,2029,,,,,,28.7669,,,,,,,,,,,,,,,,
754,1,DDP,Banano,Banano,,,2030,,,,,,28.8441,,,,,,,,,,,,,,,,
754,1,DDP,Banano,Banano,,,2031,,,,,,28.9213,,,,,,,,,,,,,,,,
754,1,DDP,Banano,Banano,,,2032,,,,,,28.9985,,,,,,,,,,,,,,,,
754,1,DDP,Banano,Banano,,,2033,,,,,,29.0757,,,,,,,,,,,,,,,,
754,1,DDP,Banano,Banano,,,2034,,,,,,29.1529,,,,,,,,,,,,,,,,
754,1,DDP,Banano,Banano,,,2035,,,,,,29.2301,,,,,,,,,,,,,,,,
754,1,DDP,Banano,Banano,,,2036,,,,,,29.3073,,,,,,,,,,,,,,,,
754,1,DDP,Banano,Banano,,,2037,,,,,,29.3845,,,,,,,,,,,,,,,,
754,1,DDP,Banano,Banano,,,2038,,,,,,29.4618,,,,,,,,,,,,,,,,
754,1,DDP,Banano,Banano,,,2039,,,,,,29.539,,,,,,,,,,,,,,,,
754,1,DDP,Banano,Banano,,,2040,,,,,,29.6162,,,,,,,,,,,,,,,,
754,1,DDP,Banano,Banano,,,2041,,,,,,29.6934,,,,,,,,,,,,,,,,
754,1,DDP,Banano,Banano,,,2042,,,,,,29.7706,,,,,,,,,,,,,,,,
754,1,DDP,Banano,Banano,,,2043,,,,,,29.8478,,,,,,,,,,,,,,,,
754,1,DDP,Banano,Banano,,,2044,,,,,,29.925,,,,,,,,,,,,,,,,
754,1,DDP,Banano,Banano,,,2045,,,,,,30.0022,,,,,,,,,,,,,,,,
754,1,DDP,Banano,Banano,,,2046,,,,,,30.0794,,,,,,,,,,,,,,,,
754,1,DDP,Banano,Banano,,,2047,,,,,,30.1566,,,,,,,,,,,,,,,,
754,1,DDP,Banano,Banano,,,2048,,,,,,30.2338,,,,,,,,,,,,,,,,
754,1,DDP,Banano,Banano,,,2049,,,,,,30.311,,,,,,,,,,,,,,,,
754,1,DDP,Banano,Banano,,,2050,,,,,,30.3882,,,,,,,,,,,,,,,,
754,1,DDP,Banano,Banano,,,2051,,,,,,30.4654,,,,,,,,,,,,,,,,
754,1,DDP,Banano,Banano,,,2052,,,,,,30.5426,,,,,,,,,,,,,,,,
754,1,DDP,Banano,Banano,,,2053,,,,,,30.6198,,,,,,,,,,,,,,,,
754,1,DDP,Banano,Banano,,,2054,,,,,,30.6971,,,,,,,,,,,,,,,,
754,1,DDP,Banano,Banano,,,2055,,,,,,30.7743,,,,,,,,,,,,,,,,
754,1,DDP,Banano,Banano,,,2056,,,,,,30.8515,,,,,,,,,,,,,,,,
754,1,DDP,Banano,Banano,,,2057,,,,,,30.9287,,,,,,,,,,,,,,,,
754,1,DDP,Banano,Banano,,,2058,,,,,,31.0059,,,,,,,,,,,,,,,,
754,1,DDP,Banano,Banano,,,2059,,,,,,31.0831,,,,,,,,,,,,,,,,
754,1,DDP,Banano,Banano,,,2060,,,,,,31.1603,,,,,,,,,,,,,,,,
754,1,DDP,Banano,Banano,,,2061,,,,,,31.2375,,,,,,,,,,,,,,,,
754,1,DDP,Banano,Banano,,,2062,,,,,,31.3147,,,,,,,,,,,,,,,,
754,1,DDP,Banano,Banano,,,2063,,,,,,31.3919,,,,,,,,,,,,,,,,
754,1,DDP,Banano,Banano,,,2064,,,,,,31.4691,,,,,,,,,,,,,,,,
754,1,DDP,Banano,Banano,,,2065,,,,,,31.5463,,,,,,,,,,,,,,,,
754,1,DDP,Banano,Banano,,,2066,,,,,,31.6235,,,,,,,,,,,,,,,,
754,1,DDP,Banano,Banano,,,2067,,,,,,31.7007,,,,,,,,,,,,,,,,
754,1,DDP,Banano,Banano,,,2068,,,,,,31.7779,,,,,,,,,,,,,,,,
754,1,DDP,Banano,Banano,,,2069,,,,,,31.8552,,,,,,,,,,,,,,,,
754,1,DDP,Banano,Banano,,,2070,,,,,,31.9324,,,,,,,,,,,,,,,,
754,1,DDP,Arroz,Arroz,,,2018,,,,,,4.526,,,,,,,,,,,,,,,,
754,1,DDP,Arroz,Arroz,,,2019,,,,,,4.2744,,,,,,,,,,,,,,,,
754,1,DDP,Arroz,Arroz,,,2020,,,,,,4.2717,,,,,,,,,,,,,,,,
754,1,DDP,Arroz,Arroz,,,2021,,,,,,4.4205,,,,,,,,,,,,,,,,
754,1,DDP,Arroz,Arroz,,,2022,,,,,,4.5033,,,,,,,,,,,,,,,,
754,1,DDP,Arroz,Arroz,,,2023,,,,,,4.6384,,,,,,,,,,,,,,,,
754,1,DDP,Arroz,Arroz,,,2024,,,,,,4.7109,,,,,,,,,,,,,,,,
754,1,DDP,Arroz,Arroz,,,2025,,,,,,4.7834,,,,,,,,,,,,,,,,
754,1,DDP,Arroz,Arroz,,,2026,,,,,,4.8559,,,,,,,,,,,,,,,,
754,1,DDP,Arroz,Arroz,,,2027,,,,,,4.9283,,,,,,,,,,,,,,,,
754,1,DDP,Arroz,Arroz,,,2028,,,,,,5.0008,,,,,,,,,,,,,,,,
754,1,DDP,Arroz,Arroz,,,2029,,,,,,5.0733,,,,,,,,,,,,,,,,
754,1,DDP,Arroz,Arroz,,,2030,,,,,,5.1458,,,,,,,,,,,,,,,,
754,1,DDP,Arroz,Arroz,,,2031,,,,,,5.2183,,,,,,,,,,,,,,,,
754,1,DDP,Arroz,Arroz,,,2032,,,,,,5.2908,,,,,,,,,,,,,,,,
754,1,DDP,Arroz,Arroz,,,2033,,,,,,5.3633,,,,,,,,,,,,,,,,
754,1,DDP,Arroz,Arroz,,,2034,,,,,,5.4358,,,,,,,,,,,,,,,,
754,1,DDP,Arroz,Arroz,,,2035,,,,,,5.5083,,,,,,,,,,,,,,,,
754,1,DDP,Arroz,Arroz,,,2036,,,,,,5.5808,,,,,,,,,,,,,,,,
754,1,DDP,Arroz,Arroz,,,2037,,,,,,5.6532,,,,,,,,,,,,,,,,
754,1,DDP,Arroz,Arroz,,,2038,,,,,,5.7257,,,,,,,,,,,,,,,,
754,1,DDP,Arroz,Arroz,,,2039,,,,,,5.7982,,,,,,,,,,,,,,,,
754,1,DDP,Arroz,Arroz,,,2040,,,,,,5.8707,,,,,,,,,,,,,,,,
754,1,DDP,Arroz,Arroz,,,2041,,,,,,5.9432,,,,,,,,,,,,,,,,
754,1,DDP,Arroz,Arroz,,,2042,,,,,,6.0157,,,,,,,,,,,,,,,,
754,1,DDP,Arroz,Arroz,,,2043,,,,,,6.0882,,,,,,,,,,,,,,,,
754,1,DDP,Arroz,Arroz,,,2044,,,,,,6.1607,,,,,,,,,,,,,,,,
754,1,DDP,Arroz,Arroz,,,2045,,,,,,6.2332,,,,,,,,,,,,,,,,
754,1,DDP,Arroz,Arroz,,,2046,,,,,,6.3056,,,,,,,,,,,,,,,,
754,1,DDP,Arroz,Arroz,,,2047,,,,,,6.3781,,,,,,,,,,,,,,,,
754,1,DDP,Arroz,Arroz,,,2048,,,,,,6.4506,,,,,,,,,,,,,,,,
754,1,DDP,Arroz,Arroz,,,2049,,,,,,6.5231,,,,,,,,,,,,,,,,
754,1,DDP,Arroz,Arroz,,,2050,,,,,,6.5956,,,,,,,,,,,,,,,,
754,1,DDP,Arroz,Arroz,,,2051,,,,,,6.6681,,,,,,,,,,,,,,,,
754,1,DDP,Arroz,Arroz,,,2052,,,,,,6.7406,,,,,,,,,,,,,,,,
754,1,DDP,Arroz,Arroz,,,2053,,,,,,6.8131,,,,,,,,,,,,,,,,
754,1,DDP,Arroz,Arroz,,,2054,,,,,,6.8856,,,,,,,,,,,,,,,,
754,1,DDP,Arroz,Arroz,,,2055,,,,,,6.9581,,,,,,,,,,,,,,,,
754,1,DDP,Arroz,Arroz,,,2056,,,,,,7.0305,,,,,,,,,,,,,,,,
754,1,DDP,Arroz,Arroz,,,2057,,,,,,7.103,,,,,,,,,,,,,,,,
754,1,DDP,Arroz,Arroz,,,2058,,,,,,7.1755,,,,,,,,,,,,,,,,
754,1,DDP,Arroz,Arroz,,,2059,,,,,,7.248,,,,,,,,,,,,,,,,
754,1,DDP,Arroz,Arroz,,,2060,,,,,,7.3205,,,,,,,,,,,,,,,,
754,1,DDP,Arroz,Arroz,,,2061,,,,,,7.393,,,,,,,,,,,,,,,,
754,1,DDP,Arroz,Arroz,,,2062,,,,,,7.4655,,,,,,,,,,,,,,,,
754,1,DDP,Arroz,Arroz,,,2063,,,,,,7.538,,,,,,,,,,,,,,,,
754,1,DDP,Arroz,Arroz,,,2064,,,,,,7.6105,,,,,,,,,,,,,,,,
754,1,DDP,Arroz,Arroz,,,2065,,,,,,7.683,,,,,,,,,,,,,,,,
754,1,DDP,Arroz,Arroz,,,2066,,,,,,7.7554,,,,,,,,,,,,,,,,
754,1,DDP,Arroz,Arroz,,,2067,,,,,,7.8279,,,,,,,,,,,,,,,,
754,1,DDP,Arroz,Arroz,,,2068,,,,,,7.9004,,,,,,,,,,,,,,,,
754,1,DDP,Arroz,Arroz,,,2069,,,,,,7.9729,,,,,,,,,,,,,,,,
754,1,DDP,Arroz,Arroz,,,2070,,,,,,8.0454,,,,,,,,,,,,,,,,
754,1,DDP,Cacao,Cacao,,,2018,,,,,,0.4685,,,,,,,,,,,,,,,,
754,1,DDP,Cacao,Cacao,,,2019,,,,,,0.5399,,,,,,,,,,,,,,,,
754,1,DDP,Cacao,Cacao,,,2020,,,,,,0.6218,,,,,,,,,,,,,,,,
754,1,DDP,Cacao,Cacao,,,2021,,,,,,0.5558,,,,,,,,,,,,,,,,
754,1,DDP,Cacao,Cacao,,,2022,,,,,,0.5662,,,,,,,,,,,,,,,,
754,1,DDP,Cacao,Cacao,,,2023,,,,,,0.5832,,,,,,,,,,,,,,,,
754,1,DDP,Cacao,Cacao,,,2024,,,,,,0.5923,,,,,,,,,,,,,,,,
754,1,DDP,Cacao,Cacao,,,2025,,,,,,0.6014,,,,,,,,,,,,,,,,
754,1,DDP,Cacao,Cacao,,,2026,,,,,,0.6105,,,,,,,,,,,,,,,,
754,1,DDP,Cacao,Cacao,,,2027,,,,,,0.6196,,,,,,,,,,,,,,,,
754,1,DDP,Cacao,Cacao,,,2028,,,,,,0.6287,,,,,,,,,,,,,,,,
754,1,DDP,Cacao,Cacao,,,2029,,,,,,0.6379,,,,,,,,,,,,,,,,
754,1,DDP,Cacao,Cacao,,,2030,,,,,,0.647,,,,,,,,,,,,,,,,
754,1,DDP,Cacao,Cacao,,,2031,,,,,,0.6561,,,,,,,,,,,,,,,,
754,1,DDP,Cacao,Cacao,,,2032,,,,,,0.6652,,,,,,,,,,,,,,,,
754,1,DDP,Cacao,Cacao,,,2033,,,,,,0.6743,,,,,,,,,,,,,,,,
754,1,DDP,Cacao,Cacao,,,2034,,,,,,0.6834,,,,,,,,,,,,,,,,
754,1,DDP,Cacao,Cacao,,,2035,,,,,,0.6925,,,,,,,,,,,,,,,,
754,1,DDP,Cacao,Cacao,,,2036,,,,,,0.7017,,,,,,,,,,,,,,,,
754,1,DDP,Cacao,Cacao,,,2037,,,,,,0.7108,,,,,,,,,,,,,,,,
754,1,DDP,Cacao,Cacao,,,2038,,,,,,0.7199,,,,,,,,,,,,,,,,
754,1,DDP,Cacao,Cacao,,,2039,,,,,,0.729,,,,,,,,,,,,,,,,
754,1,DDP,Cacao,Cacao,,,2040,,,,,,0.7381,,,,,,,,,,,,,,,,
754,1,DDP,Cacao,Cacao,,,2041,,,,,,0.7472,,,,,,,,,,,,,,,,
754,1,DDP,Cacao,Cacao,,,2042,,,,,,0.7563,,,,,,,,,,,,,,,,
754,1,DDP,Cacao,Cacao,,,2043,,,,,,0.7655,,,,,,,,,,,,,,,,
754,1,DDP,Cacao,Cacao,,,2044,,,,,,0.7746,,,,,,,,,,,,,,,,
754,1,DDP,Cacao,Cacao,,,2045,,,,,,0.7837,,,,,,,,,,,,,,,,
754,1,DDP,Cacao,Cacao,,,2046,,,,,,0.7928,,,,,,,,,,,,,,,,
754,1,DDP,Cacao,Cacao,,,2047,,,,,,0.8019,,,,,,,,,,,,,,,,
754,1,DDP,Cacao,Cacao,,,2048,,,,,,0.811,,,,,,,,,,,,,,,,
754,1,DDP,Cacao,Cacao,,,2049,,,,,,0.8201,,,,,,,,,,,,,,,,
754,1,DDP,Cacao,Cacao,,,2050,,,,,,0.8293,,,,,,,,,,,,,,,,
754,1,DDP,Cacao,Cacao,,,2051,,,,,,0.8384,,,,,,,,,,,,,,,,
754,1,DDP,Cacao,Cacao,,,2052,,,,,,0.8475,,,,,,,,,,,,,,,,
754,1,DDP,Cacao,Cacao,,,2053,,,,,,0.8566,,,,,,,,,,,,,,,,
754,1,DDP,Cacao,Cacao,,,2054,,,,,,0.8657,,,,,,,,,,,,,,,,
754,1,DDP,Cacao,Cacao,,,2055,,,,,,0.8748,,,,,,,,,,,,,,,,
754,1,DDP,Cacao,Cacao,,,2056,,,,,,0.8839,,,,,,,,,,,,,,,,
754,1,DDP,Cacao,Cacao,,,2057,,,,,,0.8931,,,,,,,,,,,,,,,,
754,1,DDP,Cacao,Cacao,,,2058,,,,,,0.9022,,,,,,,,,,,,,,,,
754,1,DDP,Cacao,Cacao,,,2059,,,,,,0.9113,,,,,,,,,,,,,,,,
754,1,DDP,Cacao,Cacao,,,2060,,,,,,0.9204,,,,,,,,,,,,,,,,
754,1,DDP,Cacao,Cacao,,,2061,,,,,,0.9295,,,,,,,,,,,,,,,,
754,1,DDP,Cacao,Cacao,,,2062,,,,,,0.9386,,,,,,,,,,,,,,,,
754,1,DDP,Cacao,Cacao,,,2063,,,,,,0.9477,,,,,,,,,,,,,,,,
754,1,DDP,Cacao,Cacao,,,2064,,,,,,0.9569,,,,,,,,,,,,,,,,
754,1,DDP,Cacao,Cacao,,,2065,,,,,,0.966,,,,,,,,,,,,,,,,
754,1,DDP,Cacao,Cacao,,,2066,,,,,,0.9751,,,,,,,,,,,,,,,,
754,1,DDP,Cacao,Cacao,,,2067,,,,,,0.9842,,,,,,,,,,,,,,,,
754,1,DDP,Cacao,Cacao,,,2068,,,,,,0.9933,,,,,,,,,,,,,,,,
754,1,DDP,Cacao,Cacao,,,2069,,,,,,1.0024,,,,,,,,,,,,,,,,
754,1,DDP,Cacao,Cacao,,,2070,,,,,,1.0115,,,,,,,,,,,,,,,,
754,1,DDP,Cafe,Cafe,,,2018,,,,,,0.1587,,,,,,,,,,,,,,,,
754,1,DDP,Cafe,Cafe,,,2019,,,,,,0.2258,,,,,,,,,,,,,,,,
754,1,DDP,Cafe,Cafe,,,2020,,,,,,0.1962,,,,,,,,,,,,,,,,
754,1,DDP,Cafe,Cafe,,,2021,,,,,,0.1668,,,,,,,,,,,,,,,,
754,1,DDP,Cafe,Cafe,,,2022,,,,,,0.1699,,,,,,,,,,,,,,,,
754,1,DDP,Cafe,Cafe,,,2023,,,,,,0.175,,,,,,,,,,,,,,,,
754,1,DDP,Cafe,Cafe,,,2024,,,,,,0.1777,,,,,,,,,,,,,,,,
754,1,DDP,Cafe,Cafe,,,2025,,,,,,0.1805,,,,,,,,,,,,,,,,
754,1,DDP,Cafe,Cafe,,,2026,,,,,,0.1832,,,,,,,,,,,,,,,,
754,1,DDP,Cafe,Cafe,,,2027,,,,,,0.1859,,,,,,,,,,,,,,,,
754,1,DDP,Cafe,Cafe,,,2028,,,,,,0.1887,,,,,,,,,,,,,,,,
754,1,DDP,Cafe,Cafe,,,2029,,,,,,0.1914,,,,,,,,,,,,,,,,
754,1,DDP,Cafe,Cafe,,,2030,,,,,,0.1942,,,,,,,,,,,,,,,,
754,1,DDP,Cafe,Cafe,,,2031,,,,,,0.1969,,,,,,,,,,,,,,,,
754,1,DDP,Cafe,Cafe,,,2032,,,,,,0.1996,,,,,,,,,,,,,,,,
754,1,DDP,Cafe,Cafe,,,2033,,,,,,0.2024,,,,,,,,,,,,,,,,
754,1,DDP,Cafe,Cafe,,,2034,,,,,,0.2051,,,,,,,,,,,,,,,,
754,1,DDP,Cafe,Cafe,,,2035,,,,,,0.2078,,,,,,,,,,,,,,,,
754,1,DDP,Cafe,Cafe,,,2036,,,,,,0.2106,,,,,,,,,,,,,,,,
754,1,DDP,Cafe,Cafe,,,2037,,,,,,0.2133,,,,,,,,,,,,,,,,
754,1,DDP,Cafe,Cafe,,,2038,,,,,,0.216,,,,,,,,,,,,,,,,
754,1,DDP,Cafe,Cafe,,,2039,,,,,,0.2188,,,,,,,,,,,,,,,,
754,1,DDP,Cafe,Cafe,,,2040,,,,,,0.2215,,,,,,,,,,,,,,,,
754,1,DDP,Cafe,Cafe,,,2041,,,,,,0.2242,,,,,,,,,,,,,,,,
754,1,DDP,Cafe,Cafe,,,2042,,,,,,0.227,,,,,,,,,,,,,,,,
754,1,DDP,Cafe,Cafe,,,2043,,,,,,0.2297,,,,,,,,,,,,,,,,
754,1,DDP,Cafe,Cafe,,,2044,,,,,,0.2324,,,,,,,,,,,,,,,,
754,1,DDP,Cafe,Cafe,,,2045,,,,,,0.2352,,,,,,,,,,,,,,,,
754,1,DDP,Cafe,Cafe,,,2046,,,,,,0.2379,,,,,,,,,,,,,,,,
754,1,DDP,Cafe,Cafe,,,2047,,,,,,0.2406,,,,,,,,,,,,,,,,
754,1,DDP,Cafe,Cafe,,,2048,,,,,,0.2434,,,,,,,,,,,,,,,,
754,1,DDP,Cafe,Cafe,,,2049,,,,,,0.2461,,,,,,,,,,,,,,,,
754,1,DDP,Cafe,Cafe,,,2050,,,,,,0.2489,,,,,,,,,,,,,,,,
754,1,DDP,Cafe,Cafe,,,2051,,,,,,0.2516,,,,,,,,,,,,,,,,
754,1,DDP,Cafe,Cafe,,,2052,,,,,,0.2543,,,,,,,,,,,,,,,,
754,1,DDP,Cafe,Cafe,,,2053,,,,,,0.2571,,,,,,,,,,,,,,,,
754,1,DDP,Cafe,Cafe,,,2054,,,,,,0.2598,,,,,,,,,,,,,,,,
754,1,DDP,Cafe,Cafe,,,2055,,,,,,0.2625,,,,,,,,,,,,,,,,
754,1,DDP,Cafe,Cafe,,,2056,,,,,,0.2653,,,,,,,,,,,,,,,,
754,1,DDP,Cafe,Cafe,,,2057,,,,,,0.268,,,,,,,,,,,,,,,,
754,1,DDP,Cafe,Cafe,,,2058,,,,,,0.2707,,,,,,,,,,,,,,,,
754,1,DDP,Cafe,Cafe,,,2059,,,,,,0.2735,,,,,,,,,,,,,,,,
754,1,DDP,Cafe,Cafe,,,2060,,,,,,0.2762,,,,,,,,,,,,,,,,
754,1,DDP,Cafe,Cafe,,,2061,,,,,,0.2789,,,,,,,,,,,,,,,,
754,1,DDP,Cafe,Cafe,,,2062,,,,,,0.2817,,,,,,,,,,,,,,,,
754,1,DDP,Cafe,Cafe,,,2063,,,,,,0.2844,,,,,,,,,,,,,,,,
754,1,DDP,Cafe,Cafe,,,2064,,,,,,0.2871,,,,,,,,,,,,,,,,
754,1,DDP,Cafe,Cafe,,,2065,,,,,,0.2899,,,,,,,,,,,,,,,,
754,1,DDP,Cafe,Cafe,,,2066,,,,,,0.2926,,,,,,,,,,,,,,,,
754,1,DDP,Cafe,Cafe,,,2067,,,,,,0.2953,,,,,,,,,,,,,,,,
754,1,DDP,Cafe,Cafe,,,2068,,,,,,0.2981,,,,,,,,,,,,,,,,
754,1,DDP,Cafe,Cafe,,,2069,,,,,,0.3008,,,,,,,,,,,,,,,,
754,1,DDP,Cafe,Cafe,,,2070,,,,,,0.3036,,,,,,,,,,,,,,,,
754,1,DDP,Cana,Cana,,,2018,,,,,,67.9897,,,,,,,,,,,,,,,,
754,1,DDP,Cana,Cana,,,2019,,,,,,73.4607,,,,,,,,,,,,,,,,
754,1,DDP,Cana,Cana,,,2020,,,,,,74.3455,,,,,,,,,,,,,,,,
754,1,DDP,Cana,Cana,,,2021,,,,,,77.7134,,,,,,,,,,,,,,,,
754,1,DDP,Cana,Cana,,,2022,,,,,,79.1687,,,,,,,,,,,,,,,,
754,1,DDP,Cana,Cana,,,2023,,,,,,81.5438,,,,,,,,,,,,,,,,
754,1,DDP,Cana,Cana,,,2024,,,,,,82.8546,,,,,,,,,,,,,,,,
754,1,DDP,Cana,Cana,,,2025,,,,,,84.1654,,,,,,,,,,,,,,,,
754,1,DDP,Cana,Cana,,,2026,,,,,,85.4762,,,,,,,,,,,,,,,,
754,1,DDP,Cana,Cana,,,2027,,,,,,86.787,,,,,,,,,,,,,,,,
754,1,DDP,Cana,Cana,,,2028,,,,,,88.0978,,,,,,,,,,,,,,,,
754,1,DDP,Cana,Cana,,,2029,,,,,,89.4086,,,,,,,,,,,,,,,,
754,1,DDP,Cana,Cana,,,2030,,,,,,90.7194,,,,,,,,,,,,,,,,
754,1,DDP,Cana,Cana,,,2031,,,,,,92.0301,,,,,,,,,,,,,,,,
754,1,DDP,Cana,Cana,,,2032,,,,,,93.3409,,,,,,,,,,,,,,,,
754,1,DDP,Cana,Cana,,,2033,,,,,,94.6517,,,,,,,,,,,,,,,,
754,1,DDP,Cana,Cana,,,2034,,,,,,95.9625,,,,,,,,,,,,,,,,
754,1,DDP,Cana,Cana,,,2035,,,,,,97.2733,,,,,,,,,,,,,,,,
754,1,DDP,Cana,Cana,,,2036,,,,,,98.5841,,,,,,,,,,,,,,,,
754,1,DDP,Cana,Cana,,,2037,,,,,,99.8949,,,,,,,,,,,,,,,,
754,1,DDP,Cana,Cana,,,2038,,,,,,101.2057,,,,,,,,,,,,,,,,
754,1,DDP,Cana,Cana,,,2039,,,,,,102.5165,,,,,,,,,,,,,,,,
754,1,DDP,Cana,Cana,,,2040,,,,,,103.8273,,,,,,,,,,,,,,,,
754,1,DDP,Cana,Cana,,,2041,,,,,,105.1381,,,,,,,,,,,,,,,,
754,1,DDP,Cana,Cana,,,2042,,,,,,106.4489,,,,,,,,,,,,,,,,
754,1,DDP,Cana,Cana,,,2043,,,,,,107.7597,,,,,,,,,,,,,,,,
754,1,DDP,Cana,Cana,,,2044,,,,,,109.0705,,,,,,,,,,,,,,,,
754,1,DDP,Cana,Cana,,,2045,,,,,,110.3813,,,,,,,,,,,,,,,,
754,1,DDP,Cana,Cana,,,2046,,,,,,111.6921,,,,,,,,,,,,,,,,
754,1,DDP,Cana,Cana,,,2047,,,,,,113.0029,,,,,,,,,,,,,,,,
754,1,DDP,Cana,Cana,,,2048,,,,,,114.3137,,,,,,,,,,,,,,,,
754,1,DDP,Cana,Cana,,,2049,,,,,,115.6245,,,,,,,,,,,,,,,,
754,1,DDP,Cana,Cana,,,2050,,,,,,115.9522,,,,,,,,,,,,,,,,
754,1,DDP,Cana,Cana,,,2051,,,,,,117.2266,,,,,,,,,,,,,,,,
754,1,DDP,Cana,Cana,,,2052,,,,,,118.501,,,,,,,,,,,,,,,,
754,1,DDP,Cana,Cana,,,2053,,,,,,119.7753,,,,,,,,,,,,,,,,
754,1,DDP,Cana,Cana,,,2054,,,,,,121.0497,,,,,,,,,,,,,,,,
754,1,DDP,Cana,Cana,,,2055,,,,,,122.3241,,,,,,,,,,,,,,,,
754,1,DDP,Cana,Cana,,,2056,,,,,,123.5985,,,,,,,,,,,,,,,,
754,1,DDP,Cana,Cana,,,2057,,,,,,124.8729,,,,,,,,,,,,,,,,
754,1,DDP,Cana,Cana,,,2058,,,,,,126.1473,,,,,,,,,,,,,,,,
754,1,DDP,Cana,Cana,,,2059,,,,,,127.4217,,,,,,,,,,,,,,,,
754,1,DDP,Cana,Cana,,,2060,,,,,,128.696,,,,,,,,,,,,,,,,
754,1,DDP,Cana,Cana,,,2061,,,,,,129.9704,,,,,,,,,,,,,,,,
754,1,DDP,Cana,Cana,,,2062,,,,,,131.2448,,,,,,,,,,,,,,,,
754,1,DDP,Cana,Cana,,,2063,,,,,,132.5192,,,,,,,,,,,,,,,,
754,1,DDP,Cana,Cana,,,2064,,,,,,133.7936,,,,,,,,,,,,,,,,
754,1,DDP,Cana,Cana,,,2065,,,,,,135.068,,,,,,,,,,,,,,,,
754,1,DDP,Cana,Cana,,,2066,,,,,,136.3424,,,,,,,,,,,,,,,,
754,1,DDP,Cana,Cana,,,2067,,,,,,137.6167,,,,,,,,,,,,,,,,
754,1,DDP,Cana,Cana,,,2068,,,,,,138.8911,,,,,,,,,,,,,,,,
754,1,DDP,Cana,Cana,,,2069,,,,,,140.1655,,,,,,,,,,,,,,,,
754,1,DDP,Cana,Cana,,,2070,,,,,,141.4399,,,,,,,,,,,,,,,,
754,1,DDP,Maiz,Maiz,,,2018,,,,,,3.3287,,,,,,,,,,,,,,,,
754,1,DDP,Maiz,Maiz,,,2019,,,,,,4.1882,,,,,,,,,,,,,,,,
754,1,DDP,Maiz,Maiz,,,2020,,,,,,3.524,,,,,,,,,,,,,,,,
754,1,DDP,Maiz,Maiz,,,2021,,,,,,4.2089,,,,,,,,,,,,,,,,
754,1,DDP,Maiz,Maiz,,,2022,,,,,,4.2878,,,,,,,,,,,,,,,,
754,1,DDP,Maiz,Maiz,,,2023,,,,,,4.4164,,,,,,,,,,,,,,,,
754,1,DDP,Maiz,Maiz,,,2024,,,,,,4.4854,,,,,,,,,,,,,,,,
754,1,DDP,Maiz,Maiz,,,2025,,,,,,4.5544,,,,,,,,,,,,,,,,
754,1,DDP,Maiz,Maiz,,,2026,,,,,,4.6234,,,,,,,,,,,,,,,,
754,1,DDP,Maiz,Maiz,,,2027,,,,,,4.6925,,,,,,,,,,,,,,,,
754,1,DDP,Maiz,Maiz,,,2028,,,,,,4.7615,,,,,,,,,,,,,,,,
754,1,DDP,Maiz,Maiz,,,2029,,,,,,4.8305,,,,,,,,,,,,,,,,
754,1,DDP,Maiz,Maiz,,,2030,,,,,,4.8995,,,,,,,,,,,,,,,,
754,1,DDP,Maiz,Maiz,,,2031,,,,,,4.9685,,,,,,,,,,,,,,,,
754,1,DDP,Maiz,Maiz,,,2032,,,,,,5.0376,,,,,,,,,,,,,,,,
754,1,DDP,Maiz,Maiz,,,2033,,,,,,5.1066,,,,,,,,,,,,,,,,
754,1,DDP,Maiz,Maiz,,,2034,,,,,,5.1756,,,,,,,,,,,,,,,,
754,1,DDP,Maiz,Maiz,,,2035,,,,,,5.2446,,,,,,,,,,,,,,,,
754,1,DDP,Maiz,Maiz,,,2036,,,,,,5.3136,,,,,,,,,,,,,,,,
754,1,DDP,Maiz,Maiz,,,2037,,,,,,5.3827,,,,,,,,,,,,,,,,
754,1,DDP,Maiz,Maiz,,,2038,,,,,,5.4517,,,,,,,,,,,,,,,,
754,1,DDP,Maiz,Maiz,,,2039,,,,,,5.5207,,,,,,,,,,,,,,,,
754,1,DDP,Maiz,Maiz,,,2040,,,,,,5.5897,,,,,,,,,,,,,,,,
754,1,DDP,Maiz,Maiz,,,2041,,,,,,5.6587,,,,,,,,,,,,,,,,
754,1,DDP,Maiz,Maiz,,,2042,,,,,,5.7278,,,,,,,,,,,,,,,,
754,1,DDP,Maiz,Maiz,,,2043,,,,,,5.7968,,,,,,,,,,,,,,,,
754,1,DDP,Maiz,Maiz,,,2044,,,,,,5.8658,,,,,,,,,,,,,,,,
754,1,DDP,Maiz,Maiz,,,2045,,,,,,5.9348,,,,,,,,,,,,,,,,
754,1,DDP,Maiz,Maiz,,,2046,,,,,,6.0039,,,,,,,,,,,,,,,,
754,1,DDP,Maiz,Maiz,,,2047,,,,,,6.0729,,,,,,,,,,,,,,,,
754,1,DDP,Maiz,Maiz,,,2048,,,,,,6.1419,,,,,,,,,,,,,,,,
754,1,DDP,Maiz,Maiz,,,2049,,,,,,6.2109,,,,,,,,,,,,,,,,
754,1,DDP,Maiz,Maiz,,,2050,,,,,,6.2799,,,,,,,,,,,,,,,,
754,1,DDP,Maiz,Maiz,,,2051,,,,,,6.349,,,,,,,,,,,,,,,,
754,1,DDP,Maiz,Maiz,,,2052,,,,,,6.418,,,,,,,,,,,,,,,,
754,1,DDP,Maiz,Maiz,,,2053,,,,,,6.487,,,,,,,,,,,,,,,,
754,1,DDP,Maiz,Maiz,,,2054,,,,,,6.556,,,,,,,,,,,,,,,,
754,1,DDP,Maiz,Maiz,,,2055,,,,,,6.625,,,,,,,,,,,,,,,,
754,1,DDP,Maiz,Maiz,,,2056,,,,,,6.6941,,,,,,,,,,,,,,,,
754,1,DDP,Maiz,Maiz,,,2057,,,,,,6.7631,,,,,,,,,,,,,,,,
754,1,DDP,Maiz,Maiz,,,2058,,,,,,6.8321,,,,,,,,,,,,,,,,
754,1,DDP,Maiz,Maiz,,,2059,,,,,,6.9011,,,,,,,,,,,,,,,,
754,1,DDP,Maiz,Maiz,,,2060,,,,,,6.9701,,,,,,,,,,,,,,,,
754,1,DDP,Maiz,Maiz,,,2061,,,,,,7.0392,,,,,,,,,,,,,,,,
754,1,DDP,Maiz,Maiz,,,2062,,,,,,7.1082,,,,,,,,,,,,,,,,
754,1,DDP,Maiz,Maiz,,,2063,,,,,,7.1772,,,,,,,,,,,,,,,,
754,1,DDP,Maiz,Maiz,,,2064,,,,,,7.2462,,,,,,,,,,,,,,,,
754,1,DDP,Maiz,Maiz,,,2065,,,,,,7.3152,,,,,,,,,,,,,,,,
754,1,DDP,Maiz,Maiz,,,2066,,,,,,7.3843,,,,,,,,,,,,,,,,
754,1,DDP,Maiz,Maiz,,,2067,,,,,,7.4533,,,,,,,,,,,,,,,,
754,1,DDP,Maiz,Maiz,,,2068,,,,,,7.5223,,,,,,,,,,,,,,,,
754,1,DDP,Maiz,Maiz,,,2069,,,,,,7.5913,,,,,,,,,,,,,,,,
754,1,DDP,Maiz,Maiz,,,2070,,,,,,7.6603,,,,,,,,,,,,,,,,
754,1,DDP,Palma,Palma,,,2018,,,,,,12.4385,,,,,,,,,,,,,,,,
754,1,DDP,Palma,Palma,,,2019,,,,,,11.3283,,,,,,,,,,,,,,,,
754,1,DDP,Palma,Palma,,,2020,,,,,,12.9799,,,,,,,,,,,,,,,,
754,1,DDP,Palma,Palma,,,2021,,,,,,15.8583,,,,,,,,,,,,,,,,
754,1,DDP,Palma,Palma,,,2022,,,,,,16.1553,,,,,,,,,,,,,,,,
754,1,DDP,Palma,Palma,,,2023,,,,,,16.64,,,,,,,,,,,,,,,,
754,1,DDP,Palma,Palma,,,2024,,,,,,16.9,,,,,,,,,,,,,,,,
754,1,DDP,Palma,Palma,,,2025,,,,,,17.1601,,,,,,,,,,,,,,,,
754,1,DDP,Palma,Palma,,,2026,,,,,,17.4201,,,,,,,,,,,,,,,,
754,1,DDP,Palma,Palma,,,2027,,,,,,17.6802,,,,,,,,,,,,,,,,
754,1,DDP,Palma,Palma,,,2028,,,,,,17.9402,,,,,,,,,,,,,,,,
754,1,DDP,Palma,Palma,,,2029,,,,,,18.2003,,,,,,,,,,,,,,,,
754,1,DDP,Palma,Palma,,,2030,,,,,,18.4603,,,,,,,,,,,,,,,,
754,1,DDP,Palma,Palma,,,2031,,,,,,18.7204,,,,,,,,,,,,,,,,
754,1,DDP,Palma,Palma,,,2032,,,,,,18.9804,,,,,,,,,,,,,,,,
754,1,DDP,Palma,Palma,,,2033,,,,,,19.2405,,,,,,,,,,,,,,,,
754,1,DDP,Palma,Palma,,,2034,,,,,,19.5005,,,,,,,,,,,,,,,,
754,1,DDP,Palma,Palma,,,2035,,,,,,19.7606,,,,,,,,,,,,,,,,
754,1,DDP,Palma,Palma,,,2036,,,,,,20.0207,,,,,,,,,,,,,,,,
754,1,DDP,Palma,Palma,,,2037,,,,,,20.2807,,,,,,,,,,,,,,,,
754,1,DDP,Palma,Palma,,,2038,,,,,,20.5408,,,,,,,,,,,,,,,,
754,1,DDP,Palma,Palma,,,2039,,,,,,20.8008,,,,,,,,,,,,,,,,
754,1,DDP,Palma,Palma,,,2040,,,,,,21.0609,,,,,,,,,,,,,,,,
754,1,DDP,Palma,Palma,,,2041,,,,,,21.3209,,,,,,,,,,,,,,,,
754,1,DDP,Palma,Palma,,,2042,,,,,,21.581,,,,,,,,,,,,,,,,
754,1,DDP,Palma,Palma,,,2043,,,,,,21.841,,,,,,,,,,,,,,,,
754,1,DDP,Palma,Palma,,,2044,,,,,,22.1011,,,,,,,,,,,,,,,,
754,1,DDP,Palma,Palma,,,2045,,,,,,22.3611,,,,,,,,,,,,,,,,
754,1,DDP,Palma,Palma,,,2046,,,,,,22.6212,,,,,,,,,,,,,,,,
754,1,DDP,Palma,Palma,,,2047,,,,,,22.8812,,,,,,,,,,,,,,,,
754,1,DDP,Palma,Palma,,,2048,,,,,,23.1413,,,,,,,,,,,,,,,,
754,1,DDP,Palma,Palma,,,2049,,,,,,23.4013,,,,,,,,,,,,,,,,
754,1,DDP,Palma,Palma,,,2050,,,,,,23.6614,,,,,,,,,,,,,,,,
754,1,DDP,Palma,Palma,,,2051,,,,,,23.9214,,,,,,,,,,,,,,,,
754,1,DDP,Palma,Palma,,,2052,,,,,,24.1815,,,,,,,,,,,,,,,,
754,1,DDP,Palma,Palma,,,2053,,,,,,24.4416,,,,,,,,,,,,,,,,
754,1,DDP,Palma,Palma,,,2054,,,,,,24.7016,,,,,,,,,,,,,,,,
754,1,DDP,Palma,Palma,,,2055,,,,,,24.9617,,,,,,,,,,,,,,,,
754,1,DDP,Palma,Palma,,,2056,,,,,,25.2217,,,,,,,,,,,,,,,,
754,1,DDP,Palma,Palma,,,2057,,,,,,25.4818,,,,,,,,,,,,,,,,
754,1,DDP,Palma,Palma,,,2058,,,,,,25.7418,,,,,,,,,,,,,,,,
754,1,DDP,Palma,Palma,,,2059,,,,,,26.0019,,,,,,,,,,,,,,,,
754,1,DDP,Palma,Palma,,,2060,,,,,,26.2619,,,,,,,,,,,,,,,,
754,1,DDP,Palma,Palma,,,2061,,,,,,26.522,,,,,,,,,,,,,,,,
754,1,DDP,Palma,Palma,,,2062,,,,,,26.782,,,,,,,,,,,,,,,,
754,1,DDP,Palma,Palma,,,2063,,,,,,27.0421,,,,,,,,,,,,,,,,
754,1,DDP,Palma,Palma,,,2064,,,,,,27.3021,,,,,,,,,,,,,,,,
754,1,DDP,Palma,Palma,,,2065,,,,,,27.5622,,,,,,,,,,,,,,,,
754,1,DDP,Palma,Palma,,,2066,,,,,,27.8222,,,,,,,,,,,,,,,,
754,1,DDP,Palma,Palma,,,2067,,,,,,28.0823,,,,,,,,,,,,,,,,
754,1,DDP,Palma,Palma,,,2068,,,,,,28.3424,,,,,,,,,,,,,,,,
754,1,DDP,Palma,Palma,,,2069,,,,,,28.6024,,,,,,,,,,,,,,,,
754,1,DDP,Palma,Palma,,,2070,,,,,,28.8625,,,,,,,,,,,,,,,,
754,1,DDP,Soya,Soya,,,2018,,,,,,1.1024,,,,,,,,,,,,,,,,
754,1,DDP,Soya,Soya,,,2019,,,,,,1.4624,,,,,,,,,,,,,,,,
754,1,DDP,Soya,Soya,,,2020,,,,,,1.3839,,,,,,,,,,,,,,,,
754,1,DDP,Soya,Soya,,,2021,,,,,,1.0675,,,,,,,,,,,,,,,,
754,1,DDP,Soya,Soya,,,2022,,,,,,1.0875,,,,,,,,,,,,,,,,
754,1,DDP,Soya,Soya,,,2023,,,,,,1.1201,,,,,,,,,,,,,,,,
754,1,DDP,Soya,Soya,,,2024,,,,,,1.1377,,,,,,,,,,,,,,,,
754,1,DDP,Soya,Soya,,,2025,,,,,,1.1552,,,,,,,,,,,,,,,,
754,1,DDP,Soya,Soya,,,2026,,,,,,1.1727,,,,,,,,,,,,,,,,
754,1,DDP,Soya,Soya,,,2027,,,,,,1.1902,,,,,,,,,,,,,,,,
754,1,DDP,Soya,Soya,,,2028,,,,,,1.2077,,,,,,,,,,,,,,,,
754,1,DDP,Soya,Soya,,,2029,,,,,,1.2252,,,,,,,,,,,,,,,,
754,1,DDP,Soya,Soya,,,2030,,,,,,1.2427,,,,,,,,,,,,,,,,
754,1,DDP,Soya,Soya,,,2031,,,,,,1.2602,,,,,,,,,,,,,,,,
754,1,DDP,Soya,Soya,,,2032,,,,,,1.2777,,,,,,,,,,,,,,,,
754,1,DDP,Soya,Soya,,,2033,,,,,,1.2952,,,,,,,,,,,,,,,,
754,1,DDP,Soya,Soya,,,2034,,,,,,1.3127,,,,,,,,,,,,,,,,
754,1,DDP,Soya,Soya,,,2035,,,,,,1.3302,,,,,,,,,,,,,,,,
754,1,DDP,Soya,Soya,,,2036,,,,,,1.3477,,,,,,,,,,,,,,,,
754,1,DDP,Soya,Soya,,,2037,,,,,,1.3652,,,,,,,,,,,,,,,,
754,1,DDP,Soya,Soya,,,2038,,,,,,1.3827,,,,,,,,,,,,,,,,
754,1,DDP,Soya,Soya,,,2039,,,,,,1.4002,,,,,,,,,,,,,,,,
754,1,DDP,Soya,Soya,,,2040,,,,,,1.4177,,,,,,,,,,,,,,,,
754,1,DDP,Soya,Soya,,,2041,,,,,,1.4353,,,,,,,,,,,,,,,,
754,1,DDP,Soya,Soya,,,2042,,,,,,1.4528,,,,,,,,,,,,,,,,
754,1,DDP,Soya,Soya,,,2043,,,,,,1.4703,,,,,,,,,,,,,,,,
754,1,DDP,Soya,Soya,,,2044,,,,,,1.4878,,,,,,,,,,,,,,,,
754,1,DDP,Soya,Soya,,,2045,,,,,,1.5053,,,,,,,,,,,,,,,,
754,1,DDP,Soya,Soya,,,2046,,,,,,1.5228,,,,,,,,,,,,,,,,
754,1,DDP,Soya,Soya,,,2047,,,,,,1.5403,,,,,,,,,,,,,,,,
754,1,DDP,Soya,Soya,,,2048,,,,,,1.5578,,,,,,,,,,,,,,,,
754,1,DDP,Soya,Soya,,,2049,,,,,,1.5753,,,,,,,,,,,,,,,,
754,1,DDP,Soya,Soya,,,2050,,,,,,1.5928,,,,,,,,,,,,,,,,
754,1,DDP,Soya,Soya,,,2051,,,,,,1.6103,,,,,,,,,,,,,,,,
754,1,DDP,Soya,Soya,,,2052,,,,,,1.6278,,,,,,,,,,,,,,,,
754,1,DDP,Soya,Soya,,,2053,,,,,,1.6453,,,,,,,,,,,,,,,,
754,1,DDP,Soya,Soya,,,2054,,,,,,1.6628,,,,,,,,,,,,,,,,
754,1,DDP,Soya,Soya,,,2055,,,,,,1.6803,,,,,,,,,,,,,,,,
754,1,DDP,Soya,Soya,,,2056,,,,,,1.6978,,,,,,,,,,,,,,,,
754,1,DDP,Soya,Soya,,,2057,,,,,,1.7153,,,,,,,,,,,,,,,,
754,1,DDP,Soya,Soya,,,2058,,,,,,1.7329,,,,,,,,,,,,,,,,
754,1,DDP,Soya,Soya,,,2059,,,,,,1.7504,,,,,,,,,,,,,,,,
754,1,DDP,Soya,Soya,,,2060,,,,,,1.7679,,,,,,,,,,,,,,,,
754,1,DDP,Soya,Soya,,,2061,,,,,,1.7854,,,,,,,,,,,,,,,,
754,1,DDP,Soya,Soya,,,2062,,,,,,1.8029,,,,,,,,,,,,,,,,
754,1,DDP,Soya,Soya,,,2063,,,,,,1.8204,,,,,,,,,,,,,,,,
754,1,DDP,Soya,Soya,,,2064,,,,,,1.8379,,,,,,,,,,,,,,,,
754,1,DDP,Soya,Soya,,,2065,,,,,,1.8554,,,,,,,,,,,,,,,,
754,1,DDP,Soya,Soya,,,2066,,,,,,1.8729,,,,,,,,,,,,,,,,
754,1,DDP,Soya,Soya,,,2067,,,,,,1.8904,,,,,,,,,,,,,,,,
754,1,DDP,Soya,Soya,,,2068,,,,,,1.9079,,,,,,,,,,,,,,,,
754,1,DDP,Soya,Soya,,,2069,,,,,,1.9254,,,,,,,,,,,,,,,,
754,1,DDP,Soya,Soya,,,2070,,,,,,1.9429,,,,,,,,,,,,,,,,
754,1,DDP,Palmito,Palmito,,,2018,,,,,,7.267,,,,,,,,,,,,,,,,
754,1,DDP,Palmito,Palmito,,,2019,,,,,,6.6781,,,,,,,,,,,,,,,,
754,1,DDP,Palmito,Palmito,,,2020,,,,,,6.8089,,,,,,,,,,,,,,,,
754,1,DDP,Palmito,Palmito,,,2021,,,,,,6.5501,,,,,,,,,,,,,,,,
754,1,DDP,Palmito,Palmito,,,2022,,,,,,6.6727,,,,,,,,,,,,,,,,
754,1,DDP,Palmito,Palmito,,,2023,,,,,,6.8729,,,,,,,,,,,,,,,,
754,1,DDP,Palmito,Palmito,,,2024,,,,,,6.9803,,,,,,,,,,,,,,,,
754,1,DDP,Palmito,Palmito,,,2025,,,,,,7.0877,,,,,,,,,,,,,,,,
754,1,DDP,Palmito,Palmito,,,2026,,,,,,7.1951,,,,,,,,,,,,,,,,
754,1,DDP,Palmito,Palmito,,,2027,,,,,,7.3025,,,,,,,,,,,,,,,,
754,1,DDP,Palmito,Palmito,,,2028,,,,,,7.41,,,,,,,,,,,,,,,,
754,1,DDP,Palmito,Palmito,,,2029,,,,,,7.5174,,,,,,,,,,,,,,,,
754,1,DDP,Palmito,Palmito,,,2030,,,,,,7.6248,,,,,,,,,,,,,,,,
754,1,DDP,Palmito,Palmito,,,2031,,,,,,7.7322,,,,,,,,,,,,,,,,
754,1,DDP,Palmito,Palmito,,,2032,,,,,,7.8396,,,,,,,,,,,,,,,,
754,1,DDP,Palmito,Palmito,,,2033,,,,,,7.947,,,,,,,,,,,,,,,,
754,1,DDP,Palmito,Palmito,,,2034,,,,,,8.0544,,,,,,,,,,,,,,,,
754,1,DDP,Palmito,Palmito,,,2035,,,,,,8.1618,,,,,,,,,,,,,,,,
754,1,DDP,Palmito,Palmito,,,2036,,,,,,8.2692,,,,,,,,,,,,,,,,
754,1,DDP,Palmito,Palmito,,,2037,,,,,,8.3767,,,,,,,,,,,,,,,,
754,1,DDP,Palmito,Palmito,,,2038,,,,,,8.4841,,,,,,,,,,,,,,,,
754,1,DDP,Palmito,Palmito,,,2039,,,,,,8.5915,,,,,,,,,,,,,,,,
754,1,DDP,Palmito,Palmito,,,2040,,,,,,8.6989,,,,,,,,,,,,,,,,
754,1,DDP,Palmito,Palmito,,,2041,,,,,,8.8063,,,,,,,,,,,,,,,,
754,1,DDP,Palmito,Palmito,,,2042,,,,,,8.9137,,,,,,,,,,,,,,,,
754,1,DDP,Palmito,Palmito,,,2043,,,,,,9.0211,,,,,,,,,,,,,,,,
754,1,DDP,Palmito,Palmito,,,2044,,,,,,9.1285,,,,,,,,,,,,,,,,
754,1,DDP,Palmito,Palmito,,,2045,,,,,,9.2359,,,,,,,,,,,,,,,,
754,1,DDP,Palmito,Palmito,,,2046,,,,,,9.3434,,,,,,,,,,,,,,,,
754,1,DDP,Palmito,Palmito,,,2047,,,,,,9.4508,,,,,,,,,,,,,,,,
754,1,DDP,Palmito,Palmito,,,2048,,,,,,9.5582,,,,,,,,,,,,,,,,
754,1,DDP,Palmito,Palmito,,,2049,,,,,,9.6656,,,,,,,,,,,,,,,,
754,1,DDP,Palmito,Palmito,,,2050,,,,,,9.773,,,,,,,,,,,,,,,,
754,1,DDP,Palmito,Palmito,,,2051,,,,,,9.8804,,,,,,,,,,,,,,,,
754,1,DDP,Palmito,Palmito,,,2052,,,,,,9.9878,,,,,,,,,,,,,,,,
754,1,DDP,Palmito,Palmito,,,2053,,,,,,10.0952,,,,,,,,,,,,,,,,
754,1,DDP,Palmito,Palmito,,,2054,,,,,,10.2026,,,,,,,,,,,,,,,,
754,1,DDP,Palmito,Palmito,,,2055,,,,,,10.3101,,,,,,,,,,,,,,,,
754,1,DDP,Palmito,Palmito,,,2056,,,,,,10.4175,,,,,,,,,,,,,,,,
754,1,DDP,Palmito,Palmito,,,2057,,,,,,10.5249,,,,,,,,,,,,,,,,
754,1,DDP,Palmito,Palmito,,,2058,,,,,,10.6323,,,,,,,,,,,,,,,,
754,1,DDP,Palmito,Palmito,,,2059,,,,,,10.7397,,,,,,,,,,,,,,,,
754,1,DDP,Palmito,Palmito,,,2060,,,,,,10.8471,,,,,,,,,,,,,,,,
754,1,DDP,Palmito,Palmito,,,2061,,,,,,10.9545,,,,,,,,,,,,,,,,
754,1,DDP,Palmito,Palmito,,,2062,,,,,,11.0619,,,,,,,,,,,,,,,,
754,1,DDP,Palmito,Palmito,,,2063,,,,,,11.1693,,,,,,,,,,,,,,,,
754,1,DDP,Palmito,Palmito,,,2064,,,,,,11.2768,,,,,,,,,,,,,,,,
754,1,DDP,Palmito,Palmito,,,2065,,,,,,11.3842,,,,,,,,,,,,,,,,
754,1,DDP,Palmito,Palmito,,,2066,,,,,,11.4916,,,,,,,,,,,,,,,,
754,1,DDP,Palmito,Palmito,,,2067,,,,,,11.599,,,,,,,,,,,,,,,,
754,1,DDP,Palmito,Palmito,,,2068,,,,,,11.7064,,,,,,,,,,,,,,,,
754,1,DDP,Palmito,Palmito,,,2069,,,,,,11.8138,,,,,,,,,,,,,,,,
754,1,DDP,Palmito,Palmito,,,2070,,,,,,11.9212,,,,,,,,,,,,,,,,
754,1,DDP,Legumbres,Legumbres,,,2018,,,,,,1.5239,,,,,,,,,,,,,,,,
754,1,DDP,Legumbres,Legumbres,,,2019,,,,,,1.3219,,,,,,,,,,,,,,,,
754,1,DDP,Legumbres,Legumbres,,,2020,,,,,,1.7401,,,,,,,,,,,,,,,,
754,1,DDP,Legumbres,Legumbres,,,2021,,,,,,1.4155,,,,,,,,,,,,,,,,
754,1,DDP,Legumbres,Legumbres,,,2022,,,,,,1.442,,,,,,,,,,,,,,,,
754,1,DDP,Legumbres,Legumbres,,,2023,,,,,,1.4853,,,,,,,,,,,,,,,,
754,1,DDP,Legumbres,Legumbres,,,2024,,,,,,1.5085,,,,,,,,,,,,,,,,
754,1,DDP,Legumbres,Legumbres,,,2025,,,,,,1.5317,,,,,,,,,,,,,,,,
754,1,DDP,Legumbres,Legumbres,,,2026,,,,,,1.5549,,,,,,,,,,,,,,,,
754,1,DDP,Legumbres,Legumbres,,,2027,,,,,,1.5782,,,,,,,,,,,,,,,,
754,1,DDP,Legumbres,Legumbres,,,2028,,,,,,1.6014,,,,,,,,,,,,,,,,
754,1,DDP,Legumbres,Legumbres,,,2029,,,,,,1.6246,,,,,,,,,,,,,,,,
754,1,DDP,Legumbres,Legumbres,,,2030,,,,,,1.6478,,,,,,,,,,,,,,,,
754,1,DDP,Legumbres,Legumbres,,,2031,,,,,,1.671,,,,,,,,,,,,,,,,
754,1,DDP,Legumbres,Legumbres,,,2032,,,,,,1.6942,,,,,,,,,,,,,,,,
754,1,DDP,Legumbres,Legumbres,,,2033,,,,,,1.7174,,,,,,,,,,,,,,,,
754,1,DDP,Legumbres,Legumbres,,,2034,,,,,,1.7406,,,,,,,,,,,,,,,,
754,1,DDP,Legumbres,Legumbres,,,2035,,,,,,1.7639,,,,,,,,,,,,,,,,
754,1,DDP,Legumbres,Legumbres,,,2036,,,,,,1.7871,,,,,,,,,,,,,,,,
754,1,DDP,Legumbres,Legumbres,,,2037,,,,,,1.8103,,,,,,,,,,,,,,,,
754,1,DDP,Legumbres,Legumbres,,,2038,,,,,,1.8335,,,,,,,,,,,,,,,,
754,1,DDP,Legumbres,Legumbres,,,2039,,,,,,1.8567,,,,,,,,,,,,,,,,
754,1,DDP,Legumbres,Legumbres,,,2040,,,,,,1.8799,,,,,,,,,,,,,,,,
754,1,DDP,Legumbres,Legumbres,,,2041,,,,,,1.9031,,,,,,,,,,,,,,,,
754,1,DDP,Legumbres,Legumbres,,,2042,,,,,,1.9264,,,,,,,,,,,,,,,,
754,1,DDP,Legumbres,Legumbres,,,2043,,,,,,1.9496,,,,,,,,,,,,,,,,
754,1,DDP,Legumbres,Legumbres,,,2044,,,,,,1.9728,,,,,,,,,,,,,,,,
754,1,DDP,Legumbres,Legumbres,,,2045,,,,,,1.996,,,,,,,,,,,,,,,,
754,1,DDP,Legumbres,Legumbres,,,2046,,,,,,2.0192,,,,,,,,,,,,,,,,
754,1,DDP,Legumbres,Legumbres,,,2047,,,,,,2.0424,,,,,,,,,,,,,,,,
754,1,DDP,Legumbres,Legumbres,,,2048,,,,,,2.0656,,,,,,,,,,,,,,,,
754,1,DDP,Legumbres,Legumbres,,,2049,,,,,,2.0888,,,,,,,,,,,,,,,,
754,1,DDP,Legumbres,Legumbres,,,2050,,,,,,2.1121,,,,,,,,,,,,,,,,
754,1,DDP,Legumbres,Legumbres,,,2051,,,,,,2.1353,,,,,,,,,,,,,,,,
754,1,DDP,Legumbres,Legumbres,,,2052,,,,,,2.1585,,,,,,,,,,,,,,,,
754,1,DDP,Legumbres,Legumbres,,,2053,,,,,,2.1817,,,,,,,,,,,,,,,,
754,1,DDP,Legumbres,Legumbres,,,2054,,,,,,2.2049,,,,,,,,,,,,,,,,
754,1,DDP,Legumbres,Legumbres,,,2055,,,,,,2.2281,,,,,,,,,,,,,,,,
754,1,DDP,Legumbres,Legumbres,,,2056,,,,,,2.2513,,,,,,,,,,,,,,,,
754,1,DDP,Legumbres,Legumbres,,,2057,,,,,,2.2745,,,,,,,,,,,,,,,,
754,1,DDP,Legumbres,Legumbres,,,2058,,,,,,2.2978,,,,,,,,,,,,,,,,
754,1,DDP,Legumbres,Legumbres,,,2059,,,,,,2.321,,,,,,,,,,,,,,,,
754,1,DDP,Legumbres,Legumbres,,,2060,,,,,,2.3442,,,,,,,,,,,,,,,,
754,1,DDP,Legumbres,Legumbres,,,2061,,,,,,2.3674,,,,,,,,,,,,,,,,
754,1,DDP,Legumbres,Legumbres,,,2062,,,,,,2.3906,,,,,,,,,,,,,,,,
754,1,DDP,Legumbres,Legumbres,,,2063,,,,,,2.4138,,,,,,,,,,,,,,,,
754,1,DDP,Legumbres,Legumbres,,,2064,,,,,,2.437,,,,,,,,,,,,,,,,
754,1,DDP,Legumbres,Legumbres,,,2065,,,,,,2.4602,,,,,,,,,,,,,,,,
754,1,DDP,Legumbres,Legumbres,,,2066,,,,,,2.4835,,,,,,,,,,,,,,,,
754,1,DDP,Legumbres,Legumbres,,,2067,,,,,,2.5067,,,,,,,,,,,,,,,,
754,1,DDP,Legumbres,Legumbres,,,2068,,,,,,2.5299,,,,,,,,,,,,,,,,
754,1,DDP,Legumbres,Legumbres,,,2069,,,,,,2.5531,,,,,,,,,,,,,,,,
754,1,DDP,Legumbres,Legumbres,,,2070,,,,,,2.5763,,,,,,,,,,,,,,,,
754,1,DDP,Cereales,Cereales,,,2018,,,,,,1.4457,,,,,,,,,,,,,,,,
754,1,DDP,Cereales,Cereales,,,2019,,,,,,1.5515,,,,,,,,,,,,,,,,
754,1,DDP,Cereales,Cereales,,,2020,,,,,,1.4558,,,,,,,,,,,,,,,,
754,1,DDP,Cereales,Cereales,,,2021,,,,,,1.4922,,,,,,,,,,,,,,,,
754,1,DDP,Cereales,Cereales,,,2022,,,,,,1.5201,,,,,,,,,,,,,,,,
754,1,DDP,Cereales,Cereales,,,2023,,,,,,1.5657,,,,,,,,,,,,,,,,
754,1,DDP,Cereales,Cereales,,,2024,,,,,,1.5902,,,,,,,,,,,,,,,,
754,1,DDP,Cereales,Cereales,,,2025,,,,,,1.6147,,,,,,,,,,,,,,,,
754,1,DDP,Cereales,Cereales,,,2026,,,,,,1.6392,,,,,,,,,,,,,,,,
754,1,DDP,Cereales,Cereales,,,2027,,,,,,1.6636,,,,,,,,,,,,,,,,
754,1,DDP,Cereales,Cereales,,,2028,,,,,,1.6881,,,,,,,,,,,,,,,,
754,1,DDP,Cereales,Cereales,,,2029,,,,,,1.7126,,,,,,,,,,,,,,,,
754,1,DDP,Cereales,Cereales,,,2030,,,,,,1.737,,,,,,,,,,,,,,,,
754,1,DDP,Cereales,Cereales,,,2031,,,,,,1.7615,,,,,,,,,,,,,,,,
754,1,DDP,Cereales,Cereales,,,2032,,,,,,1.786,,,,,,,,,,,,,,,,
754,1,DDP,Cereales,Cereales,,,2033,,,,,,1.8104,,,,,,,,,,,,,,,,
754,1,DDP,Cereales,Cereales,,,2034,,,,,,1.8349,,,,,,,,,,,,,,,,
754,1,DDP,Cereales,Cereales,,,2035,,,,,,1.8594,,,,,,,,,,,,,,,,
754,1,DDP,Cereales,Cereales,,,2036,,,,,,1.8839,,,,,,,,,,,,,,,,
754,1,DDP,Cereales,Cereales,,,2037,,,,,,1.9083,,,,,,,,,,,,,,,,
754,1,DDP,Cereales,Cereales,,,2038,,,,,,1.9328,,,,,,,,,,,,,,,,
754,1,DDP,Cereales,Cereales,,,2039,,,,,,1.9573,,,,,,,,,,,,,,,,
754,1,DDP,Cereales,Cereales,,,2040,,,,,,1.9817,,,,,,,,,,,,,,,,
754,1,DDP,Cereales,Cereales,,,2041,,,,,,2.0062,,,,,,,,,,,,,,,,
754,1,DDP,Cereales,Cereales,,,2042,,,,,,2.0307,,,,,,,,,,,,,,,,
754,1,DDP,Cereales,Cereales,,,2043,,,,,,2.0551,,,,,,,,,,,,,,,,
754,1,DDP,Cereales,Cereales,,,2044,,,,,,2.0796,,,,,,,,,,,,,,,,
754,1,DDP,Cereales,Cereales,,,2045,,,,,,2.1041,,,,,,,,,,,,,,,,
754,1,DDP,Cereales,Cereales,,,2046,,,,,,2.1286,,,,,,,,,,,,,,,,
754,1,DDP,Cereales,Cereales,,,2047,,,,,,2.153,,,,,,,,,,,,,,,,
754,1,DDP,Cereales,Cereales,,,2048,,,,,,2.1775,,,,,,,,,,,,,,,,
754,1,DDP,Cereales,Cereales,,,2049,,,,,,2.202,,,,,,,,,,,,,,,,
754,1,DDP,Cereales,Cereales,,,2050,,,,,,2.2264,,,,,,,,,,,,,,,,
754,1,DDP,Cereales,Cereales,,,2051,,,,,,2.2509,,,,,,,,,,,,,,,,
754,1,DDP,Cereales,Cereales,,,2052,,,,,,2.2754,,,,,,,,,,,,,,,,
754,1,DDP,Cereales,Cereales,,,2053,,,,,,2.2998,,,,,,,,,,,,,,,,
754,1,DDP,Cereales,Cereales,,,2054,,,,,,2.3243,,,,,,,,,,,,,,,,
754,1,DDP,Cereales,Cereales,,,2055,,,,,,2.3488,,,,,,,,,,,,,,,,
754,1,DDP,Cereales,Cereales,,,2056,,,,,,2.3733,,,,,,,,,,,,,,,,
754,1,DDP,Cereales,Cereales,,,2057,,,,,,2.3977,,,,,,,,,,,,,,,,
754,1,DDP,Cereales,Cereales,,,2058,,,,,,2.4222,,,,,,,,,,,,,,,,
754,1,DDP,Cereales,Cereales,,,2059,,,,,,2.4467,,,,,,,,,,,,,,,,
754,1,DDP,Cereales,Cereales,,,2060,,,,,,2.4711,,,,,,,,,,,,,,,,
754,1,DDP,Cereales,Cereales,,,2061,,,,,,2.4956,,,,,,,,,,,,,,,,
754,1,DDP,Cereales,Cereales,,,2062,,,,,,2.5201,,,,,,,,,,,,,,,,
754,1,DDP,Cereales,Cereales,,,2063,,,,,,2.5445,,,,,,,,,,,,,,,,
754,1,DDP,Cereales,Cereales,,,2064,,,,,,2.569,,,,,,,,,,,,,,,,
754,1,DDP,Cereales,Cereales,,,2065,,,,,,2.5935,,,,,,,,,,,,,,,,
754,1,DDP,Cereales,Cereales,,,2066,,,,,,2.6179,,,,,,,,,,,,,,,,
754,1,DDP,Cereales,Cereales,,,2067,,,,,,2.6424,,,,,,,,,,,,,,,,
754,1,DDP,Cereales,Cereales,,,2068,,,,,,2.6669,,,,,,,,,,,,,,,,
754,1,DDP,Cereales,Cereales,,,2069,,,,,,2.6914,,,,,,,,,,,,,,,,
754,1,DDP,Cereales,Cereales,,,2070,,,,,,2.7158,,,,,,,,,,,,,,,,
754,1,DDP,Tuberculos,Tuberculos,,,2018,,,,,,9.9292,,,,,,,,,,,,,,,,
754,1,DDP,Tuberculos,Tuberculos,,,2019,,,,,,10.3741,,,,,,,,,,,,,,,,
754,1,DDP,Tuberculos,Tuberculos,,,2020,,,,,,11.8609,,,,,,,,,,,,,,,,
754,1,DDP,Tuberculos,Tuberculos,,,2021,,,,,,9.325,,,,,,,,,,,,,,,,
754,1,DDP,Tuberculos,Tuberculos,,,2022,,,,,,9.4996,,,,,,,,,,,,,,,,
754,1,DDP,Tuberculos,Tuberculos,,,2023,,,,,,9.7846,,,,,,,,,,,,,,,,
754,1,DDP,Tuberculos,Tuberculos,,,2024,,,,,,9.9375,,,,,,,,,,,,,,,,
754,1,DDP,Tuberculos,Tuberculos,,,2025,,,,,,10.0904,,,,,,,,,,,,,,,,
754,1,DDP,Tuberculos,Tuberculos,,,2026,,,,,,10.2434,,,,,,,,,,,,,,,,
754,1,DDP,Tuberculos,Tuberculos,,,2027,,,,,,10.3963,,,,,,,,,,,,,,,,
754,1,DDP,Tuberculos,Tuberculos,,,2028,,,,,,10.5492,,,,,,,,,,,,,,,,
754,1,DDP,Tuberculos,Tuberculos,,,2029,,,,,,10.7021,,,,,,,,,,,,,,,,
754,1,DDP,Tuberculos,Tuberculos,,,2030,,,,,,10.855,,,,,,,,,,,,,,,,
754,1,DDP,Tuberculos,Tuberculos,,,2031,,,,,,11.0079,,,,,,,,,,,,,,,,
754,1,DDP,Tuberculos,Tuberculos,,,2032,,,,,,11.1608,,,,,,,,,,,,,,,,
754,1,DDP,Tuberculos,Tuberculos,,,2033,,,,,,11.3138,,,,,,,,,,,,,,,,
754,1,DDP,Tuberculos,Tuberculos,,,2034,,,,,,11.4667,,,,,,,,,,,,,,,,
754,1,DDP,Tuberculos,Tuberculos,,,2035,,,,,,11.6196,,,,,,,,,,,,,,,,
754,1,DDP,Tuberculos,Tuberculos,,,2036,,,,,,11.7725,,,,,,,,,,,,,,,,
754,1,DDP,Tuberculos,Tuberculos,,,2037,,,,,,11.9254,,,,,,,,,,,,,,,,
754,1,DDP,Tuberculos,Tuberculos,,,2038,,,,,,12.0783,,,,,,,,,,,,,,,,
754,1,DDP,Tuberculos,Tuberculos,,,2039,,,,,,12.2313,,,,,,,,,,,,,,,,
754,1,DDP,Tuberculos,Tuberculos,,,2040,,,,,,12.3842,,,,,,,,,,,,,,,,
754,1,DDP,Tuberculos,Tuberculos,,,2041,,,,,,12.5371,,,,,,,,,,,,,,,,
754,1,DDP,Tuberculos,Tuberculos,,,2042,,,,,,12.69,,,,,,,,,,,,,,,,
754,1,DDP,Tuberculos,Tuberculos,,,2043,,,,,,12.8429,,,,,,,,,,,,,,,,
754,1,DDP,Tuberculos,Tuberculos,,,2044,,,,,,12.9958,,,,,,,,,,,,,,,,
754,1,DDP,Tuberculos,Tuberculos,,,2045,,,,,,13.1488,,,,,,,,,,,,,,,,
754,1,DDP,Tuberculos,Tuberculos,,,2046,,,,,,13.3017,,,,,,,,,,,,,,,,
754,1,DDP,Tuberculos,Tuberculos,,,2047,,,,,,13.4546,,,,,,,,,,,,,,,,
754,1,DDP,Tuberculos,Tuberculos,,,2048,,,,,,13.6075,,,,,,,,,,,,,,,,
754,1,DDP,Tuberculos,Tuberculos,,,2049,,,,,,13.7604,,,,,,,,,,,,,,,,
754,1,DDP,Tuberculos,Tuberculos,,,2050,,,,,,13.9133,,,,,,,,,,,,,,,,
754,1,DDP,Tuberculos,Tuberculos,,,2051,,,,,,14.0663,,,,,,,,,,,,,,,,
754,1,DDP,Tuberculos,Tuberculos,,,2052,,,,,,14.2192,,,,,,,,,,,,,,,,
754,1,DDP,Tuberculos,Tuberculos,,,2053,,,,,,14.3721,,,,,,,,,,,,,,,,
754,1,DDP,Tuberculos,Tuberculos,,,2054,,,,,,14.525,,,,,,,,,,,,,,,,
754,1,DDP,Tuberculos,Tuberculos,,,2055,,,,,,14.6779,,,,,,,,,,,,,,,,
754,1,DDP,Tuberculos,Tuberculos,,,2056,,,,,,14.8308,,,,,,,,,,,,,,,,
754,1,DDP,Tuberculos,Tuberculos,,,2057,,,,,,14.9838,,,,,,,,,,,,,,,,
754,1,DDP,Tuberculos,Tuberculos,,,2058,,,,,,15.1367,,,,,,,,,,,,,,,,
754,1,DDP,Tuberculos,Tuberculos,,,2059,,,,,,15.2896,,,,,,,,,,,,,,,,
754,1,DDP,Tuberculos,Tuberculos,,,2060,,,,,,15.4425,,,,,,,,,,,,,,,,
754,1,DDP,Tuberculos,Tuberculos,,,2061,,,,,,15.5954,,,,,,,,,,,,,,,,
754,1,DDP,Tuberculos,Tuberculos,,,2062,,,,,,15.7483,,,,,,,,,,,,,,,,
754,1,DDP,Tuberculos,Tuberculos,,,2063,,,,,,15.9013,,,,,,,,,,,,,,,,
754,1,DDP,Tuberculos,Tuberculos,,,2064,,,,,,16.0542,,,,,,,,,,,,,,,,
754,1,DDP,Tuberculos,Tuberculos,,,2065,,,,,,16.2071,,,,,,,,,,,,,,,,
754,1,DDP,Tuberculos,Tuberculos,,,2066,,,,,,16.36,,,,,,,,,,,,,,,,
754,1,DDP,Tuberculos,Tuberculos,,,2067,,,,,,16.5129,,,,,,,,,,,,,,,,
754,1,DDP,Tuberculos,Tuberculos,,,2068,,,,,,16.6658,,,,,,,,,,,,,,,,
754,1,DDP,Tuberculos,Tuberculos,,,2069,,,,,,16.8187,,,,,,,,,,,,,,,,
754,1,DDP,Tuberculos,Tuberculos,,,2070,,,,,,16.9717,,,,,,,,,,,,,,,,
754,1,DDP,Fruta,Fruta,,,2018,,,,,,5.0218,,,,,,,,,,,,,,,,
754,1,DDP,Fruta,Fruta,,,2019,,,,,,4.1012,,,,,,,,,,,,,,,,
754,1,DDP,Fruta,Fruta,,,2020,,,,,,5.4256,,,,,,,,,,,,,,,,
754,1,DDP,Fruta,Fruta,,,2021,,,,,,6.4336,,,,,,,,,,,,,,,,
754,1,DDP,Fruta,Fruta,,,2022,,,,,,6.5541,,,,,,,,,,,,,,,,
754,1,DDP,Fruta,Fruta,,,2023,,,,,,6.7508,,,,,,,,,,,,,,,,
754,1,DDP,Fruta,Fruta,,,2024,,,,,,6.8563,,,,,,,,,,,,,,,,
754,1,DDP,Fruta,Fruta,,,2025,,,,,,6.9618,,,,,,,,,,,,,,,,
754,1,DDP,Fruta,Fruta,,,2026,,,,,,7.0673,,,,,,,,,,,,,,,,
754,1,DDP,Fruta,Fruta,,,2027,,,,,,7.1728,,,,,,,,,,,,,,,,
754,1,DDP,Fruta,Fruta,,,2028,,,,,,7.2783,,,,,,,,,,,,,,,,
754,1,DDP,Fruta,Fruta,,,2029,,,,,,7.3838,,,,,,,,,,,,,,,,
754,1,DDP,Fruta,Fruta,,,2030,,,,,,7.4893,,,,,,,,,,,,,,,,
754,1,DDP,Fruta,Fruta,,,2031,,,,,,7.5948,,,,,,,,,,,,,,,,
754,1,DDP,Fruta,Fruta,,,2032,,,,,,7.7003,,,,,,,,,,,,,,,,
754,1,DDP,Fruta,Fruta,,,2033,,,,,,7.8058,,,,,,,,,,,,,,,,
754,1,DDP,Fruta,Fruta,,,2034,,,,,,7.9113,,,,,,,,,,,,,,,,
754,1,DDP,Fruta,Fruta,,,2035,,,,,,8.0168,,,,,,,,,,,,,,,,
754,1,DDP,Fruta,Fruta,,,2036,,,,,,8.1223,,,,,,,,,,,,,,,,
754,1,DDP,Fruta,Fruta,,,2037,,,,,,8.2278,,,,,,,,,,,,,,,,
754,1,DDP,Fruta,Fruta,,,2038,,,,,,8.3333,,,,,,,,,,,,,,,,
754,1,DDP,Fruta,Fruta,,,2039,,,,,,8.4388,,,,,,,,,,,,,,,,
754,1,DDP,Fruta,Fruta,,,2040,,,,,,8.5443,,,,,,,,,,,,,,,,
754,1,DDP,Fruta,Fruta,,,2041,,,,,,8.6498,,,,,,,,,,,,,,,,
754,1,DDP,Fruta,Fruta,,,2042,,,,,,8.7553,,,,,,,,,,,,,,,,
754,1,DDP,Fruta,Fruta,,,2043,,,,,,8.8608,,,,,,,,,,,,,,,,
754,1,DDP,Fruta,Fruta,,,2044,,,,,,8.9663,,,,,,,,,,,,,,,,
754,1,DDP,Fruta,Fruta,,,2045,,,,,,9.0718,,,,,,,,,,,,,,,,
754,1,DDP,Fruta,Fruta,,,2046,,,,,,9.1773,,,,,,,,,,,,,,,,
754,1,DDP,Fruta,Fruta,,,2047,,,,,,9.2828,,,,,,,,,,,,,,,,
754,1,DDP,Fruta,Fruta,,,2048,,,,,,9.3883,,,,,,,,,,,,,,,,
754,1,DDP,Fruta,Fruta,,,2049,,,,,,9.4938,,,,,,,,,,,,,,,,
754,1,DDP,Fruta,Fruta,,,2050,,,,,,9.5993,,,,,,,,,,,,,,,,
754,1,DDP,Fruta,Fruta,,,2051,,,,,,9.7048,,,,,,,,,,,,,,,,
754,1,DDP,Fruta,Fruta,,,2052,,,,,,9.8103,,,,,,,,,,,,,,,,
754,1,DDP,Fruta,Fruta,,,2053,,,,,,9.9158,,,,,,,,,,,,,,,,
754,1,DDP,Fruta,Fruta,,,2054,,,,,,10.0213,,,,,,,,,,,,,,,,
754,1,DDP,Fruta,Fruta,,,2055,,,,,,10.1268,,,,,,,,,,,,,,,,
754,1,DDP,Fruta,Fruta,,,2056,,,,,,10.2323,,,,,,,,,,,,,,,,
754,1,DDP,Fruta,Fruta,,,2057,,,,,,10.3378,,,,,,,,,,,,,,,,
754,1,DDP,Fruta,Fruta,,,2058,,,,,,10.4433,,,,,,,,,,,,,,,,
754,1,DDP,Fruta,Fruta,,,2059,,,,,,10.5488,,,,,,,,,,,,,,,,
754,1,DDP,Fruta,Fruta,,,2060,,,,,,10.6543,,,,,,,,,,,,,,,,
754,1,DDP,Fruta,Fruta,,,2061,,,,,,10.7598,,,,,,,,,,,,,,,,
754,1,DDP,Fruta,Fruta,,,2062,,,,,,10.8653,,,,,,,,,,,,,,,,
754,1,DDP,Fruta,Fruta,,,2063,,,,,,10.9708,,,,,,,,,,,,,,,,
754,1,DDP,Fruta,Fruta,,,2064,,,,,,11.0763,,,,,,,,,,,,,,,,
754,1,DDP,Fruta,Fruta,,,2065,,,,,,11.1818,,,,,,,,,,,,,,,,
754,1,DDP,Fruta,Fruta,,,2066,,,,,,11.2874,,,,,,,,,,,,,,,,
754,1,DDP,Fruta,Fruta,,,2067,,,,,,11.3929,,,,,,,,,,,,,,,,
754,1,DDP,Fruta,Fruta,,,2068,,,,,,11.4984,,,,,,,,,,,,,,,,
754,1,DDP,Fruta,Fruta,,,2069,,,,,,11.6039,,,,,,,,,,,,,,,,
754,1,DDP,Fruta,Fruta,,,2070,,,,,,11.7094,,,,,,,,,,,,,,,,
754,1,DDP,Verduras,Verduras,,,2018,,,,,,11.3819,,,,,,,,,,,,,,,,
754,1,DDP,Verduras,Verduras,,,2019,,,,,,12.9222,,,,,,,,,,,,,,,,
754,1,DDP,Verduras,Verduras,,,2020,,,,,,14.3445,,,,,,,,,,,,,,,,
754,1,DDP,Verduras,Verduras,,,2021,,,,,,14.624,,,,,,,,,,,,,,,,
754,1,DDP,Verduras,Verduras,,,2022,,,,,,14.8978,,,,,,,,,,,,,,,,
754,1,DDP,Verduras,Verduras,,,2023,,,,,,15.3448,,,,,,,,,,,,,,,,
754,1,DDP,Verduras,Verduras,,,2024,,,,,,15.5846,,,,,,,,,,,,,,,,
754,1,DDP,Verduras,Verduras,,,2025,,,,,,15.8244,,,,,,,,,,,,,,,,
754,1,DDP,Verduras,Verduras,,,2026,,,,,,16.0642,,,,,,,,,,,,,,,,
754,1,DDP,Verduras,Verduras,,,2027,,,,,,16.304,,,,,,,,,,,,,,,,
754,1,DDP,Verduras,Verduras,,,2028,,,,,,16.5438,,,,,,,,,,,,,,,,
754,1,DDP,Verduras,Verduras,,,2029,,,,,,16.7836,,,,,,,,,,,,,,,,
754,1,DDP,Verduras,Verduras,,,2030,,,,,,17.0234,,,,,,,,,,,,,,,,
754,1,DDP,Verduras,Verduras,,,2031,,,,,,17.2633,,,,,,,,,,,,,,,,
754,1,DDP,Verduras,Verduras,,,2032,,,,,,17.5031,,,,,,,,,,,,,,,,
754,1,DDP,Verduras,Verduras,,,2033,,,,,,17.7429,,,,,,,,,,,,,,,,
754,1,DDP,Verduras,Verduras,,,2034,,,,,,17.9827,,,,,,,,,,,,,,,,
754,1,DDP,Verduras,Verduras,,,2035,,,,,,18.2225,,,,,,,,,,,,,,,,
754,1,DDP,Verduras,Verduras,,,2036,,,,,,18.4623,,,,,,,,,,,,,,,,
754,1,DDP,Verduras,Verduras,,,2037,,,,,,18.7021,,,,,,,,,,,,,,,,
754,1,DDP,Verduras,Verduras,,,2038,,,,,,18.9419,,,,,,,,,,,,,,,,
754,1,DDP,Verduras,Verduras,,,2039,,,,,,19.1817,,,,,,,,,,,,,,,,
754,1,DDP,Verduras,Verduras,,,2040,,,,,,19.4216,,,,,,,,,,,,,,,,
754,1,DDP,Verduras,Verduras,,,2041,,,,,,19.6614,,,,,,,,,,,,,,,,
754,1,DDP,Verduras,Verduras,,,2042,,,,,,19.9012,,,,,,,,,,,,,,,,
754,1,DDP,Verduras,Verduras,,,2043,,,,,,20.141,,,,,,,,,,,,,,,,
754,1,DDP,Verduras,Verduras,,,2044,,,,,,20.3808,,,,,,,,,,,,,,,,
754,1,DDP,Verduras,Verduras,,,2045,,,,,,20.6206,,,,,,,,,,,,,,,,
754,1,DDP,Verduras,Verduras,,,2046,,,,,,20.8604,,,,,,,,,,,,,,,,
754,1,DDP,Verduras,Verduras,,,2047,,,,,,21.1002,,,,,,,,,,,,,,,,
754,1,DDP,Verduras,Verduras,,,2048,,,,,,21.34,,,,,,,,,,,,,,,,
754,1,DDP,Verduras,Verduras,,,2049,,,,,,21.5799,,,,,,,,,,,,,,,,
754,1,DDP,Verduras,Verduras,,,2050,,,,,,21.8197,,,,,,,,,,,,,,,,
754,1,DDP,Verduras,Verduras,,,2051,,,,,,22.0595,,,,,,,,,,,,,,,,
754,1,DDP,Verduras,Verduras,,,2052,,,,,,22.2993,,,,,,,,,,,,,,,,
754,1,DDP,Verduras,Verduras,,,2053,,,,,,22.5391,,,,,,,,,,,,,,,,
754,1,DDP,Verduras,Verduras,,,2054,,,,,,22.7789,,,,,,,,,,,,,,,,
754,1,DDP,Verduras,Verduras,,,2055,,,,,,23.0187,,,,,,,,,,,,,,,,
754,1,DDP,Verduras,Verduras,,,2056,,,,,,23.2585,,,,,,,,,,,,,,,,
754,1,DDP,Verduras,Verduras,,,2057,,,,,,23.4984,,,,,,,,,,,,,,,,
754,1,DDP,Verduras,Verduras,,,2058,,,,,,23.7382,,,,,,,,,,,,,,,,
754,1,DDP,Verduras,Verduras,,,2059,,,,,,23.978,,,,,,,,,,,,,,,,
754,1,DDP,Verduras,Verduras,,,2060,,,,,,24.2178,,,,,,,,,,,,,,,,
754,1,DDP,Verduras,Verduras,,,2061,,,,,,24.4576,,,,,,,,,,,,,,,,
754,1,DDP,Verduras,Verduras,,,2062,,,,,,24.6974,,,,,,,,,,,,,,,,
754,1,DDP,Verduras,Verduras,,,2063,,,,,,24.9372,,,,,,,,,,,,,,,,
754,1,DDP,Verduras,Verduras,,,2064,,,,,,25.177,,,,,,,,,,,,,,,,
754,1,DDP,Verduras,Verduras,,,2065,,,,,,25.4168,,,,,,,,,,,,,,,,
754,1,DDP,Verduras,Verduras,,,2066,,,,,,25.6567,,,,,,,,,,,,,,,,
754,1,DDP,Verduras,Verduras,,,2067,,,,,,25.8965,,,,,,,,,,,,,,,,
754,1,DDP,Verduras,Verduras,,,2068,,,,,,26.1363,,,,,,,,,,,,,,,,
754,1,DDP,Verduras,Verduras,,,2069,,,,,,26.3761,,,,,,,,,,,,,,,,
754,1,DDP,Verduras,Verduras,,,2070,,,,,,26.6159,,,,,,,,,,,,,,,,
754,1,DDP,Floricolas,Floricolas,,,2018,,,,,,72.6562,,,,,,,,,,,,,,,,
754,1,DDP,Floricolas,Floricolas,,,2019,,,,,,60.8222,,,,,,,,,,,,,,,,
754,1,DDP,Floricolas,Floricolas,,,2020,,,,,,79.5358,,,,,,,,,,,,,,,,
754,1,DDP,Floricolas,Floricolas,,,2021,,,,,,63.0114,,,,,,,,,,,,,,,,
754,1,DDP,Floricolas,Floricolas,,,2022,,,,,,64.1914,,,,,,,,,,,,,,,,
754,1,DDP,Floricolas,Floricolas,,,2023,,,,,,66.1172,,,,,,,,,,,,,,,,
754,1,DDP,Floricolas,Floricolas,,,2024,,,,,,67.1505,,,,,,,,,,,,,,,,
754,1,DDP,Floricolas,Floricolas,,,2025,,,,,,68.1837,,,,,,,,,,,,,,,,
754,1,DDP,Floricolas,Floricolas,,,2026,,,,,,69.217,,,,,,,,,,,,,,,,
754,1,DDP,Floricolas,Floricolas,,,2027,,,,,,70.2503,,,,,,,,,,,,,,,,
754,1,DDP,Floricolas,Floricolas,,,2028,,,,,,71.2836,,,,,,,,,,,,,,,,
754,1,DDP,Floricolas,Floricolas,,,2029,,,,,,72.3169,,,,,,,,,,,,,,,,
754,1,DDP,Floricolas,Floricolas,,,2030,,,,,,73.3502,,,,,,,,,,,,,,,,
754,1,DDP,Floricolas,Floricolas,,,2031,,,,,,74.3835,,,,,,,,,,,,,,,,
754,1,DDP,Floricolas,Floricolas,,,2032,,,,,,75.4168,,,,,,,,,,,,,,,,
754,1,DDP,Floricolas,Floricolas,,,2033,,,,,,76.4501,,,,,,,,,,,,,,,,
754,1,DDP,Floricolas,Floricolas,,,2034,,,,,,77.4834,,,,,,,,,,,,,,,,
754,1,DDP,Floricolas,Floricolas,,,2035,,,,,,78.5167,,,,,,,,,,,,,,,,
754,1,DDP,Floricolas,Floricolas,,,2036,,,,,,79.55,,,,,,,,,,,,,,,,
754,1,DDP,Floricolas,Floricolas,,,2037,,,,,,80.5833,,,,,,,,,,,,,,,,
754,1,DDP,Floricolas,Floricolas,,,2038,,,,,,81.6166,,,,,,,,,,,,,,,,
754,1,DDP,Floricolas,Floricolas,,,2039,,,,,,82.6499,,,,,,,,,,,,,,,,
754,1,DDP,Floricolas,Floricolas,,,2040,,,,,,83.6832,,,,,,,,,,,,,,,,
754,1,DDP,Floricolas,Floricolas,,,2041,,,,,,84.7165,,,,,,,,,,,,,,,,
754,1,DDP,Floricolas,Floricolas,,,2042,,,,,,85.7498,,,,,,,,,,,,,,,,
754,1,DDP,Floricolas,Floricolas,,,2043,,,,,,86.7831,,,,,,,,,,,,,,,,
754,1,DDP,Floricolas,Floricolas,,,2044,,,,,,87.8164,,,,,,,,,,,,,,,,
754,1,DDP,Floricolas,Floricolas,,,2045,,,,,,88.8496,,,,,,,,,,,,,,,,
754,1,DDP,Floricolas,Floricolas,,,2046,,,,,,89.8829,,,,,,,,,,,,,,,,
754,1,DDP,Floricolas,Floricolas,,,2047,,,,,,90.9162,,,,,,,,,,,,,,,,
754,1,DDP,Floricolas,Floricolas,,,2048,,,,,,91.9495,,,,,,,,,,,,,,,,
754,1,DDP,Floricolas,Floricolas,,,2049,,,,,,92.9828,,,,,,,,,,,,,,,,
754,1,DDP,Floricolas,Floricolas,,,2050,,,,,,94.0161,,,,,,,,,,,,,,,,
754,1,DDP,Floricolas,Floricolas,,,2051,,,,,,95.0494,,,,,,,,,,,,,,,,
754,1,DDP,Floricolas,Floricolas,,,2052,,,,,,96.0827,,,,,,,,,,,,,,,,
754,1,DDP,Floricolas,Floricolas,,,2053,,,,,,97.116,,,,,,,,,,,,,,,,
754,1,DDP,Floricolas,Floricolas,,,2054,,,,,,98.1493,,,,,,,,,,,,,,,,
754,1,DDP,Floricolas,Floricolas,,,2055,,,,,,99.1826,,,,,,,,,,,,,,,,
754,1,DDP,Floricolas,Floricolas,,,2056,,,,,,100.2159,,,,,,,,,,,,,,,,
754,1,DDP,Floricolas,Floricolas,,,2057,,,,,,101.2492,,,,,,,,,,,,,,,,
754,1,DDP,Floricolas,Floricolas,,,2058,,,,,,102.2825,,,,,,,,,,,,,,,,
754,1,DDP,Floricolas,Floricolas,,,2059,,,,,,103.3158,,,,,,,,,,,,,,,,
754,1,DDP,Floricolas,Floricolas,,,2060,,,,,,104.3491,,,,,,,,,,,,,,,,
754,1,DDP,Floricolas,Floricolas,,,2061,,,,,,105.3824,,,,,,,,,,,,,,,,
754,1,DDP,Floricolas,Floricolas,,,2062,,,,,,106.4157,,,,,,,,,,,,,,,,
754,1,DDP,Floricolas,Floricolas,,,2063,,,,,,107.449,,,,,,,,,,,,,,,,
754,1,DDP,Floricolas,Floricolas,,,2064,,,,,,108.4823,,,,,,,,,,,,,,,,
754,1,DDP,Floricolas,Floricolas,,,2065,,,,,,109.5155,,,,,,,,,,,,,,,,
754,1,DDP,Floricolas,Floricolas,,,2066,,,,,,110.5488,,,,,,,,,,,,,,,,
754,1,DDP,Floricolas,Floricolas,,,2067,,,,,,111.5821,,,,,,,,,,,,,,,,
754,1,DDP,Floricolas,Floricolas,,,2068,,,,,,112.6154,,,,,,,,,,,,,,,,
754,1,DDP,Floricolas,Floricolas,,,2069,,,,,,113.6487,,,,,,,,,,,,,,,,
754,1,DDP,Floricolas,Floricolas,,,2070,,,,,,114.682,,,,,,,,,,,,,,,,
754,1,DDP,Otros_cultivos,Otros_cultivos,,,2018,,,,,,1.0,,,,,,,,,,,,,,,,
754,1,DDP,Otros_cultivos,Otros_cultivos,,,2019,,,,,,1.0,,,,,,,,,,,,,,,,
754,1,DDP,Otros_cultivos,Otros_cultivos,,,2020,,,,,,1.0,,,,,,,,,,,,,,,,
754,1,DDP,Otros_cultivos,Otros_cultivos,,,2021,,,,,,1.0,,,,,,,,,,,,,,,,
754,1,DDP,Otros_cultivos,Otros_cultivos,,,2022,,,,,,1.0,,,,,,,,,,,,,,,,
754,1,DDP,Otros_cultivos,Otros_cultivos,,,2023,,,,,,1.0,,,,,,,,,,,,,,,,
754,1,DDP,Otros_cultivos,Otros_cultivos,,,2024,,,,,,1.0,,,,,,,,,,,,,,,,
754,1,DDP,Otros_cultivos,Otros_cultivos,,,2025,,,,,,1.0,,,,,,,,,,,,,,,,
754,1,DDP,Otros_cultivos,Otros_cultivos,,,2026,,,,,,1.0,,,,,,,,,,,,,,,,
754,1,DDP,Otros_cultivos,Otros_cultivos,,,2027,,,,,,1.0,,,,,,,,,,,,,,,,
754,1,DDP,Otros_cultivos,Otros_cultivos,,,2028,,,,,,1.0,,,,,,,,,,,,,,,,
754,1,DDP,Otros_cultivos,Otros_cultivos,,,2029,,,,,,1.0,,,,,,,,,,,,,,,,
754,1,DDP,Otros_cultivos,Otros_cultivos,,,2030,,,,,,1.0,,,,,,,,,,,,,,,,
754,1,DDP,Otros_cultivos,Otros_cultivos,,,2031,,,,,,1.0,,,,,,,,,,,,,,,,
754,1,DDP,Otros_cultivos,Otros_cultivos,,,2032,,,,,,1.0,,,,,,,,,,,,,,,,
754,1,DDP,Otros_cultivos,Otros_cultivos,,,2033,,,,,,1.0,,,,,,,,,,,,,,,,
754,1,DDP,Otros_cultivos,Otros_cultivos,,,2034,,,,,,1.0,,,,,,,,,,,,,,,,
754,1,DDP,Otros_cultivos,Otros_cultivos,,,2035,,,,,,1.0,,,,,,,,,,,,,,,,
754,1,DDP,Otros_cultivos,Otros_cultivos,,,2036,,,,,,1.0,,,,,,,,,,,,,,,,
754,1,DDP,Otros_cultivos,Otros_cultivos,,,2037,,,,,,1.0,,,,,,,,,,,,,,,,
754,1,DDP,Otros_cultivos,Otros_cultivos,,,2038,,,,,,1.0,,,,,,,,,,,,,,,,
754,1,DDP,Otros_cultivos,Otros_cultivos,,,2039,,,,,,1.0,,,,,,,,,,,,,,,,
754,1,DDP,Otros_cultivos,Otros_cultivos,,,2040,,,,,,1.0,,,,,,,,,,,,,,,,
754,1,DDP,Otros_cultivos,Otros_cultivos,,,2041,,,,,,1.0,,,,,,,,,,,,,,,,
754,1,DDP,Otros_cultivos,Otros_cultivos,,,2042,,,,,,1.0,,,,,,,,,,,,,,,,
754,1,DDP,Otros_cultivos,Otros_cultivos,,,2043,,,,,,1.0,,,,,,,,,,,,,,,,
754,1,DDP,Otros_cultivos,Otros_cultivos,,,2044,,,,,,1.0,,,,,,,,,,,,,,,,
754,1,DDP,Otros_cultivos,Otros_cultivos,,,2045,,,,,,1.0,,,,,,,,,,,,,,,,
754,1,DDP,Otros_cultivos,Otros_cultivos,,,2046,,,,,,1.0,,,,,,,,,,,,,,,,
754,1,DDP,Otros_cultivos,Otros_cultivos,,,2047,,,,,,1.0,,,,,,,,,,,,,,,,
754,1,DDP,Otros_cultivos,Otros_cultivos,,,2048,,,,,,1.0,,,,,,,,,,,,,,,,
754,1,DDP,Otros_cultivos,Otros_cultivos,,,2049,,,,,,1.0,,,,,,,,,,,,,,,,
754,1,DDP,Otros_cultivos,Otros_cultivos,,,2050,,,,,,1.0,,,,,,,,,,,,,,,,
754,1,DDP,Otros_cultivos,Otros_cultivos,,,2051,,,,,,1.0,,,,,,,,,,,,,,,,
754,1,DDP,Otros_cultivos,Otros_cultivos,,,2052,,,,,,1.0,,,,,,,,,,,,,,,,
754,1,DDP,Otros_cultivos,Otros_cultivos,,,2053,,,,,,1.0,,,,,,,,,,,,,,,,
754,1,DDP,Otros_cultivos,Otros_cultivos,,,2054,,,,,,1.0,,,,,,,,,,,,,,,,
754,1,DDP,Otros_cultivos,Otros_cultivos,,,2055,,,,,,1.0,,,,,,,,,,,,,,,,
754,1,DDP,Otros_cultivos,Otros_cultivos,,,2056,,,,,,1.0,,,,,,,,,,,,,,,,
754,1,DDP,Otros_cultivos,Otros_cultivos,,,2057,,,,,,1.0,,,,,,,,,,,,,,,,
754,1,DDP,Otros_cultivos,Otros_cultivos,,,2058,,,,,,1.0,,,,,,,,,,,,,,,,
754,1,DDP,Otros_cultivos,Otros_cultivos,,,2059,,,,,,1.0,,,,,,,,,,,,,,,,
754,1,DDP,Otros_cultivos,Otros_cultivos,,,2060,,,,,,1.0,,,,,,,,,,,,,,,,
754,1,DDP,Otros_cultivos,Otros_cultivos,,,2061,,,,,,1.0,,,,,,,,,,,,,,,,
754,1,DDP,Otros_cultivos,Otros_cultivos,,,2062,,,,,,1.0,,,,,,,,,,,,,,,,
754,1,DDP,Otros_cultivos,Otros_cultivos,,,2063,,,,,,1.0,,,,,,,,,,,,,,,,
754,1,DDP,Otros_cultivos,Otros_cultivos,,,2064,,,,,,1.0,,,,,,,,,,,,,,,,
754,1,DDP,Otros_cultivos,Otros_cultivos,,,2065,,,,,,1.0,,,,,,,,,,,,,,,,
754,1,DDP,Otros_cultivos,Otros_cultivos,,,2066,,,,,,1.0,,,,,,,,,,,,,,,,
754,1,DDP,Otros_cultivos,Otros_cultivos,,,2067,,,,,,1.0,,,,,,,,,,,,,,,,
754,1,DDP,Otros_cultivos,Otros_cultivos,,,2068,,,,,,1.0,,,,,,,,,,,,,,,,
754,1,DDP,Otros_cultivos,Otros_cultivos,,,2069,,,,,,1.0,,,,,,,,,,,,,,,,
754,1,DDP,Otros_cultivos,Otros_cultivos,,,2070,,,,,,1.0,,,,,,,,,,,,,,,,
754,1,DDP,Dem_Banano,Dem_Banano,,,2018,,,,,,1.0,,,,,,,,,,,,,,,,
754,1,DDP,Dem_Banano,Dem_Banano,,,2019,,,,,,1.0,,,,,,,,,,,,,,,,
754,1,DDP,Dem_Banano,Dem_Banano,,,2020,,,,,,1.0,,,,,,,,,,,,,,,,
754,1,DDP,Dem_Banano,Dem_Banano,,,2021,,,,,,1.0,,,,,,,,,,,,,,,,
754,1,DDP,Dem_Banano,Dem_Banano,,,2022,,,,,,1.0,,,,,,,,,,,,,,,,
754,1,DDP,Dem_Banano,Dem_Banano,,,2023,,,,,,1.0,,,,,,,,,,,,,,,,
754,1,DDP,Dem_Banano,Dem_Banano,,,2024,,,,,,1.0,,,,,,,,,,,,,,,,
754,1,DDP,Dem_Banano,Dem_Banano,,,2025,,,,,,1.0,,,,,,,,,,,,,,,,
754,1,DDP,Dem_Banano,Dem_Banano,,,2026,,,,,,1.0,,,,,,,,,,,,,,,,
754,1,DDP,Dem_Banano,Dem_Banano,,,2027,,,,,,1.0,,,,,,,,,,,,,,,,
754,1,DDP,Dem_Banano,Dem_Banano,,,2028,,,,,,1.0,,,,,,,,,,,,,,,,
754,1,DDP,Dem_Banano,Dem_Banano,,,2029,,,,,,1.0,,,,,,,,,,,,,,,,
754,1,DDP,Dem_Banano,Dem_Banano,,,2030,,,,,,1.0,,,,,,,,,,,,,,,,
754,1,DDP,Dem_Banano,Dem_Banano,,,2031,,,,,,1.0,,,,,,,,,,,,,,,,
754,1,DDP,Dem_Banano,Dem_Banano,,,2032,,,,,,1.0,,,,,,,,,,,,,,,,
754,1,DDP,Dem_Banano,Dem_Banano,,,2033,,,,,,1.0,,,,,,,,,,,,,,,,
754,1,DDP,Dem_Banano,Dem_Banano,,,2034,,,,,,1.0,,,,,,,,,,,,,,,,
754,1,DDP,Dem_Banano,Dem_Banano,,,2035,,,,,,1.0,,,,,,,,,,,,,,,,
754,1,DDP,Dem_Banano,Dem_Banano,,,2036,,,,,,1.0,,,,,,,,,,,,,,,,
754,1,DDP,Dem_Banano,Dem_Banano,,,2037,,,,,,1.0,,,,,,,,,,,,,,,,
754,1,DDP,Dem_Banano,Dem_Banano,,,2038,,,,,,1.0,,,,,,,,,,,,,,,,
754,1,DDP,Dem_Banano,Dem_Banano,,,2039,,,,,,1.0,,,,,,,,,,,,,,,,
754,1,DDP,Dem_Banano,Dem_Banano,,,2040,,,,,,1.0,,,,,,,,,,,,,,,,
754,1,DDP,Dem_Banano,Dem_Banano,,,2041,,,,,,1.0,,,,,,,,,,,,,,,,
754,1,DDP,Dem_Banano,Dem_Banano,,,2042,,,,,,1.0,,,,,,,,,,,,,,,,
754,1,DDP,Dem_Banano,Dem_Banano,,,2043,,,,,,1.0,,,,,,,,,,,,,,,,
754,1,DDP,Dem_Banano,Dem_Banano,,,2044,,,,,,1.0,,,,,,,,,,,,,,,,
754,1,DDP,Dem_Banano,Dem_Banano,,,2045,,,,,,1.0,,,,,,,,,,,,,,,,
754,1,DDP,Dem_Banano,Dem_Banano,,,2046,,,,,,1.0,,,,,,,,,,,,,,,,
754,1,DDP,Dem_Banano,Dem_Banano,,,2047,,,,,,1.0,,,,,,,,,,,,,,,,
754,1,DDP,Dem_Banano,Dem_Banano,,,2048,,,,,,1.0,,,,,,,,,,,,,,,,
754,1,DDP,Dem_Banano,Dem_Banano,,,2049,,,,,,1.0,,,,,,,,,,,,,,,,
754,1,DDP,Dem_Banano,Dem_Banano,,,2050,,,,,,1.0,,,,,,,,,,,,,,,,
754,1,DDP,Dem_Banano,Dem_Banano,,,2051,,,,,,1.0,,,,,,,,,,,,,,,,
754,1,DDP,Dem_Banano,Dem_Banano,,,2052,,,,,,1.0,,,,,,,,,,,,,,,,
754,1,DDP,Dem_Banano,Dem_Banano,,,2053,,,,,,1.0,,,,,,,,,,,,,,,,
754,1,DDP,Dem_Banano,Dem_Banano,,,2054,,,,,,1.0,,,,,,,,,,,,,,,,
754,1,DDP,Dem_Banano,Dem_Banano,,,2055,,,,,,1.0,,,,,,,,,,,,,,,,
754,1,DDP,Dem_Banano,Dem_Banano,,,2056,,,,,,1.0,,,,,,,,,,,,,,,,
754,1,DDP,Dem_Banano,Dem_Banano,,,2057,,,,,,1.0,,,,,,,,,,,,,,,,
754,1,DDP,Dem_Banano,Dem_Banano,,,2058,,,,,,1.0,,,,,,,,,,,,,,,,
754,1,DDP,Dem_Banano,Dem_Banano,,,2059,,,,,,1.0,,,,,,,,,,,,,,,,
754,1,DDP,Dem_Banano,Dem_Banano,,,2060,,,,,,1.0,,,,,,,,,,,,,,,,
754,1,DDP,Dem_Banano,Dem_Banano,,,2061,,,,,,1.0,,,,,,,,,,,,,,,,
754,1,DDP,Dem_Banano,Dem_Banano,,,2062,,,,,,1.0,,,,,,,,,,,,,,,,
754,1,DDP,Dem_Banano,Dem_Banano,,,2063,,,,,,1.0,,,,,,,,,,,,,,,,
754,1,DDP,Dem_Banano,Dem_Banano,,,2064,,,,,,1.0,,,,,,,,,,,,,,,,
754,1,DDP,Dem_Banano,Dem_Banano,,,2065,,,,,,1.0,,,,,,,,,,,,,,,,
754,1,DDP,Dem_Banano,Dem_Banano,,,2066,,,,,,1.0,,,,,,,,,,,,,,,,
754,1,DDP,Dem_Banano,Dem_Banano,,,2067,,,,,,1.0,,,,,,,,,,,,,,,,
754,1,DDP,Dem_Banano,Dem_Banano,,,2068,,,,,,1.0,,,,,,,,,,,,,,,,
754,1,DDP,Dem_Banano,Dem_Banano,,,2069,,,,,,1.0,,,,,,,,,,,,,,,,
754,1,DDP,Dem_Banano,Dem_Banano,,,2070,,,,,,1.0,,,,,,,,,,,,,,,,
754,1,DDP,Dem_Arroz,Dem_Arroz,,,2018,,,,,,1.0,,,,,,,,,,,,,,,,
754,1,DDP,Dem_Arroz,Dem_Arroz,,,2019,,,,,,1.0,,,,,,,,,,,,,,,,
754,1,DDP,Dem_Arroz,Dem_Arroz,,,2020,,,,,,1.0,,,,,,,,,,,,,,,,
754,1,DDP,Dem_Arroz,Dem_Arroz,,,2021,,,,,,1.0,,,,,,,,,,,,,,,,
754,1,DDP,Dem_Arroz,Dem_Arroz,,,2022,,,,,,1.0,,,,,,,,,,,,,,,,
754,1,DDP,Dem_Arroz,Dem_Arroz,,,2023,,,,,,1.0,,,,,,,,,,,,,,,,
754,1,DDP,Dem_Arroz,Dem_Arroz,,,2024,,,,,,1.0,,,,,,,,,,,,,,,,
754,1,DDP,Dem_Arroz,Dem_Arroz,,,2025,,,,,,1.0,,,,,,,,,,,,,,,,
754,1,DDP,Dem_Arroz,Dem_Arroz,,,2026,,,,,,1.0,,,,,,,,,,,,,,,,
754,1,DDP,Dem_Arroz,Dem_Arroz,,,2027,,,,,,1.0,,,,,,,,,,,,,,,,
754,1,DDP,Dem_Arroz,Dem_Arroz,,,2028,,,,,,1.0,,,,,,,,,,,,,,,,
754,1,DDP,Dem_Arroz,Dem_Arroz,,,2029,,,,,,1.0,,,,,,,,,,,,,,,,
754,1,DDP,Dem_Arroz,Dem_Arroz,,,2030,,,,,,1.0,,,,,,,,,,,,,,,,
754,1,DDP,Dem_Arroz,Dem_Arroz,,,2031,,,,,,1.0,,,,,,,,,,,,,,,,
754,1,DDP,Dem_Arroz,Dem_Arroz,,,2032,,,,,,1.0,,,,,,,,,,,,,,,,
754,1,DDP,Dem_Arroz,Dem_Arroz,,,2033,,,,,,1.0,,,,,,,,,,,,,,,,
754,1,DDP,Dem_Arroz,Dem_Arroz,,,2034,,,,,,1.0,,,,,,,,,,,,,,,,
754,1,DDP,Dem_Arroz,Dem_Arroz,,,2035,,,,,,1.0,,,,,,,,,,,,,,,,
754,1,DDP,Dem_Arroz,Dem_Arroz,,,2036,,,,,,1.0,,,,,,,,,,,,,,,,
754,1,DDP,Dem_Arroz,Dem_Arroz,,,2037,,,,,,1.0,,,,,,,,,,,,,,,,
754,1,DDP,Dem_Arroz,Dem_Arroz,,,2038,,,,,,1.0,,,,,,,,,,,,,,,,
754,1,DDP,Dem_Arroz,Dem_Arroz,,,2039,,,,,,1.0,,,,,,,,,,,,,,,,
754,1,DDP,Dem_Arroz,Dem_Arroz,,,2040,,,,,,1.0,,,,,,,,,,,,,,,,
754,1,DDP,Dem_Arroz,Dem_Arroz,,,2041,,,,,,1.0,,,,,,,,,,,,,,,,
754,1,DDP,Dem_Arroz,Dem_Arroz,,,2042,,,,,,1.0,,,,,,,,,,,,,,,,
754,1,DDP,Dem_Arroz,Dem_Arroz,,,2043,,,,,,1.0,,,,,,,,,,,,,,,,
754,1,DDP,Dem_Arroz,Dem_Arroz,,,2044,,,,,,1.0,,,,,,,,,,,,,,,,
754,1,DDP,Dem_Arroz,Dem_Arroz,,,2045,,,,,,1.0,,,,,,,,,,,,,,,,
754,1,DDP,Dem_Arroz,Dem_Arroz,,,2046,,,,,,1.0,,,,,,,,,,,,,,,,
754,1,DDP,Dem_Arroz,Dem_Arroz,,,2047,,,,,,1.0,,,,,,,,,,,,,,,,
754,1,DDP,Dem_Arroz,Dem_Arroz,,,2048,,,,,,1.0,,,,,,,,,,,,,,,,
754,1,DDP,Dem_Arroz,Dem_Arroz,,,2049,,,,,,1.0,,,,,,,,,,,,,,,,
754,1,DDP,Dem_Arroz,Dem_Arroz,,,2050,,,,,,1.0,,,,,,,,,,,,,,,,
754,1,DDP,Dem_Arroz,Dem_Arroz,,,2051,,,,,,1.0,,,,,,,,,,,,,,,,
754,1,DDP,Dem_Arroz,Dem_Arroz,,,2052,,,,,,1.0,,,,,,,,,,,,,,,,
754,1,DDP,Dem_Arroz,Dem_Arroz,,,2053,,,,,,1.0,,,,,,,,,,,,,,,,
754,1,DDP,Dem_Arroz,Dem_Arroz,,,2054,,,,,,1.0,,,,,,,,,,,,,,,,
754,1,DDP,Dem_Arroz,Dem_Arroz,,,2055,,,,,,1.0,,,,,,,,,,,,,,,,
754,1,DDP,Dem_Arroz,Dem_Arroz,,,2056,,,,,,1.0,,,,,,,,,,,,,,,,
754,1,DDP,Dem_Arroz,Dem_Arroz,,,2057,,,,,,1.0,,,,,,,,,,,,,,,,
754,1,DDP,Dem_Arroz,Dem_Arroz,,,2058,,,,,,1.0,,,,,,,,,,,,,,,,
754,1,DDP,Dem_Arroz,Dem_Arroz,,,2059,,,,,,1.0,,,,,,,,,,,,,,,,
754,1,DDP,Dem_Arroz,Dem_Arroz,,,2060,,,,,,1.0,,,,,,,,,,,,,,,,
754,1,DDP,Dem_Arroz,Dem_Arroz,,,2061,,,,,,1.0,,,,,,,,,,,,,,,,
754,1,DDP,Dem_Arroz,Dem_Arroz,,,2062,,,,,,1.0,,,,,,,,,,,,,,,,
754,1,DDP,Dem_Arroz,Dem_Arroz,,,2063,,,,,,1.0,,,,,,,,,,,,,,,,
754,1,DDP,Dem_Arroz,Dem_Arroz,,,2064,,,,,,1.0,,,,,,,,,,,,,,,,
754,1,DDP,Dem_Arroz,Dem_Arroz,,,2065,,,,,,1.0,,,,,,,,,,,,,,,,
754,1,DDP,Dem_Arroz,Dem_Arroz,,,2066,,,,,,1.0,,,,,,,,,,,,,,,,
754,1,DDP,Dem_Arroz,Dem_Arroz,,,2067,,,,,,1.0,,,,,,,,,,,,,,,,
754,1,DDP,Dem_Arroz,Dem_Arroz,,,2068,,,,,,1.0,,,,,,,,,,,,,,,,
754,1,DDP,Dem_Arroz,Dem_Arroz,,,2069,,,,,,1.0,,,,,,,,,,,,,,,,
754,1,DDP,Dem_Arroz,Dem_Arroz,,,2070,,,,,,1.0,,,,,,,,,,,,,,,,
754,1,DDP,Dem_Cacao,Dem_Cacao,,,2018,,,,,,1.0,,,,,,,,,,,,,,,,
754,1,DDP,Dem_Cacao,Dem_Cacao,,,2019,,,,,,1.0,,,,,,,,,,,,,,,,
754,1,DDP,Dem_Cacao,Dem_Cacao,,,2020,,,,,,1.0,,,,,,,,,,,,,,,,
754,1,DDP,Dem_Cacao,Dem_Cacao,,,2021,,,,,,1.0,,,,,,,,,,,,,,,,
754,1,DDP,Dem_Cacao,Dem_Cacao,,,2022,,,,,,1.0,,,,,,,,,,,,,,,,
754,1,DDP,Dem_Cacao,Dem_Cacao,,,2023,,,,,,1.0,,,,,,,,,,,,,,,,
754,1,DDP,Dem_Cacao,Dem_Cacao,,,2024,,,,,,1.0,,,,,,,,,,,,,,,,
754,1,DDP,Dem_Cacao,Dem_Cacao,,,2025,,,,,,1.0,,,,,,,,,,,,,,,,
754,1,DDP,Dem_Cacao,Dem_Cacao,,,2026,,,,,,1.0,,,,,,,,,,,,,,,,
754,1,DDP,Dem_Cacao,Dem_Cacao,,,2027,,,,,,1.0,,,,,,,,,,,,,,,,
754,1,DDP,Dem_Cacao,Dem_Cacao,,,2028,,,,,,1.0,,,,,,,,,,,,,,,,
754,1,DDP,Dem_Cacao,Dem_Cacao,,,2029,,,,,,1.0,,,,,,,,,,,,,,,,
754,1,DDP,Dem_Cacao,Dem_Cacao,,,2030,,,,,,1.0,,,,,,,,,,,,,,,,
754,1,DDP,Dem_Cacao,Dem_Cacao,,,2031,,,,,,1.0,,,,,,,,,,,,,,,,
754,1,DDP,Dem_Cacao,Dem_Cacao,,,2032,,,,,,1.0,,,,,,,,,,,,,,,,
754,1,DDP,Dem_Cacao,Dem_Cacao,,,2033,,,,,,1.0,,,,,,,,,,,,,,,,
754,1,DDP,Dem_Cacao,Dem_Cacao,,,2034,,,,,,1.0,,,,,,,,,,,,,,,,
754,1,DDP,Dem_Cacao,Dem_Cacao,,,2035,,,,,,1.0,,,,,,,,,,,,,,,,
754,1,DDP,Dem_Cacao,Dem_Cacao,,,2036,,,,,,1.0,,,,,,,,,,,,,,,,
754,1,DDP,Dem_Cacao,Dem_Cacao,,,2037,,,,,,1.0,,,,,,,,,,,,,,,,
754,1,DDP,Dem_Cacao,Dem_Cacao,,,2038,,,,,,1.0,,,,,,,,,,,,,,,,
754,1,DDP,Dem_Cacao,Dem_Cacao,,,2039,,,,,,1.0,,,,,,,,,,,,,,,,
754,1,DDP,Dem_Cacao,Dem_Cacao,,,2040,,,,,,1.0,,,,,,,,,,,,,,,,
754,1,DDP,Dem_Cacao,Dem_Cacao,,,2041,,,,,,1.0,,,,,,,,,,,,,,,,
754,1,DDP,Dem_Cacao,Dem_Cacao,,,2042,,,,,,1.0,,,,,,,,,,,,,,,,
754,1,DDP,Dem_Cacao,Dem_Cacao,,,2043,,,,,,1.0,,,,,,,,,,,,,,,,
754,1,DDP,Dem_Cacao,Dem_Cacao,,,2044,,,,,,1.0,,,,,,,,,,,,,,,,
754,1,DDP,Dem_Cacao,Dem_Cacao,,,2045,,,,,,1.0,,,,,,,,,,,,,,,,
754,1,DDP,Dem_Cacao,Dem_Cacao,,,2046,,,,,,1.0,,,,,,,,,,,,,,,,
754,1,DDP,Dem_Cacao,Dem_Cacao,,,2047,,,,,,1.0,,,,,,,,,,,,,,,,
754,1,DDP,Dem_Cacao,Dem_Cacao,,,2048,,,,,,1.0,,,,,,,,,,,,,,,,
754,1,DDP,Dem_Cacao,Dem_Cacao,,,2049,,,,,,1.0,,,,,,,,,,,,,,,,
754,1,DDP,Dem_Cacao,Dem_Cacao,,,2050,,,,,,1.0,,,,,,,,,,,,,,,,
754,1,DDP,Dem_Cacao,Dem_Cacao,,,2051,,,,,,1.0,,,,,,,,,,,,,,,,
754,1,DDP,Dem_Cacao,Dem_Cacao,,,2052,,,,,,1.0,,,,,,,,,,,,,,,,
754,1,DDP,Dem_Cacao,Dem_Cacao,,,2053,,,,,,1.0,,,,,,,,,,,,,,,,
754,1,DDP,Dem_Cacao,Dem_Cacao,,,2054,,,,,,1.0,,,,,,,,,,,,,,,,
754,1,DDP,Dem_Cacao,Dem_Cacao,,,2055,,,,,,1.0,,,,,,,,,,,,,,,,
754,1,DDP,Dem_Cacao,Dem_Cacao,,,2056,,,,,,1.0,,,,,,,,,,,,,,,,
754,1,DDP,Dem_Cacao,Dem_Cacao,,,2057,,,,,,1.0,,,,,,,,,,,,,,,,
754,1,DDP,Dem_Cacao,Dem_Cacao,,,2058,,,,,,1.0,,,,,,,,,,,,,,,,
754,1,DDP,Dem_Cacao,Dem_Cacao,,,2059,,,,,,1.0,,,,,,,,,,,,,,,,
754,1,DDP,Dem_Cacao,Dem_Cacao,,,2060,,,,,,1.0,,,,,,,,,,,,,,,,
754,1,DDP,Dem_Cacao,Dem_Cacao,,,2061,,,,,,1.0,,,,,,,,,,,,,,,,
754,1,DDP,Dem_Cacao,Dem_Cacao,,,2062,,,,,,1.0,,,,,,,,,,,,,,,,
754,1,DDP,Dem_Cacao,Dem_Cacao,,,2063,,,,,,1.0,,,,,,,,,,,,,,,,
754,1,DDP,Dem_Cacao,Dem_Cacao,,,2064,,,,,,1.0,,,,,,,,,,,,,,,,
754,1,DDP,Dem_Cacao,Dem_Cacao,,,2065,,,,,,1.0,,,,,,,,,,,,,,,,
754,1,DDP,Dem_Cacao,Dem_Cacao,,,2066,,,,,,1.0,,,,,,,,,,,,,,,,
754,1,DDP,Dem_Cacao,Dem_Cacao,,,2067,,,,,,1.0,,,,,,,,,,,,,,,,
754,1,DDP,Dem_Cacao,Dem_Cacao,,,2068,,,,,,1.0,,,,,,,,,,,,,,,,
754,1,DDP,Dem_Cacao,Dem_Cacao,,,2069,,,,,,1.0,,,,,,,,,,,,,,,,
754,1,DDP,Dem_Cacao,Dem_Cacao,,,2070,,,,,,1.0,,,,,,,,,,,,,,,,
754,1,DDP,Dem_Cafe,Dem_Cafe,,,2018,,,,,,1.0,,,,,,,,,,,,,,,,
754,1,DDP,Dem_Cafe,Dem_Cafe,,,2019,,,,,,1.0,,,,,,,,,,,,,,,,
754,1,DDP,Dem_Cafe,Dem_Cafe,,,2020,,,,,,1.0,,,,,,,,,,,,,,,,
754,1,DDP,Dem_Cafe,Dem_Cafe,,,2021,,,,,,1.0,,,,,,,,,,,,,,,,
754,1,DDP,Dem_Cafe,Dem_Cafe,,,2022,,,,,,1.0,,,,,,,,,,,,,,,,
754,1,DDP,Dem_Cafe,Dem_Cafe,,,2023,,,,,,1.0,,,,,,,,,,,,,,,,
754,1,DDP,Dem_Cafe,Dem_Cafe,,,2024,,,,,,1.0,,,,,,,,,,,,,,,,
754,1,DDP,Dem_Cafe,Dem_Cafe,,,2025,,,,,,1.0,,,,,,,,,,,,,,,,
754,1,DDP,Dem_Cafe,Dem_Cafe,,,2026,,,,,,1.0,,,,,,,,,,,,,,,,
754,1,DDP,Dem_Cafe,Dem_Cafe,,,2027,,,,,,1.0,,,,,,,,,,,,,,,,
754,1,DDP,Dem_Cafe,Dem_Cafe,,,2028,,,,,,1.0,,,,,,,,,,,,,,,,
754,1,DDP,Dem_Cafe,Dem_Cafe,,,2029,,,,,,1.0,,,,,,,,,,,,,,,,
754,1,DDP,Dem_Cafe,Dem_Cafe,,,2030,,,,,,1.0,,,,,,,,,,,,,,,,
754,1,DDP,Dem_Cafe,Dem_Cafe,,,2031,,,,,,1.0,,,,,,,,,,,,,,,,
754,1,DDP,Dem_Cafe,Dem_Cafe,,,2032,,,,,,1.0,,,,,,,,,,,,,,,,
754,1,DDP,Dem_Cafe,Dem_Cafe,,,2033,,,,,,1.0,,,,,,,,,,,,,,,,
754,1,DDP,Dem_Cafe,Dem_Cafe,,,2034,,,,,,1.0,,,,,,,,,,,,,,,,
754,1,DDP,Dem_Cafe,Dem_Cafe,,,2035,,,,,,1.0,,,,,,,,,,,,,,,,
754,1,DDP,Dem_Cafe,Dem_Cafe,,,2036,,,,,,1.0,,,,,,,,,,,,,,,,
754,1,DDP,Dem_Cafe,Dem_Cafe,,,2037,,,,,,1.0,,,,,,,,,,,,,,,,
754,1,DDP,Dem_Cafe,Dem_Cafe,,,2038,,,,,,1.0,,,,,,,,,,,,,,,,
754,1,DDP,Dem_Cafe,Dem_Cafe,,,2039,,,,,,1.0,,,,,,,,,,,,,,,,
754,1,DDP,Dem_Cafe,Dem_Cafe,,,2040,,,,,,1.0,,,,,,,,,,,,,,,,
754,1,DDP,Dem_Cafe,Dem_Cafe,,,2041,,,,,,1.0,,,,,,,,,,,,,,,,
754,1,DDP,Dem_Cafe,Dem_Cafe,,,2042,,,,,,1.0,,,,,,,,,,,,,,,,
754,1,DDP,Dem_Cafe,Dem_Cafe,,,2043,,,,,,1.0,,,,,,,,,,,,,,,,
754,1,DDP,Dem_Cafe,Dem_Cafe,,,2044,,,,,,1.0,,,,,,,,,,,,,,,,
754,1,DDP,Dem_Cafe,Dem_Cafe,,,2045,,,,,,1.0,,,,,,,,,,,,,,,,
754,1,DDP,Dem_Cafe,Dem_Cafe,,,2046,,,,,,1.0,,,,,,,,,,,,,,,,
754,1,DDP,Dem_Cafe,Dem_Cafe,,,2047,,,,,,1.0,,,,,,,,,,,,,,,,
754,1,DDP,Dem_Cafe,Dem_Cafe,,,2048,,,,,,1.0,,,,,,,,,,,,,,,,
754,1,DDP,Dem_Cafe,Dem_Cafe,,,2049,,,,,,1.0,,,,,,,,,,,,,,,,
754,1,DDP,Dem_Cafe,Dem_Cafe,,,2050,,,,,,1.0,,,,,,,,,,,,,,,,
754,1,DDP,Dem_Cafe,Dem_Cafe,,,2051,,,,,,1.0,,,,,,,,,,,,,,,,
754,1,DDP,Dem_Cafe,Dem_Cafe,,,2052,,,,,,1.0,,,,,,,,,,,,,,,,
754,1,DDP,Dem_Cafe,Dem_Cafe,,,2053,,,,,,1.0,,,,,,,,,,,,,,,,
754,1,DDP,Dem_Cafe,Dem_Cafe,,,2054,,,,,,1.0,,,,,,,,,,,,,,,,
754,1,DDP,Dem_Cafe,Dem_Cafe,,,2055,,,,,,1.0,,,,,,,,,,,,,,,,
754,1,DDP,Dem_Cafe,Dem_Cafe,,,2056,,,,,,1.0,,,,,,,,,,,,,,,,
754,1,DDP,Dem_Cafe,Dem_Cafe,,,2057,,,,,,1.0,,,,,,,,,,,,,,,,
754,1,DDP,Dem_Cafe,Dem_Cafe,,,2058,,,,,,1.0,,,,,,,,,,,,,,,,
754,1,DDP,Dem_Cafe,Dem_Cafe,,,2059,,,,,,1.0,,,,,,,,,,,,,,,,
754,1,DDP,Dem_Cafe,Dem_Cafe,,,2060,,,,,,1.0,,,,,,,,,,,,,,,,
754,1,DDP,Dem_Cafe,Dem_Cafe,,,2061,,,,,,1.0,,,,,,,,,,,,,,,,
754,1,DDP,Dem_Cafe,Dem_Cafe,,,2062,,,,,,1.0,,,,,,,,,,,,,,,,
754,1,DDP,Dem_Cafe,Dem_Cafe,,,2063,,,,,,1.0,,,,,,,,,,,,,,,,
754,1,DDP,Dem_Cafe,Dem_Cafe,,,2064,,,,,,1.0,,,,,,,,,,,,,,,,
754,1,DDP,Dem_Cafe,Dem_Cafe,,,2065,,,,,,1.0,,,,,,,,,,,,,,,,
754,1,DDP,Dem_Cafe,Dem_Cafe,,,2066,,,,,,1.0,,,,,,,,,,,,,,,,
754,1,DDP,Dem_Cafe,Dem_Cafe,,,2067,,,,,,1.0,,,,,,,,,,,,,,,,
754,1,DDP,Dem_Cafe,Dem_Cafe,,,2068,,,,,,1.0,,,,,,,,,,,,,,,,
754,1,DDP,Dem_Cafe,Dem_Cafe,,,2069,,,,,,1.0,,,,,,,,,,,,,,,,
754,1,DDP,Dem_Cafe,Dem_Cafe,,,2070,,,,,,1.0,,,,,,,,,,,,,,,,
754,1,DDP,Dem_Cana,Dem_Cana,,,2018,,,,,,1.0,,,,,,,,,,,,,,,,
754,1,DDP,Dem_Cana,Dem_Cana,,,2019,,,,,,1.0,,,,,,,,,,,,,,,,
754,1,DDP,Dem_Cana,Dem_Cana,,,2020,,,,,,1.0,,,,,,,,,,,,,,,,
754,1,DDP,Dem_Cana,Dem_Cana,,,2021,,,,,,1.0,,,,,,,,,,,,,,,,
754,1,DDP,Dem_Cana,Dem_Cana,,,2022,,,,,,1.0,,,,,,,,,,,,,,,,
754,1,DDP,Dem_Cana,Dem_Cana,,,2023,,,,,,1.0,,,,,,,,,,,,,,,,
754,1,DDP,Dem_Cana,Dem_Cana,,,2024,,,,,,1.0,,,,,,,,,,,,,,,,
754,1,DDP,Dem_Cana,Dem_Cana,,,2025,,,,,,1.0,,,,,,,,,,,,,,,,
754,1,DDP,Dem_Cana,Dem_Cana,,,2026,,,,,,1.0,,,,,,,,,,,,,,,,
754,1,DDP,Dem_Cana,Dem_Cana,,,2027,,,,,,1.0,,,,,,,,,,,,,,,,
754,1,DDP,Dem_Cana,Dem_Cana,,,2028,,,,,,1.0,,,,,,,,,,,,,,,,
754,1,DDP,Dem_Cana,Dem_Cana,,,2029,,,,,,1.0,,,,,,,,,,,,,,,,
754,1,DDP,Dem_Cana,Dem_Cana,,,2030,,,,,,1.0,,,,,,,,,,,,,,,,
754,1,DDP,Dem_Cana,Dem_Cana,,,2031,,,,,,1.0,,,,,,,,,,,,,,,,
754,1,DDP,Dem_Cana,Dem_Cana,,,2032,,,,,,1.0,,,,,,,,,,,,,,,,
754,1,DDP,Dem_Cana,Dem_Cana,,,2033,,,,,,1.0,,,,,,,,,,,,,,,,
754,1,DDP,Dem_Cana,Dem_Cana,,,2034,,,,,,1.0,,,,,,,,,,,,,,,,
754,1,DDP,Dem_Cana,Dem_Cana,,,2035,,,,,,1.0,,,,,,,,,,,,,,,,
754,1,DDP,Dem_Cana,Dem_Cana,,,2036,,,,,,1.0,,,,,,,,,,,,,,,,
754,1,DDP,Dem_Cana,Dem_Cana,,,2037,,,,,,1.0,,,,,,,,,,,,,,,,
754,1,DDP,Dem_Cana,Dem_Cana,,,2038,,,,,,1.0,,,,,,,,,,,,,,,,
754,1,DDP,Dem_Cana,Dem_Cana,,,2039,,,,,,1.0,,,,,,,,,,,,,,,,
754,1,DDP,Dem_Cana,Dem_Cana,,,2040,,,,,,1.0,,,,,,,,,,,,,,,,
754,1,DDP,Dem_Cana,Dem_Cana,,,2041,,,,,,1.0,,,,,,,,,,,,,,,,
754,1,DDP,Dem_Cana,Dem_Cana,,,2042,,,,,,1.0,,,,,,,,,,,,,,,,
754,1,DDP,Dem_Cana,Dem_Cana,,,2043,,,,,,1.0,,,,,,,,,,,,,,,,
754,1,DDP,Dem_Cana,Dem_Cana,,,2044,,,,,,1.0,,,,,,,,,,,,,,,,
754,1,DDP,Dem_Cana,Dem_Cana,,,2045,,,,,,1.0,,,,,,,,,,,,,,,,
754,1,DDP,Dem_Cana,Dem_Cana,,,2046,,,,,,1.0,,,,,,,,,,,,,,,,
754,1,DDP,Dem_Cana,Dem_Cana,,,2047,,,,,,1.0,,,,,,,,,,,,,,,,
754,1,DDP,Dem_Cana,Dem_Cana,,,2048,,,,,,1.0,,,,,,,,,,,,,,,,
754,1,DDP,Dem_Cana,Dem_Cana,,,2049,,,,,,1.0,,,,,,,,,,,,,,,,
754,1,DDP,Dem_Cana,Dem_Cana,,,2050,,,,,,1.0,,,,,,,,,,,,,,,,
754,1,DDP,Dem_Cana,Dem_Cana,,,2051,,,,,,1.0,,,,,,,,,,,,,,,,
754,1,DDP,Dem_Cana,Dem_Cana,,,2052,,,,,,1.0,,,,,,,,,,,,,,,,
754,1,DDP,Dem_Cana,Dem_Cana,,,2053,,,,,,1.0,,,,,,,,,,,,,,,,
754,1,DDP,Dem_Cana,Dem_Cana,,,2054,,,,,,1.0,,,,,,,,,,,,,,,,
754,1,DDP,Dem_Cana,Dem_Cana,,,2055,,,,,,1.0,,,,,,,,,,,,,,,,
754,1,DDP,Dem_Cana,Dem_Cana,,,2056,,,,,,1.0,,,,,,,,,,,,,,,,
754,1,DDP,Dem_Cana,Dem_Cana,,,2057,,,,,,1.0,,,,,,,,,,,,,,,,
754,1,DDP,Dem_Cana,Dem_Cana,,,2058,,,,,,1.0,,,,,,,,,,,,,,,,
754,1,DDP,Dem_Cana,Dem_Cana,,,2059,,,,,,1.0,,,,,,,,,,,,,,,,
754,1,DDP,Dem_Cana,Dem_Cana,,,2060,,,,,,1.0,,,,,,,,,,,,,,,,
754,1,DDP,Dem_Cana,Dem_Cana,,,2061,,,,,,1.0,,,,,,,,,,,,,,,,
754,1,DDP,Dem_Cana,Dem_Cana,,,2062,,,,,,1.0,,,,,,,,,,,,,,,,
754,1,DDP,Dem_Cana,Dem_Cana,,,2063,,,,,,1.0,,,,,,,,,,,,,,,,
754,1,DDP,Dem_Cana,Dem_Cana,,,2064,,,,,,1.0,,,,,,,,,,,,,,,,
754,1,DDP,Dem_Cana,Dem_Cana,,,2065,,,,,,1.0,,,,,,,,,,,,,,,,
754,1,DDP,Dem_Cana,Dem_Cana,,,2066,,,,,,1.0,,,,,,,,,,,,,,,,
754,1,DDP,Dem_Cana,Dem_Cana,,,2067,,,,,,1.0,,,,,,,,,,,,,,,,
754,1,DDP,Dem_Cana,Dem_Cana,,,2068,,,,,,1.0,,,,,,,,,,,,,,,,
754,1,DDP,Dem_Cana,Dem_Cana,,,2069,,,,,,1.0,,,,,,,,,,,,,,,,
754,1,DDP,Dem_Cana,Dem_Cana,,,2070,,,,,,1.0,,,,,,,,,,,,,,,,
754,1,DDP,Dem_Maiz,Dem_Maiz,,,2018,,,,,,1.0,,,,,,,,,,,,,,,,
754,1,DDP,Dem_Maiz,Dem_Maiz,,,2019,,,,,,1.0,,,,,,,,,,,,,,,,
754,1,DDP,Dem_Maiz,Dem_Maiz,,,2020,,,,,,1.0,,,,,,,,,,,,,,,,
754,1,DDP,Dem_Maiz,Dem_Maiz,,,2021,,,,,,1.0,,,,,,,,,,,,,,,,
754,1,DDP,Dem_Maiz,Dem_Maiz,,,2022,,,,,,1.0,,,,,,,,,,,,,,,,
754,1,DDP,Dem_Maiz,Dem_Maiz,,,2023,,,,,,1.0,,,,,,,,,,,,,,,,
754,1,DDP,Dem_Maiz,Dem_Maiz,,,2024,,,,,,1.0,,,,,,,,,,,,,,,,
754,1,DDP,Dem_Maiz,Dem_Maiz,,,2025,,,,,,1.0,,,,,,,,,,,,,,,,
754,1,DDP,Dem_Maiz,Dem_Maiz,,,2026,,,,,,1.0,,,,,,,,,,,,,,,,
754,1,DDP,Dem_Maiz,Dem_Maiz,,,2027,,,,,,1.0,,,,,,,,,,,,,,,,
754,1,DDP,Dem_Maiz,Dem_Maiz,,,2028,,,,,,1.0,,,,,,,,,,,,,,,,
754,1,DDP,Dem_Maiz,Dem_Maiz,,,2029,,,,,,1.0,,,,,,,,,,,,,,,,
754,1,DDP,Dem_Maiz,Dem_Maiz,,,2030,,,,,,1.0,,,,,,,,,,,,,,,,
754,1,DDP,Dem_Maiz,Dem_Maiz,,,2031,,,,,,1.0,,,,,,,,,,,,,,,,
754,1,DDP,Dem_Maiz,Dem_Maiz,,,2032,,,,,,1.0,,,,,,,,,,,,,,,,
754,1,DDP,Dem_Maiz,Dem_Maiz,,,2033,,,,,,1.0,,,,,,,,,,,,,,,,
754,1,DDP,Dem_Maiz,Dem_Maiz,,,2034,,,,,,1.0,,,,,,,,,,,,,,,,
754,1,DDP,Dem_Maiz,Dem_Maiz,,,2035,,,,,,1.0,,,,,,,,,,,,,,,,
754,1,DDP,Dem_Maiz,Dem_Maiz,,,2036,,,,,,1.0,,,,,,,,,,,,,,,,
754,1,DDP,Dem_Maiz,Dem_Maiz,,,2037,,,,,,1.0,,,,,,,,,,,,,,,,
754,1,DDP,Dem_Maiz,Dem_Maiz,,,2038,,,,,,1.0,,,,,,,,,,,,,,,,
754,1,DDP,Dem_Maiz,Dem_Maiz,,,2039,,,,,,1.0,,,,,,,,,,,,,,,,
754,1,DDP,Dem_Maiz,Dem_Maiz,,,2040,,,,,,1.0,,,,,,,,,,,,,,,,
754,1,DDP,Dem_Maiz,Dem_Maiz,,,2041,,,,,,1.0,,,,,,,,,,,,,,,,
754,1,DDP,Dem_Maiz,Dem_Maiz,,,2042,,,,,,1.0,,,,,,,,,,,,,,,,
754,1,DDP,Dem_Maiz,Dem_Maiz,,,2043,,,,,,1.0,,,,,,,,,,,,,,,,
754,1,DDP,Dem_Maiz,Dem_Maiz,,,2044,,,,,,1.0,,,,,,,,,,,,,,,,
754,1,DDP,Dem_Maiz,Dem_Maiz,,,2045,,,,,,1.0,,,,,,,,,,,,,,,,
754,1,DDP,Dem_Maiz,Dem_Maiz,,,2046,,,,,,1.0,,,,,,,,,,,,,,,,
754,1,DDP,Dem_Maiz,Dem_Maiz,,,2047,,,,,,1.0,,,,,,,,,,,,,,,,
754,1,DDP,Dem_Maiz,Dem_Maiz,,,2048,,,,,,1.0,,,,,,,,,,,,,,,,
754,1,DDP,Dem_Maiz,Dem_Maiz,,,2049,,,,,,1.0,,,,,,,,,,,,,,,,
754,1,DDP,Dem_Maiz,Dem_Maiz,,,2050,,,,,,1.0,,,,,,,,,,,,,,,,
754,1,DDP,Dem_Maiz,Dem_Maiz,,,2051,,,,,,1.0,,,,,,,,,,,,,,,,
754,1,DDP,Dem_Maiz,Dem_Maiz,,,2052,,,,,,1.0,,,,,,,,,,,,,,,,
754,1,DDP,Dem_Maiz,Dem_Maiz,,,2053,,,,,,1.0,,,,,,,,,,,,,,,,
754,1,DDP,Dem_Maiz,Dem_Maiz,,,2054,,,,,,1.0,,,,,,,,,,,,,,,,
754,1,DDP,Dem_Maiz,Dem_Maiz,,,2055,,,,,,1.0,,,,,,,,,,,,,,,,
754,1,DDP,Dem_Maiz,Dem_Maiz,,,2056,,,,,,1.0,,,,,,,,,,,,,,,,
754,1,DDP,Dem_Maiz,Dem_Maiz,,,2057,,,,,,1.0,,,,,,,,,,,,,,,,
754,1,DDP,Dem_Maiz,Dem_Maiz,,,2058,,,,,,1.0,,,,,,,,,,,,,,,,
754,1,DDP,Dem_Maiz,Dem_Maiz,,,2059,,,,,,1.0,,,,,,,,,,,,,,,,
754,1,DDP,Dem_Maiz,Dem_Maiz,,,2060,,,,,,1.0,,,,,,,,,,,,,,,,
754,1,DDP,Dem_Maiz,Dem_Maiz,,,2061,,,,,,1.0,,,,,,,,,,,,,,,,
754,1,DDP,Dem_Maiz,Dem_Maiz,,,2062,,,,,,1.0,,,,,,,,,,,,,,,,
754,1,DDP,Dem_Maiz,Dem_Maiz,,,2063,,,,,,1.0,,,,,,,,,,,,,,,,
754,1,DDP,Dem_Maiz,Dem_Maiz,,,2064,,,,,,1.0,,,,,,,,,,,,,,,,
754,1,DDP,Dem_Maiz,Dem_Maiz,,,2065,,,,,,1.0,,,,,,,,,,,,,,,,
754,1,DDP,Dem_Maiz,Dem_Maiz,,,2066,,,,,,1.0,,,,,,,,,,,,,,,,
754,1,DDP,Dem_Maiz,Dem_Maiz,,,2067,,,,,,1.0,,,,,,,,,,,,,,,,
754,1,DDP,Dem_Maiz,Dem_Maiz,,,2068,,,,,,1.0,,,,,,,,,,,,,,,,
754,1,DDP,Dem_Maiz,Dem_Maiz,,,2069,,,,,,1.0,,,,,,,,,,,,,,,,
754,1,DDP,Dem_Maiz,Dem_Maiz,,,2070,,,,,,1.0,,,,,,,,,,,,,,,,
754,1,DDP,Dem_Palma,Dem_Palma,,,2018,,,,,,1.0,,,,,,,,,,,,,,,,
754,1,DDP,Dem_Palma,Dem_Palma,,,2019,,,,,,1.0,,,,,,,,,,,,,,,,
754,1,DDP,Dem_Palma,Dem_Palma,,,2020,,,,,,1.0,,,,,,,,,,,,,,,,
754,1,DDP,Dem_Palma,Dem_Palma,,,2021,,,,,,1.0,,,,,,,,,,,,,,,,
754,1,DDP,Dem_Palma,Dem_Palma,,,2022,,,,,,1.0,,,,,,,,,,,,,,,,
754,1,DDP,Dem_Palma,Dem_Palma,,,2023,,,,,,1.0,,,,,,,,,,,,,,,,
754,1,DDP,Dem_Palma,Dem_Palma,,,2024,,,,,,1.0,,,,,,,,,,,,,,,,
754,1,DDP,Dem_Palma,Dem_Palma,,,2025,,,,,,1.0,,,,,,,,,,,,,,,,
754,1,DDP,Dem_Palma,Dem_Palma,,,2026,,,,,,1.0,,,,,,,,,,,,,,,,
754,1,DDP,Dem_Palma,Dem_Palma,,,2027,,,,,,1.0,,,,,,,,,,,,,,,,
754,1,DDP,Dem_Palma,Dem_Palma,,,2028,,,,,,1.0,,,,,,,,,,,,,,,,
754,1,DDP,Dem_Palma,Dem_Palma,,,2029,,,,,,1.0,,,,,,,,,,,,,,,,
754,1,DDP,Dem_Palma,Dem_Palma,,,2030,,,,,,1.0,,,,,,,,,,,,,,,,
754,1,DDP,Dem_Palma,Dem_Palma,,,2031,,,,,,1.0,,,,,,,,,,,,,,,,
754,1,DDP,Dem_Palma,Dem_Palma,,,2032,,,,,,1.0,,,,,,,,,,,,,,,,
754,1,DDP,Dem_Palma,Dem_Palma,,,2033,,,,,,1.0,,,,,,,,,,,,,,,,
754,1,DDP,Dem_Palma,Dem_Palma,,,2034,,,,,,1.0,,,,,,,,,,,,,,,,
754,1,DDP,Dem_Palma,Dem_Palma,,,2035,,,,,,1.0,,,,,,,,,,,,,,,,
754,1,DDP,Dem_Palma,Dem_Palma,,,2036,,,,,,1.0,,,,,,,,,,,,,,,,
754,1,DDP,Dem_Palma,Dem_Palma,,,2037,,,,,,1.0,,,,,,,,,,,,,,,,
754,1,DDP,Dem_Palma,Dem_Palma,,,2038,,,,,,1.0,,,,,,,,,,,,,,,,
754,1,DDP,Dem_Palma,Dem_Palma,,,2039,,,,,,1.0,,,,,,,,,,,,,,,,
754,1,DDP,Dem_Palma,Dem_Palma,,,2040,,,,,,1.0,,,,,,,,,,,,,,,,
754,1,DDP,Dem_Palma,Dem_Palma,,,2041,,,,,,1.0,,,,,,,,,,,,,,,,
754,1,DDP,Dem_Palma,Dem_Palma,,,2042,,,,,,1.0,,,,,,,,,,,,,,,,
754,1,DDP,Dem_Palma,Dem_Palma,,,2043,,,,,,1.0,,,,,,,,,,,,,,,,
754,1,DDP,Dem_Palma,Dem_Palma,,,2044,,,,,,1.0,,,,,,,,,,,,,,,,
754,1,DDP,Dem_Palma,Dem_Palma,,,2045,,,,,,1.0,,,,,,,,,,,,,,,,
754,1,DDP,Dem_Palma,Dem_Palma,,,2046,,,,,,1.0,,,,,,,,,,,,,,,,
754,1,DDP,Dem_Palma,Dem_Palma,,,2047,,,,,,1.0,,,,,,,,,,,,,,,,
754,1,DDP,Dem_Palma,Dem_Palma,,,2048,,,,,,1.0,,,,,,,,,,,,,,,,
754,1,DDP,Dem_Palma,Dem_Palma,,,2049,,,,,,1.0,,,,,,,,,,,,,,,,
754,1,DDP,Dem_Palma,Dem_Palma,,,2050,,,,,,1.0,,,,,,,,,,,,,,,,
754,1,DDP,Dem_Palma,Dem_Palma,,,2051,,,,,,1.0,,,,,,,,,,,,,,,,
754,1,DDP,Dem_Palma,Dem_Palma,,,2052,,,,,,1.0,,,,,,,,,,,,,,,,
754,1,DDP,Dem_Palma,Dem_Palma,,,2053,,,,,,1.0,,,,,,,,,,,,,,,,
754,1,DDP,Dem_Palma,Dem_Palma,,,2054,,,,,,1.0,,,,,,,,,,,,,,,,
754,1,DDP,Dem_Palma,Dem_Palma,,,2055,,,,,,1.0,,,,,,,,,,,,,,,,
754,1,DDP,Dem_Palma,Dem_Palma,,,2056,,,,,,1.0,,,,,,,,,,,,,,,,
754,1,DDP,Dem_Palma,Dem_Palma,,,2057,,,,,,1.0,,,,,,,,,,,,,,,,
754,1,DDP,Dem_Palma,Dem_Palma,,,2058,,,,,,1.0,,,,,,,,,,,,,,,,
754,1,DDP,Dem_Palma,Dem_Palma,,,2059,,,,,,1.0,,,,,,,,,,,,,,,,
754,1,DDP,Dem_Palma,Dem_Palma,,,2060,,,,,,1.0,,,,,,,,,,,,,,,,
754,1,DDP,Dem_Palma,Dem_Palma,,,2061,,,,,,1.0,,,,,,,,,,,,,,,,
754,1,DDP,Dem_Palma,Dem_Palma,,,2062,,,,,,1.0,,,,,,,,,,,,,,,,
754,1,DDP,Dem_Palma,Dem_Palma,,,2063,,,,,,1.0,,,,,,,,,,,,,,,,
754,1,DDP,Dem_Palma,Dem_Palma,,,2064,,,,,,1.0,,,,,,,,,,,,,,,,
754,1,DDP,Dem_Palma,Dem_Palma,,,2065,,,,,,1.0,,,,,,,,,,,,,,,,
754,1,DDP,Dem_Palma,Dem_Palma,,,2066,,,,,,1.0,,,,,,,,,,,,,,,,
754,1,DDP,Dem_Palma,Dem_Palma,,,2067,,,,,,1.0,,,,,,,,,,,,,,,,
754,1,DDP,Dem_Palma,Dem_Palma,,,2068,,,,,,1.0,,,,,,,,,,,,,,,,
754,1,DDP,Dem_Palma,Dem_Palma,,,2069,,,,,,1.0,,,,,,,,,,,,,,,,
754,1,DDP,Dem_Palma,Dem_Palma,,,2070,,,,,,1.0,,,,,,,,,,,,,,,,
754,1,DDP,Dem_Soya,Dem_Soya,,,2018,,,,,,1.0,,,,,,,,,,,,,,,,
754,1,DDP,Dem_Soya,Dem_Soya,,,2019,,,,,,1.0,,,,,,,,,,,,,,,,
754,1,DDP,Dem_Soya,Dem_Soya,,,2020,,,,,,1.0,,,,,,,,,,,,,,,,
754,1,DDP,Dem_Soya,Dem_Soya,,,2021,,,,,,1.0,,,,,,,,,,,,,,,,
754,1,DDP,Dem_Soya,Dem_Soya,,,2022,,,,,,1.0,,,,,,,,,,,,,,,,
754,1,DDP,Dem_Soya,Dem_Soya,,,2023,,,,,,1.0,,,,,,,,,,,,,,,,
754,1,DDP,Dem_Soya,Dem_Soya,,,2024,,,,,,1.0,,,,,,,,,,,,,,,,
754,1,DDP,Dem_Soya,Dem_Soya,,,2025,,,,,,1.0,,,,,,,,,,,,,,,,
754,1,DDP,Dem_Soya,Dem_Soya,,,2026,,,,,,1.0,,,,,,,,,,,,,,,,
754,1,DDP,Dem_Soya,Dem_Soya,,,2027,,,,,,1.0,,,,,,,,,,,,,,,,
754,1,DDP,Dem_Soya,Dem_Soya,,,2028,,,,,,1.0,,,,,,,,,,,,,,,,
754,1,DDP,Dem_Soya,Dem_Soya,,,2029,,,,,,1.0,,,,,,,,,,,,,,,,
754,1,DDP,Dem_Soya,Dem_Soya,,,2030,,,,,,1.0,,,,,,,,,,,,,,,,
754,1,DDP,Dem_Soya,Dem_Soya,,,2031,,,,,,1.0,,,,,,,,,,,,,,,,
754,1,DDP,Dem_Soya,Dem_Soya,,,2032,,,,,,1.0,,,,,,,,,,,,,,,,
754,1,DDP,Dem_Soya,Dem_Soya,,,2033,,,,,,1.0,,,,,,,,,,,,,,,,
754,1,DDP,Dem_Soya,Dem_Soya,,,2034,,,,,,1.0,,,,,,,,,,,,,,,,
754,1,DDP,Dem_Soya,Dem_Soya,,,2035,,,,,,1.0,,,,,,,,,,,,,,,,
754,1,DDP,Dem_Soya,Dem_Soya,,,2036,,,,,,1.0,,,,,,,,,,,,,,,,
754,1,DDP,Dem_Soya,Dem_Soya,,,2037,,,,,,1.0,,,,,,,,,,,,,,,,
754,1,DDP,Dem_Soya,Dem_Soya,,,2038,,,,,,1.0,,,,,,,,,,,,,,,,
754,1,DDP,Dem_Soya,Dem_Soya,,,2039,,,,,,1.0,,,,,,,,,,,,,,,,
754,1,DDP,Dem_Soya,Dem_Soya,,,2040,,,,,,1.0,,,,,,,,,,,,,,,,
754,1,DDP,Dem_Soya,Dem_Soya,,,2041,,,,,,1.0,,,,,,,,,,,,,,,,
754,1,DDP,Dem_Soya,Dem_Soya,,,2042,,,,,,1.0,,,,,,,,,,,,,,,,
754,1,DDP,Dem_Soya,Dem_Soya,,,2043,,,,,,1.0,,,,,,,,,,,,,,,,
754,1,DDP,Dem_Soya,Dem_Soya,,,2044,,,,,,1.0,,,,,,,,,,,,,,,,
754,1,DDP,Dem_Soya,Dem_Soya,,,2045,,,,,,1.0,,,,,,,,,,,,,,,,
754,1,DDP,Dem_Soya,Dem_Soya,,,2046,,,,,,1.0,,,,,,,,,,,,,,,,
754,1,DDP,Dem_Soya,Dem_Soya,,,2047,,,,,,1.0,,,,,,,,,,,,,,,,
754,1,DDP,Dem_Soya,Dem_Soya,,,2048,,,,,,1.0,,,,,,,,,,,,,,,,
754,1,DDP,Dem_Soya,Dem_Soya,,,2049,,,,,,1.0,,,,,,,,,,,,,,,,
754,1,DDP,Dem_Soya,Dem_Soya,,,2050,,,,,,1.0,,,,,,,,,,,,,,,,
754,1,DDP,Dem_Soya,Dem_Soya,,,2051,,,,,,1.0,,,,,,,,,,,,,,,,
754,1,DDP,Dem_Soya,Dem_Soya,,,2052,,,,,,1.0,,,,,,,,,,,,,,,,
754,1,DDP,Dem_Soya,Dem_Soya,,,2053,,,,,,1.0,,,,,,,,,,,,,,,,
754,1,DDP,Dem_Soya,Dem_Soya,,,2054,,,,,,1.0,,,,,,,,,,,,,,,,
754,1,DDP,Dem_Soya,Dem_Soya,,,2055,,,,,,1.0,,,,,,,,,,,,,,,,
754,1,DDP,Dem_Soya,Dem_Soya,,,2056,,,,,,1.0,,,,,,,,,,,,,,,,
754,1,DDP,Dem_Soya,Dem_Soya,,,2057,,,,,,1.0,,,,,,,,,,,,,,,,
754,1,DDP,Dem_Soya,Dem_Soya,,,2058,,,,,,1.0,,,,,,,,,,,,,,,,
754,1,DDP,Dem_Soya,Dem_Soya,,,2059,,,,,,1.0,,,,,,,,,,,,,,,,
754,1,DDP,Dem_Soya,Dem_Soya,,,2060,,,,,,1.0,,,,,,,,,,,,,,,,
754,1,DDP,Dem_Soya,Dem_Soya,,,2061,,,,,,1.0,,,,,,,,,,,,,,,,
754,1,DDP,Dem_Soya,Dem_Soya,,,2062,,,,,,1.0,,,,,,,,,,,,,,,,
754,1,DDP,Dem_Soya,Dem_Soya,,,2063,,,,,,1.0,,,,,,,,,,,,,,,,
754,1,DDP,Dem_Soya,Dem_Soya,,,2064,,,,,,1.0,,,,,,,,,,,,,,,,
754,1,DDP,Dem_Soya,Dem_Soya,,,2065,,,,,,1.0,,,,,,,,,,,,,,,,
754,1,DDP,Dem_Soya,Dem_Soya,,,2066,,,,,,1.0,,,,,,,,,,,,,,,,
754,1,DDP,Dem_Soya,Dem_Soya,,,2067,,,,,,1.0,,,,,,,,,,,,,,,,
754,1,DDP,Dem_Soya,Dem_Soya,,,2068,,,,,,1.0,,,,,,,,,,,,,,,,
754,1,DDP,Dem_Soya,Dem_Soya,,,2069,,,,,,1.0,,,,,,,,,,,,,,,,
754,1,DDP,Dem_Soya,Dem_Soya,,,2070,,,,,,1.0,,,,,,,,,,,,,,,,
754,1,DDP,Dem_Palmito,Dem_Palmito,,,2018,,,,,,1.0,,,,,,,,,,,,,,,,
754,1,DDP,Dem_Palmito,Dem_Palmito,,,2019,,,,,,1.0,,,,,,,,,,,,,,,,
754,1,DDP,Dem_Palmito,Dem_Palmito,,,2020,,,,,,1.0,,,,,,,,,,,,,,,,
754,1,DDP,Dem_Palmito,Dem_Palmito,,,2021,,,,,,1.0,,,,,,,,,,,,,,,,
754,1,DDP,Dem_Palmito,Dem_Palmito,,,2022,,,,,,1.0,,,,,,,,,,,,,,,,
754,1,DDP,Dem_Palmito,Dem_Palmito,,,2023,,,,,,1.0,,,,,,,,,,,,,,,,
754,1,DDP,Dem_Palmito,Dem_Palmito,,,2024,,,,,,1.0,,,,,,,,,,,,,,,,
754,1,DDP,Dem_Palmito,Dem_Palmito,,,2025,,,,,,1.0,,,,,,,,,,,,,,,,
754,1,DDP,Dem_Palmito,Dem_Palmito,,,2026,,,,,,1.0,,,,,,,,,,,,,,,,
754,1,DDP,Dem_Palmito,Dem_Palmito,,,2027,,,,,,1.0,,,,,,,,,,,,,,,,
754,1,DDP,Dem_Palmito,Dem_Palmito,,,2028,,,,,,1.0,,,,,,,,,,,,,,,,
754,1,DDP,Dem_Palmito,Dem_Palmito,,,2029,,,,,,1.0,,,,,,,,,,,,,,,,
754,1,DDP,Dem_Palmito,Dem_Palmito,,,2030,,,,,,1.0,,,,,,,,,,,,,,,,
754,1,DDP,Dem_Palmito,Dem_Palmito,,,2031,,,,,,1.0,,,,,,,,,,,,,,,,
754,1,DDP,Dem_Palmito,Dem_Palmito,,,2032,,,,,,1.0,,,,,,,,,,,,,,,,
754,1,DDP,Dem_Palmito,Dem_Palmito,,,2033,,,,,,1.0,,,,,,,,,,,,,,,,
754,1,DDP,Dem_Palmito,Dem_Palmito,,,2034,,,,,,1.0,,,,,,,,,,,,,,,,
754,1,DDP,Dem_Palmito,Dem_Palmito,,,2035,,,,,,1.0,,,,,,,,,,,,,,,,
754,1,DDP,Dem_Palmito,Dem_Palmito,,,2036,,,,,,1.0,,,,,,,,,,,,,,,,
754,1,DDP,Dem_Palmito,Dem_Palmito,,,2037,,,,,,1.0,,,,,,,,,,,,,,,,
754,1,DDP,Dem_Palmito,Dem_Palmito,,,2038,,,,,,1.0,,,,,,,,,,,,,,,,
754,1,DDP,Dem_Palmito,Dem_Palmito,,,2039,,,,,,1.0,,,,,,,,,,,,,,,,
754,1,DDP,Dem_Palmito,Dem_Palmito,,,2040,,,,,,1.0,,,,,,,,,,,,,,,,
754,1,DDP,Dem_Palmito,Dem_Palmito,,,2041,,,,,,1.0,,,,,,,,,,,,,,,,
754,1,DDP,Dem_Palmito,Dem_Palmito,,,2042,,,,,,1.0,,,,,,,,,,,,,,,,
754,1,DDP,Dem_Palmito,Dem_Palmito,,,2043,,,,,,1.0,,,,,,,,,,,,,,,,
754,1,DDP,Dem_Palmito,Dem_Palmito,,,2044,,,,,,1.0,,,,,,,,,,,,,,,,
754,1,DDP,Dem_Palmito,Dem_Palmito,,,2045,,,,,,1.0,,,,,,,,,,,,,,,,
754,1,DDP,Dem_Palmito,Dem_Palmito,,,2046,,,,,,1.0,,,,,,,,,,,,,,,,
754,1,DDP,Dem_Palmito,Dem_Palmito,,,2047,,,,,,1.0,,,,,,,,,,,,,,,,
754,1,DDP,Dem_Palmito,Dem_Palmito,,,2048,,,,,,1.0,,,,,,,,,,,,,,,,
754,1,DDP,Dem_Palmito,Dem_Palmito,,,2049,,,,,,1.0,,,,,,,,,,,,,,,,
754,1,DDP,Dem_Palmito,Dem_Palmito,,,2050,,,,,,1.0,,,,,,,,,,,,,,,,
754,1,DDP,Dem_Palmito,Dem_Palmito,,,2051,,,,,,1.0,,,,,,,,,,,,,,,,
754,1,DDP,Dem_Palmito,Dem_Palmito,,,2052,,,,,,1.0,,,,,,,,,,,,,,,,
754,1,DDP,Dem_Palmito,Dem_Palmito,,,2053,,,,,,1.0,,,,,,,,,,,,,,,,
754,1,DDP,Dem_Palmito,Dem_Palmito,,,2054,,,,,,1.0,,,,,,,,,,,,,,,,
754,1,DDP,Dem_Palmito,Dem_Palmito,,,2055,,,,,,1.0,,,,,,,,,,,,,,,,
754,1,DDP,Dem_Palmito,Dem_Palmito,,,2056,,,,,,1.0,,,,,,,,,,,,,,,,
754,1,DDP,Dem_Palmito,Dem_Palmito,,,2057,,,,,,1.0,,,,,,,,,,,,,,,,
754,1,DDP,Dem_Palmito,Dem_Palmito,,,2058,,,,,,1.0,,,,,,,,,,,,,,,,
754,1,DDP,Dem_Palmito,Dem_Palmito,,,2059,,,,,,1.0,,,,,,,,,,,,,,,,
754,1,DDP,Dem_Palmito,Dem_Palmito,,,2060,,,,,,1.0,,,,,,,,,,,,,,,,
754,1,DDP,Dem_Palmito,Dem_Palmito,,,2061,,,,,,1.0,,,,,,,,,,,,,,,,
754,1,DDP,Dem_Palmito,Dem_Palmito,,,2062,,,,,,1.0,,,,,,,,,,,,,,,,
754,1,DDP,Dem_Palmito,Dem_Palmito,,,2063,,,,,,1.0,,,,,,,,,,,,,,,,
754,1,DDP,Dem_Palmito,Dem_Palmito,,,2064,,,,,,1.0,,,,,,,,,,,,,,,,
754,1,DDP,Dem_Palmito,Dem_Palmito,,,2065,,,,,,1.0,,,,,,,,,,,,,,,,
754,1,DDP,Dem_Palmito,Dem_Palmito,,,2066,,,,,,1.0,,,,,,,,,,,,,,,,
754,1,DDP,Dem_Palmito,Dem_Palmito,,,2067,,,,,,1.0,,,,,,,,,,,,,,,,
754,1,DDP,Dem_Palmito,Dem_Palmito,,,2068,,,,,,1.0,,,,,,,,,,,,,,,,
754,1,DDP,Dem_Palmito,Dem_Palmito,,,2069,,,,,,1.0,,,,,,,,,,,,,,,,
754,1,DDP,Dem_Palmito,Dem_Palmito,,,2070,,,,,,1.0,,,,,,,,,,,,,,,,
754,1,DDP,Dem_Legumbres,Dem_Legumbres,,,2018,,,,,,1.0,,,,,,,,,,,,,,,,
754,1,DDP,Dem_Legumbres,Dem_Legumbres,,,2019,,,,,,1.0,,,,,,,,,,,,,,,,
754,1,DDP,Dem_Legumbres,Dem_Legumbres,,,2020,,,,,,1.0,,,,,,,,,,,,,,,,
754,1,DDP,Dem_Legumbres,Dem_Legumbres,,,2021,,,,,,1.0,,,,,,,,,,,,,,,,
754,1,DDP,Dem_Legumbres,Dem_Legumbres,,,2022,,,,,,1.0,,,,,,,,,,,,,,,,
754,1,DDP,Dem_Legumbres,Dem_Legumbres,,,2023,,,,,,1.0,,,,,,,,,,,,,,,,
754,1,DDP,Dem_Legumbres,Dem_Legumbres,,,2024,,,,,,1.0,,,,,,,,,,,,,,,,
754,1,DDP,Dem_Legumbres,Dem_Legumbres,,,2025,,,,,,1.0,,,,,,,,,,,,,,,,
754,1,DDP,Dem_Legumbres,Dem_Legumbres,,,2026,,,,,,1.0,,,,,,,,,,,,,,,,
754,1,DDP,Dem_Legumbres,Dem_Legumbres,,,2027,,,,,,1.0,,,,,,,,,,,,,,,,
754,1,DDP,Dem_Legumbres,Dem_Legumbres,,,2028,,,,,,1.0,,,,,,,,,,,,,,,,
754,1,DDP,Dem_Legumbres,Dem_Legumbres,,,2029,,,,,,1.0,,,,,,,,,,,,,,,,
754,1,DDP,Dem_Legumbres,Dem_Legumbres,,,2030,,,,,,1.0,,,,,,,,,,,,,,,,
754,1,DDP,Dem_Legumbres,Dem_Legumbres,,,2031,,,,,,1.0,,,,,,,,,,,,,,,,
754,1,DDP,Dem_Legumbres,Dem_Legumbres,,,2032,,,,,,1.0,,,,,,,,,,,,,,,,
754,1,DDP,Dem_Legumbres,Dem_Legumbres,,,2033,,,,,,1.0,,,,,,,,,,,,,,,,
754,1,DDP,Dem_Legumbres,Dem_Legumbres,,,2034,,,,,,1.0,,,,,,,,,,,,,,,,
754,1,DDP,Dem_Legumbres,Dem_Legumbres,,,2035,,,,,,1.0,,,,,,,,,,,,,,,,
754,1,DDP,Dem_Legumbres,Dem_Legumbres,,,2036,,,,,,1.0,,,,,,,,,,,,,,,,
754,1,DDP,Dem_Legumbres,Dem_Legumbres,,,2037,,,,,,1.0,,,,,,,,,,,,,,,,
754,1,DDP,Dem_Legumbres,Dem_Legumbres,,,2038,,,,,,1.0,,,,,,,,,,,,,,,,
754,1,DDP,Dem_Legumbres,Dem_Legumbres,,,2039,,,,,,1.0,,,,,,,,,,,,,,,,
754,1,DDP,Dem_Legumbres,Dem_Legumbres,,,2040,,,,,,1.0,,,,,,,,,,,,,,,,
754,1,DDP,Dem_Legumbres,Dem_Legumbres,,,2041,,,,,,1.0,,,,,,,,,,,,,,,,
754,1,DDP,Dem_Legumbres,Dem_Legumbres,,,2042,,,,,,1.0,,,,,,,,,,,,,,,,
754,1,DDP,Dem_Legumbres,Dem_Legumbres,,,2043,,,,,,1.0,,,,,,,,,,,,,,,,
754,1,DDP,Dem_Legumbres,Dem_Legumbres,,,2044,,,,,,1.0,,,,,,,,,,,,,,,,
754,1,DDP,Dem_Legumbres,Dem_Legumbres,,,2045,,,,,,1.0,,,,,,,,,,,,,,,,
754,1,DDP,Dem_Legumbres,Dem_Legumbres,,,2046,,,,,,1.0,,,,,,,,,,,,,,,,
754,1,DDP,Dem_Legumbres,Dem_Legumbres,,,2047,,,,,,1.0,,,,,,,,,,,,,,,,
754,1,DDP,Dem_Legumbres,Dem_Legumbres,,,2048,,,,,,1.0,,,,,,,,,,,,,,,,
754,1,DDP,Dem_Legumbres,Dem_Legumbres,,,2049,,,,,,1.0,,,,,,,,,,,,,,,,
754,1,DDP,Dem_Legumbres,Dem_Legumbres,,,2050,,,,,,1.0,,,,,,,,,,,,,,,,
754,1,DDP,Dem_Legumbres,Dem_Legumbres,,,2051,,,,,,1.0,,,,,,,,,,,,,,,,
754,1,DDP,Dem_Legumbres,Dem_Legumbres,,,2052,,,,,,1.0,,,,,,,,,,,,,,,,
754,1,DDP,Dem_Legumbres,Dem_Legumbres,,,2053,,,,,,1.0,,,,,,,,,,,,,,,,
754,1,DDP,Dem_Legumbres,Dem_Legumbres,,,2054,,,,,,1.0,,,,,,,,,,,,,,,,
754,1,DDP,Dem_Legumbres,Dem_Legumbres,,,2055,,,,,,1.0,,,,,,,,,,,,,,,,
754,1,DDP,Dem_Legumbres,Dem_Legumbres,,,2056,,,,,,1.0,,,,,,,,,,,,,,,,
754,1,DDP,Dem_Legumbres,Dem_Legumbres,,,2057,,,,,,1.0,,,,,,,,,,,,,,,,
754,1,DDP,Dem_Legumbres,Dem_Legumbres,,,2058,,,,,,1.0,,,,,,,,,,,,,,,,
754,1,DDP,Dem_Legumbres,Dem_Legumbres,,,2059,,,,,,1.0,,,,,,,,,,,,,,,,
754,1,DDP,Dem_Legumbres,Dem_Legumbres,,,2060,,,,,,1.0,,,,,,,,,,,,,,,,
754,1,DDP,Dem_Legumbres,Dem_Legumbres,,,2061,,,,,,1.0,,,,,,,,,,,,,,,,
754,1,DDP,Dem_Legumbres,Dem_Legumbres,,,2062,,,,,,1.0,,,,,,,,,,,,,,,,
754,1,DDP,Dem_Legumbres,Dem_Legumbres,,,2063,,,,,,1.0,,,,,,,,,,,,,,,,
754,1,DDP,Dem_Legumbres,Dem_Legumbres,,,2064,,,,,,1.0,,,,,,,,,,,,,,,,
754,1,DDP,Dem_Legumbres,Dem_Legumbres,,,2065,,,,,,1.0,,,,,,,,,,,,,,,,
754,1,DDP,Dem_Legumbres,Dem_Legumbres,,,2066,,,,,,1.0,,,,,,,,,,,,,,,,
754,1,DDP,Dem_Legumbres,Dem_Legumbres,,,2067,,,,,,1.0,,,,,,,,,,,,,,,,
754,1,DDP,Dem_Legumbres,Dem_Legumbres,,,2068,,,,,,1.0,,,,,,,,,,,,,,,,
754,1,DDP,Dem_Legumbres,Dem_Legumbres,,,2069,,,,,,1.0,,,,,,,,,,,,,,,,
754,1,DDP,Dem_Legumbres,Dem_Legumbres,,,2070,,,,,,1.0,,,,,,,,,,,,,,,,
754,1,DDP,Dem_Cereales,Dem_Cereales,,,2018,,,,,,1.0,,,,,,,,,,,,,,,,
754,1,DDP,Dem_Cereales,Dem_Cereales,,,2019,,,,,,1.0,,,,,,,,,,,,,,,,
754,1,DDP,Dem_Cereales,Dem_Cereales,,,2020,,,,,,1.0,,,,,,,,,,,,,,,,
754,1,DDP,Dem_Cereales,Dem_Cereales,,,2021,,,,,,1.0,,,,,,,,,,,,,,,,
754,1,DDP,Dem_Cereales,Dem_Cereales,,,2022,,,,,,1.0,,,,,,,,,,,,,,,,
754,1,DDP,Dem_Cereales,Dem_Cereales,,,2023,,,,,,1.0,,,,,,,,,,,,,,,,
754,1,DDP,Dem_Cereales,Dem_Cereales,,,2024,,,,,,1.0,,,,,,,,,,,,,,,,
754,1,DDP,Dem_Cereales,Dem_Cereales,,,2025,,,,,,1.0,,,,,,,,,,,,,,,,
754,1,DDP,Dem_Cereales,Dem_Cereales,,,2026,,,,,,1.0,,,,,,,,,,,,,,,,
754,1,DDP,Dem_Cereales,Dem_Cereales,,,2027,,,,,,1.0,,,,,,,,,,,,,,,,
754,1,DDP,Dem_Cereales,Dem_Cereales,,,2028,,,,,,1.0,,,,,,,,,,,,,,,,
754,1,DDP,Dem_Cereales,Dem_Cereales,,,2029,,,,,,1.0,,,,,,,,,,,,,,,,
754,1,DDP,Dem_Cereales,Dem_Cereales,,,2030,,,,,,1.0,,,,,,,,,,,,,,,,
754,1,DDP,Dem_Cereales,Dem_Cereales,,,2031,,,,,,1.0,,,,,,,,,,,,,,,,
754,1,DDP,Dem_Cereales,Dem_Cereales,,,2032,,,,,,1.0,,,,,,,,,,,,,,,,
754,1,DDP,Dem_Cereales,Dem_Cereales,,,2033,,,,,,1.0,,,,,,,,,,,,,,,,
754,1,DDP,Dem_Cereales,Dem_Cereales,,,2034,,,,,,1.0,,,,,,,,,,,,,,,,
754,1,DDP,Dem_Cereales,Dem_Cereales,,,2035,,,,,,1.0,,,,,,,,,,,,,,,,
754,1,DDP,Dem_Cereales,Dem_Cereales,,,2036,,,,,,1.0,,,,,,,,,,,,,,,,
754,1,DDP,Dem_Cereales,Dem_Cereales,,,2037,,,,,,1.0,,,,,,,,,,,,,,,,
754,1,DDP,Dem_Cereales,Dem_Cereales,,,2038,,,,,,1.0,,,,,,,,,,,,,,,,
754,1,DDP,Dem_Cereales,Dem_Cereales,,,2039,,,,,,1.0,,,,,,,,,,,,,,,,
754,1,DDP,Dem_Cereales,Dem_Cereales,,,2040,,,,,,1.0,,,,,,,,,,,,,,,,
754,1,DDP,Dem_Cereales,Dem_Cereales,,,2041,,,,,,1.0,,,,,,,,,,,,,,,,
754,1,DDP,Dem_Cereales,Dem_Cereales,,,2042,,,,,,1.0,,,,,,,,,,,,,,,,
754,1,DDP,Dem_Cereales,Dem_Cereales,,,2043,,,,,,1.0,,,,,,,,,,,,,,,,
754,1,DDP,Dem_Cereales,Dem_Cereales,,,2044,,,,,,1.0,,,,,,,,,,,,,,,,
754,1,DDP,Dem_Cereales,Dem_Cereales,,,2045,,,,,,1.0,,,,,,,,,,,,,,,,
754,1,DDP,Dem_Cereales,Dem_Cereales,,,2046,,,,,,1.0,,,,,,,,,,,,,,,,
754,1,DDP,Dem_Cereales,Dem_Cereales,,,2047,,,,,,1.0,,,,,,,,,,,,,,,,
754,1,DDP,Dem_Cereales,Dem_Cereales,,,2048,,,,,,1.0,,,,,,,,,,,,,,,,
754,1,DDP,Dem_Cereales,Dem_Cereales,,,2049,,,,,,1.0,,,,,,,,,,,,,,,,
754,1,DDP,Dem_Cereales,Dem_Cereales,,,2050,,,,,,1.0,,,,,,,,,,,,,,,,
754,1,DDP,Dem_Cereales,Dem_Cereales,,,2051,,,,,,1.0,,,,,,,,,,,,,,,,
754,1,DDP,Dem_Cereales,Dem_Cereales,,,2052,,,,,,1.0,,,,,,,,,,,,,,,,
754,1,DDP,Dem_Cereales,Dem_Cereales,,,2053,,,,,,1.0,,,,,,,,,,,,,,,,
754,1,DDP,Dem_Cereales,Dem_Cereales,,,2054,,,,,,1.0,,,,,,,,,,,,,,,,
754,1,DDP,Dem_Cereales,Dem_Cereales,,,2055,,,,,,1.0,,,,,,,,,,,,,,,,
754,1,DDP,Dem_Cereales,Dem_Cereales,,,2056,,,,,,1.0,,,,,,,,,,,,,,,,
754,1,DDP,Dem_Cereales,Dem_Cereales,,,2057,,,,,,1.0,,,,,,,,,,,,,,,,
754,1,DDP,Dem_Cereales,Dem_Cereales,,,2058,,,,,,1.0,,,,,,,,,,,,,,,,
754,1,DDP,Dem_Cereales,Dem_Cereales,,,2059,,,,,,1.0,,,,,,,,,,,,,,,,
754,1,DDP,Dem_Cereales,Dem_Cereales,,,2060,,,,,,1.0,,,,,,,,,,,,,,,,
754,1,DDP,Dem_Cereales,Dem_Cereales,,,2061,,,,,,1.0,,,,,,,,,,,,,,,,
754,1,DDP,Dem_Cereales,Dem_Cereales,,,2062,,,,,,1.0,,,,,,,,,,,,,,,,
754,1,DDP,Dem_Cereales,Dem_Cereales,,,2063,,,,,,1.0,,,,,,,,,,,,,,,,
754,1,DDP,Dem_Cereales,Dem_Cereales,,,2064,,,,,,1.0,,,,,,,,,,,,,,,,
754,1,DDP,Dem_Cereales,Dem_Cereales,,,2065,,,,,,1.0,,,,,,,,,,,,,,,,
754,1,DDP,Dem_Cereales,Dem_Cereales,,,2066,,,,,,1.0,,,,,,,,,,,,,,,,
754,1,DDP,Dem_Cereales,Dem_Cereales,,,2067,,,,,,1.0,,,,,,,,,,,,,,,,
754,1,DDP,Dem_Cereales,Dem_Cereales,,,2068,,,,,,1.0,,,,,,,,,,,,,,,,
754,1,DDP,Dem_Cereales,Dem_Cereales,,,2069,,,,,,1.0,,,,,,,,,,,,,,,,
754,1,DDP,Dem_Cereales,Dem_Cereales,,,2070,,,,,,1.0,,,,,,,,,,,,,,,,
754,1,DDP,Dem_Tuberculos,Dem_Tuberculos,,,2018,,,,,,1.0,,,,,,,,,,,,,,,,
754,1,DDP,Dem_Tuberculos,Dem_Tuberculos,,,2019,,,,,,1.0,,,,,,,,,,,,,,,,
754,1,DDP,Dem_Tuberculos,Dem_Tuberculos,,,2020,,,,,,1.0,,,,,,,,,,,,,,,,
754,1,DDP,Dem_Tuberculos,Dem_Tuberculos,,,2021,,,,,,1.0,,,,,,,,,,,,,,,,
754,1,DDP,Dem_Tuberculos,Dem_Tuberculos,,,2022,,,,,,1.0,,,,,,,,,,,,,,,,
754,1,DDP,Dem_Tuberculos,Dem_Tuberculos,,,2023,,,,,,1.0,,,,,,,,,,,,,,,,
754,1,DDP,Dem_Tuberculos,Dem_Tuberculos,,,2024,,,,,,1.0,,,,,,,,,,,,,,,,
754,1,DDP,Dem_Tuberculos,Dem_Tuberculos,,,2025,,,,,,1.0,,,,,,,,,,,,,,,,
754,1,DDP,Dem_Tuberculos,Dem_Tuberculos,,,2026,,,,,,1.0,,,,,,,,,,,,,,,,
754,1,DDP,Dem_Tuberculos,Dem_Tuberculos,,,2027,,,,,,1.0,,,,,,,,,,,,,,,,
754,1,DDP,Dem_Tuberculos,Dem_Tuberculos,,,2028,,,,,,1.0,,,,,,,,,,,,,,,,
754,1,DDP,Dem_Tuberculos,Dem_Tuberculos,,,2029,,,,,,1.0,,,,,,,,,,,,,,,,
754,1,DDP,Dem_Tuberculos,Dem_Tuberculos,,,2030,,,,,,1.0,,,,,,,,,,,,,,,,
754,1,DDP,Dem_Tuberculos,Dem_Tuberculos,,,2031,,,,,,1.0,,,,,,,,,,,,,,,,
754,1,DDP,Dem_Tuberculos,Dem_Tuberculos,,,2032,,,,,,1.0,,,,,,,,,,,,,,,,
754,1,DDP,Dem_Tuberculos,Dem_Tuberculos,,,2033,,,,,,1.0,,,,,,,,,,,,,,,,
754,1,DDP,Dem_Tuberculos,Dem_Tuberculos,,,2034,,,,,,1.0,,,,,,,,,,,,,,,,
754,1,DDP,Dem_Tuberculos,Dem_Tuberculos,,,2035,,,,,,1.0,,,,,,,,,,,,,,,,
754,1,DDP,Dem_Tuberculos,Dem_Tuberculos,,,2036,,,,,,1.0,,,,,,,,,,,,,,,,
754,1,DDP,Dem_Tuberculos,Dem_Tuberculos,,,2037,,,,,,1.0,,,,,,,,,,,,,,,,
754,1,DDP,Dem_Tuberculos,Dem_Tuberculos,,,2038,,,,,,1.0,,,,,,,,,,,,,,,,
754,1,DDP,Dem_Tuberculos,Dem_Tuberculos,,,2039,,,,,,1.0,,,,,,,,,,,,,,,,
754,1,DDP,Dem_Tuberculos,Dem_Tuberculos,,,2040,,,,,,1.0,,,,,,,,,,,,,,,,
754,1,DDP,Dem_Tuberculos,Dem_Tuberculos,,,2041,,,,,,1.0,,,,,,,,,,,,,,,,
754,1,DDP,Dem_Tuberculos,Dem_Tuberculos,,,2042,,,,,,1.0,,,,,,,,,,,,,,,,
754,1,DDP,Dem_Tuberculos,Dem_Tuberculos,,,2043,,,,,,1.0,,,,,,,,,,,,,,,,
754,1,DDP,Dem_Tuberculos,Dem_Tuberculos,,,2044,,,,,,1.0,,,,,,,,,,,,,,,,
754,1,DDP,Dem_Tuberculos,Dem_Tuberculos,,,2045,,,,,,1.0,,,,,,,,,,,,,,,,
754,1,DDP,Dem_Tuberculos,Dem_Tuberculos,,,2046,,,,,,1.0,,,,,,,,,,,,,,,,
754,1,DDP,Dem_Tuberculos,Dem_Tuberculos,,,2047,,,,,,1.0,,,,,,,,,,,,,,,,
754,1,DDP,Dem_Tuberculos,Dem_Tuberculos,,,2048,,,,,,1.0,,,,,,,,,,,,,,,,
754,1,DDP,Dem_Tuberculos,Dem_Tuberculos,,,2049,,,,,,1.0,,,,,,,,,,,,,,,,
754,1,DDP,Dem_Tuberculos,Dem_Tuberculos,,,2050,,,,,,1.0,,,,,,,,,,,,,,,,
754,1,DDP,Dem_Tuberculos,Dem_Tuberculos,,,2051,,,,,,1.0,,,,,,,,,,,,,,,,
754,1,DDP,Dem_Tuberculos,Dem_Tuberculos,,,2052,,,,,,1.0,,,,,,,,,,,,,,,,
754,1,DDP,Dem_Tuberculos,Dem_Tuberculos,,,2053,,,,,,1.0,,,,,,,,,,,,,,,,
754,1,DDP,Dem_Tuberculos,Dem_Tuberculos,,,2054,,,,,,1.0,,,,,,,,,,,,,,,,
754,1,DDP,Dem_Tuberculos,Dem_Tuberculos,,,2055,,,,,,1.0,,,,,,,,,,,,,,,,
754,1,DDP,Dem_Tuberculos,Dem_Tuberculos,,,2056,,,,,,1.0,,,,,,,,,,,,,,,,
754,1,DDP,Dem_Tuberculos,Dem_Tuberculos,,,2057,,,,,,1.0,,,,,,,,,,,,,,,,
754,1,DDP,Dem_Tuberculos,Dem_Tuberculos,,,2058,,,,,,1.0,,,,,,,,,,,,,,,,
754,1,DDP,Dem_Tuberculos,Dem_Tuberculos,,,2059,,,,,,1.0,,,,,,,,,,,,,,,,
754,1,DDP,Dem_Tuberculos,Dem_Tuberculos,,,2060,,,,,,1.0,,,,,,,,,,,,,,,,
754,1,DDP,Dem_Tuberculos,Dem_Tuberculos,,,2061,,,,,,1.0,,,,,,,,,,,,,,,,
754,1,DDP,Dem_Tuberculos,Dem_Tuberculos,,,2062,,,,,,1.0,,,,,,,,,,,,,,,,
754,1,DDP,Dem_Tuberculos,Dem_Tuberculos,,,2063,,,,,,1.0,,,,,,,,,,,,,,,,
754,1,DDP,Dem_Tuberculos,Dem_Tuberculos,,,2064,,,,,,1.0,,,,,,,,,,,,,,,,
754,1,DDP,Dem_Tuberculos,Dem_Tuberculos,,,2065,,,,,,1.0,,,,,,,,,,,,,,,,
754,1,DDP,Dem_Tuberculos,Dem_Tuberculos,,,2066,,,,,,1.0,,,,,,,,,,,,,,,,
754,1,DDP,Dem_Tuberculos,Dem_Tuberculos,,,2067,,,,,,1.0,,,,,,,,,,,,,,,,
754,1,DDP,Dem_Tuberculos,Dem_Tuberculos,,,2068,,,,,,1.0,,,,,,,,,,,,,,,,
754,1,DDP,Dem_Tuberculos,Dem_Tuberculos,,,2069,,,,,,1.0,,,,,,,,,,,,,,,,
754,1,DDP,Dem_Tuberculos,Dem_Tuberculos,,,2070,,,,,,1.0,,,,,,,,,,,,,,,,
754,1,DDP,Dem_Fruta,Dem_Fruta,,,2018,,,,,,1.0,,,,,,,,,,,,,,,,
754,1,DDP,Dem_Fruta,Dem_Fruta,,,2019,,,,,,1.0,,,,,,,,,,,,,,,,
754,1,DDP,Dem_Fruta,Dem_Fruta,,,2020,,,,,,1.0,,,,,,,,,,,,,,,,
754,1,DDP,Dem_Fruta,Dem_Fruta,,,2021,,,,,,1.0,,,,,,,,,,,,,,,,
754,1,DDP,Dem_Fruta,Dem_Fruta,,,2022,,,,,,1.0,,,,,,,,,,,,,,,,
754,1,DDP,Dem_Fruta,Dem_Fruta,,,2023,,,,,,1.0,,,,,,,,,,,,,,,,
754,1,DDP,Dem_Fruta,Dem_Fruta,,,2024,,,,,,1.0,,,,,,,,,,,,,,,,
754,1,DDP,Dem_Fruta,Dem_Fruta,,,2025,,,,,,1.0,,,,,,,,,,,,,,,,
754,1,DDP,Dem_Fruta,Dem_Fruta,,,2026,,,,,,1.0,,,,,,,,,,,,,,,,
754,1,DDP,Dem_Fruta,Dem_Fruta,,,2027,,,,,,1.0,,,,,,,,,,,,,,,,
754,1,DDP,Dem_Fruta,Dem_Fruta,,,2028,,,,,,1.0,,,,,,,,,,,,,,,,
754,1,DDP,Dem_Fruta,Dem_Fruta,,,2029,,,,,,1.0,,,,,,,,,,,,,,,,
754,1,DDP,Dem_Fruta,Dem_Fruta,,,2030,,,,,,1.0,,,,,,,,,,,,,,,,
754,1,DDP,Dem_Fruta,Dem_Fruta,,,2031,,,,,,1.0,,,,,,,,,,,,,,,,
754,1,DDP,Dem_Fruta,Dem_Fruta,,,2032,,,,,,1.0,,,,,,,,,,,,,,,,
754,1,DDP,Dem_Fruta,Dem_Fruta,,,2033,,,,,,1.0,,,,,,,,,,,,,,,,
754,1,DDP,Dem_Fruta,Dem_Fruta,,,2034,,,,,,1.0,,,,,,,,,,,,,,,,
754,1,DDP,Dem_Fruta,Dem_Fruta,,,2035,,,,,,1.0,,,,,,,,,,,,,,,,
754,1,DDP,Dem_Fruta,Dem_Fruta,,,2036,,,,,,1.0,,,,,,,,,,,,,,,,
754,1,DDP,Dem_Fruta,Dem_Fruta,,,2037,,,,,,1.0,,,,,,,,,,,,,,,,
754,1,DDP,Dem_Fruta,Dem_Fruta,,,2038,,,,,,1.0,,,,,,,,,,,,,,,,
754,1,DDP,Dem_Fruta,Dem_Fruta,,,2039,,,,,,1.0,,,,,,,,,,,,,,,,
754,1,DDP,Dem_Fruta,Dem_Fruta,,,2040,,,,,,1.0,,,,,,,,,,,,,,,,
754,1,DDP,Dem_Fruta,Dem_Fruta,,,2041,,,,,,1.0,,,,,,,,,,,,,,,,
754,1,DDP,Dem_Fruta,Dem_Fruta,,,2042,,,,,,1.0,,,,,,,,,,,,,,,,
754,1,DDP,Dem_Fruta,Dem_Fruta,,,2043,,,,,,1.0,,,,,,,,,,,,,,,,
754,1,DDP,Dem_Fruta,Dem_Fruta,,,2044,,,,,,1.0,,,,,,,,,,,,,,,,
754,1,DDP,Dem_Fruta,Dem_Fruta,,,2045,,,,,,1.0,,,,,,,,,,,,,,,,
754,1,DDP,Dem_Fruta,Dem_Fruta,,,2046,,,,,,1.0,,,,,,,,,,,,,,,,
754,1,DDP,Dem_Fruta,Dem_Fruta,,,2047,,,,,,1.0,,,,,,,,,,,,,,,,
754,1,DDP,Dem_Fruta,Dem_Fruta,,,2048,,,,,,1.0,,,,,,,,,,,,,,,,
754,1,DDP,Dem_Fruta,Dem_Fruta,,,2049,,,,,,1.0,,,,,,,,,,,,,,,,
754,1,DDP,Dem_Fruta,Dem_Fruta,,,2050,,,,,,1.0,,,,,,,,,,,,,,,,
754,1,DDP,Dem_Fruta,Dem_Fruta,,,2051,,,,,,1.0,,,,,,,,,,,,,,,,
754,1,DDP,Dem_Fruta,Dem_Fruta,,,2052,,,,,,1.0,,,,,,,,,,,,,,,,
754,1,DDP,Dem_Fruta,Dem_Fruta,,,2053,,,,,,1.0,,,,,,,,,,,,,,,,
754,1,DDP,Dem_Fruta,Dem_Fruta,,,2054,,,,,,1.0,,,,,,,,,,,,,,,,
754,1,DDP,Dem_Fruta,Dem_Fruta,,,2055,,,,,,1.0,,,,,,,,,,,,,,,,
754,1,DDP,Dem_Fruta,Dem_Fruta,,,2056,,,,,,1.0,,,,,,,,,,,,,,,,
754,1,DDP,Dem_Fruta,Dem_Fruta,,,2057,,,,,,1.0,,,,,,,,,,,,,,,,
754,1,DDP,Dem_Fruta,Dem_Fruta,,,2058,,,,,,1.0,,,,,,,,,,,,,,,,
754,1,DDP,Dem_Fruta,Dem_Fruta,,,2059,,,,,,1.0,,,,,,,,,,,,,,,,
754,1,DDP,Dem_Fruta,Dem_Fruta,,,2060,,,,,,1.0,,,,,,,,,,,,,,,,
754,1,DDP,Dem_Fruta,Dem_Fruta,,,2061,,,,,,1.0,,,,,,,,,,,,,,,,
754,1,DDP,Dem_Fruta,Dem_Fruta,,,2062,,,,,,1.0,,,,,,,,,,,,,,,,
754,1,DDP,Dem_Fruta,Dem_Fruta,,,2063,,,,,,1.0,,,,,,,,,,,,,,,,
754,1,DDP,Dem_Fruta,Dem_Fruta,,,2064,,,,,,1.0,,,,,,,,,,,,,,,,
754,1,DDP,Dem_Fruta,Dem_Fruta,,,2065,,,,,,1.0,,,,,,,,,,,,,,,,
754,1,DDP,Dem_Fruta,Dem_Fruta,,,2066,,,,,,1.0,,,,,,,,,,,,,,,,
754,1,DDP,Dem_Fruta,Dem_Fruta,,,2067,,,,,,1.0,,,,,,,,,,,,,,,,
754,1,DDP,Dem_Fruta,Dem_Fruta,,,2068,,,,,,1.0,,,,,,,,,,,,,,,,
754,1,DDP,Dem_Fruta,Dem_Fruta,,,2069,,,,,,1.0,,,,,,,,,,,,,,,,
754,1,DDP,Dem_Fruta,Dem_Fruta,,,2070,,,,,,1.0,,,,,,,,,,,,,,,,
754,1,DDP,Dem_Verduras,Dem_Verduras,,,2018,,,,,,1.0,,,,,,,,,,,,,,,,
754,1,DDP,Dem_Verduras,Dem_Verduras,,,2019,,,,,,1.0,,,,,,,,,,,,,,,,
754,1,DDP,Dem_Verduras,Dem_Verduras,,,2020,,,,,,1.0,,,,,,,,,,,,,,,,
754,1,DDP,Dem_Verduras,Dem_Verduras,,,2021,,,,,,1.0,,,,,,,,,,,,,,,,
754,1,DDP,Dem_Verduras,Dem_Verduras,,,2022,,,,,,1.0,,,,,,,,,,,,,,,,
754,1,DDP,Dem_Verduras,Dem_Verduras,,,2023,,,,,,1.0,,,,,,,,,,,,,,,,
754,1,DDP,Dem_Verduras,Dem_Verduras,,,2024,,,,,,1.0,,,,,,,,,,,,,,,,
754,1,DDP,Dem_Verduras,Dem_Verduras,,,2025,,,,,,1.0,,,,,,,,,,,,,,,,
754,1,DDP,Dem_Verduras,Dem_Verduras,,,2026,,,,,,1.0,,,,,,,,,,,,,,,,
754,1,DDP,Dem_Verduras,Dem_Verduras,,,2027,,,,,,1.0,,,,,,,,,,,,,,,,
754,1,DDP,Dem_Verduras,Dem_Verduras,,,2028,,,,,,1.0,,,,,,,,,,,,,,,,
754,1,DDP,Dem_Verduras,Dem_Verduras,,,2029,,,,,,1.0,,,,,,,,,,,,,,,,
754,1,DDP,Dem_Verduras,Dem_Verduras,,,2030,,,,,,1.0,,,,,,,,,,,,,,,,
754,1,DDP,Dem_Verduras,Dem_Verduras,,,2031,,,,,,1.0,,,,,,,,,,,,,,,,
754,1,DDP,Dem_Verduras,Dem_Verduras,,,2032,,,,,,1.0,,,,,,,,,,,,,,,,
754,1,DDP,Dem_Verduras,Dem_Verduras,,,2033,,,,,,1.0,,,,,,,,,,,,,,,,
754,1,DDP,Dem_Verduras,Dem_Verduras,,,2034,,,,,,1.0,,,,,,,,,,,,,,,,
754,1,DDP,Dem_Verduras,Dem_Verduras,,,2035,,,,,,1.0,,,,,,,,,,,,,,,,
754,1,DDP,Dem_Verduras,Dem_Verduras,,,2036,,,,,,1.0,,,,,,,,,,,,,,,,
754,1,DDP,Dem_Verduras,Dem_Verduras,,,2037,,,,,,1.0,,,,,,,,,,,,,,,,
754,1,DDP,Dem_Verduras,Dem_Verduras,,,2038,,,,,,1.0,,,,,,,,,,,,,,,,
754,1,DDP,Dem_Verduras,Dem_Verduras,,,2039,,,,,,1.0,,,,,,,,,,,,,,,,
754,1,DDP,Dem_Verduras,Dem_Verduras,,,2040,,,,,,1.0,,,,,,,,,,,,,,,,
754,1,DDP,Dem_Verduras,Dem_Verduras,,,2041,,,,,,1.0,,,,,,,,,,,,,,,,
754,1,DDP,Dem_Verduras,Dem_Verduras,,,2042,,,,,,1.0,,,,,,,,,,,,,,,,
754,1,DDP,Dem_Verduras,Dem_Verduras,,,2043,,,,,,1.0,,,,,,,,,,,,,,,,
754,1,DDP,Dem_Verduras,Dem_Verduras,,,2044,,,,,,1.0,,,,,,,,,,,,,,,,
754,1,DDP,Dem_Verduras,Dem_Verduras,,,2045,,,,,,1.0,,,,,,,,,,,,,,,,
754,1,DDP,Dem_Verduras,Dem_Verduras,,,2046,,,,,,1.0,,,,,,,,,,,,,,,,
754,1,DDP,Dem_Verduras,Dem_Verduras,,,2047,,,,,,1.0,,,,,,,,,,,,,,,,
754,1,DDP,Dem_Verduras,Dem_Verduras,,,2048,,,,,,1.0,,,,,,,,,,,,,,,,
754,1,DDP,Dem_Verduras,Dem_Verduras,,,2049,,,,,,1.0,,,,,,,,,,,,,,,,
754,1,DDP,Dem_Verduras,Dem_Verduras,,,2050,,,,,,1.0,,,,,,,,,,,,,,,,
754,1,DDP,Dem_Verduras,Dem_Verduras,,,2051,,,,,,1.0,,,,,,,,,,,,,,,,
754,1,DDP,Dem_Verduras,Dem_Verduras,,,2052,,,,,,1.0,,,,,,,,,,,,,,,,
754,1,DDP,Dem_Verduras,Dem_Verduras,,,2053,,,,,,1.0,,,,,,,,,,,,,,,,
754,1,DDP,Dem_Verduras,Dem_Verduras,,,2054,,,,,,1.0,,,,,,,,,,,,,,,,
754,1,DDP,Dem_Verduras,Dem_Verduras,,,2055,,,,,,1.0,,,,,,,,,,,,,,,,
754,1,DDP,Dem_Verduras,Dem_Verduras,,,2056,,,,,,1.0,,,,,,,,,,,,,,,,
754,1,DDP,Dem_Verduras,Dem_Verduras,,,2057,,,,,,1.0,,,,,,,,,,,,,,,,
754,1,DDP,Dem_Verduras,Dem_Verduras,,,2058,,,,,,1.0,,,,,,,,,,,,,,,,
754,1,DDP,Dem_Verduras,Dem_Verduras,,,2059,,,,,,1.0,,,,,,,,,,,,,,,,
754,1,DDP,Dem_Verduras,Dem_Verduras,,,2060,,,,,,1.0,,,,,,,,,,,,,,,,
754,1,DDP,Dem_Verduras,Dem_Verduras,,,2061,,,,,,1.0,,,,,,,,,,,,,,,,
754,1,DDP,Dem_Verduras,Dem_Verduras,,,2062,,,,,,1.0,,,,,,,,,,,,,,,,
754,1,DDP,Dem_Verduras,Dem_Verduras,,,2063,,,,,,1.0,,,,,,,,,,,,,,,,
754,1,DDP,Dem_Verduras,Dem_Verduras,,,2064,,,,,,1.0,,,,,,,,,,,,,,,,
754,1,DDP,Dem_Verduras,Dem_Verduras,,,2065,,,,,,1.0,,,,,,,,,,,,,,,,
754,1,DDP,Dem_Verduras,Dem_Verduras,,,2066,,,,,,1.0,,,,,,,,,,,,,,,,
754,1,DDP,Dem_Verduras,Dem_Verduras,,,2067,,,,,,1.0,,,,,,,,,,,,,,,,
754,1,DDP,Dem_Verduras,Dem_Verduras,,,2068,,,,,,1.0,,,,,,,,,,,,,,,,
754,1,DDP,Dem_Verduras,Dem_Verduras,,,2069,,,,,,1.0,,,,,,,,,,,,,,,,
754,1,DDP,Dem_Verduras,Dem_Verduras,,,2070,,,,,,1.0,,,,,,,,,,,,,,,,
754,1,DDP,Dem_Floricolas,Dem_Floricolas,,,2018,,,,,,1.0,,,,,,,,,,,,,,,,
754,1,DDP,Dem_Floricolas,Dem_Floricolas,,,2019,,,,,,1.0,,,,,,,,,,,,,,,,
754,1,DDP,Dem_Floricolas,Dem_Floricolas,,,2020,,,,,,1.0,,,,,,,,,,,,,,,,
754,1,DDP,Dem_Floricolas,Dem_Floricolas,,,2021,,,,,,1.0,,,,,,,,,,,,,,,,
754,1,DDP,Dem_Floricolas,Dem_Floricolas,,,2022,,,,,,1.0,,,,,,,,,,,,,,,,
754,1,DDP,Dem_Floricolas,Dem_Floricolas,,,2023,,,,,,1.0,,,,,,,,,,,,,,,,
754,1,DDP,Dem_Floricolas,Dem_Floricolas,,,2024,,,,,,1.0,,,,,,,,,,,,,,,,
754,1,DDP,Dem_Floricolas,Dem_Floricolas,,,2025,,,,,,1.0,,,,,,,,,,,,,,,,
754,1,DDP,Dem_Floricolas,Dem_Floricolas,,,2026,,,,,,1.0,,,,,,,,,,,,,,,,
754,1,DDP,Dem_Floricolas,Dem_Floricolas,,,2027,,,,,,1.0,,,,,,,,,,,,,,,,
754,1,DDP,Dem_Floricolas,Dem_Floricolas,,,2028,,,,,,1.0,,,,,,,,,,,,,,,,
754,1,DDP,Dem_Floricolas,Dem_Floricolas,,,2029,,,,,,1.0,,,,,,,,,,,,,,,,
754,1,DDP,Dem_Floricolas,Dem_Floricolas,,,2030,,,,,,1.0,,,,,,,,,,,,,,,,
754,1,DDP,Dem_Floricolas,Dem_Floricolas,,,2031,,,,,,1.0,,,,,,,,,,,,,,,,
754,1,DDP,Dem_Floricolas,Dem_Floricolas,,,2032,,,,,,1.0,,,,,,,,,,,,,,,,
754,1,DDP,Dem_Floricolas,Dem_Floricolas,,,2033,,,,,,1.0,,,,,,,,,,,,,,,,
754,1,DDP,Dem_Floricolas,Dem_Floricolas,,,2034,,,,,,1.0,,,,,,,,,,,,,,,,
754,1,DDP,Dem_Floricolas,Dem_Floricolas,,,2035,,,,,,1.0,,,,,,,,,,,,,,,,
754,1,DDP,Dem_Floricolas,Dem_Floricolas,,,2036,,,,,,1.0,,,,,,,,,,,,,,,,
754,1,DDP,Dem_Floricolas,Dem_Floricolas,,,2037,,,,,,1.0,,,,,,,,,,,,,,,,
754,1,DDP,Dem_Floricolas,Dem_Floricolas,,,2038,,,,,,1.0,,,,,,,,,,,,,,,,
754,1,DDP,Dem_Floricolas,Dem_Floricolas,,,2039,,,,,,1.0,,,,,,,,,,,,,,,,
754,1,DDP,Dem_Floricolas,Dem_Floricolas,,,2040,,,,,,1.0,,,,,,,,,,,,,,,,
754,1,DDP,Dem_Floricolas,Dem_Floricolas,,,2041,,,,,,1.0,,,,,,,,,,,,,,,,
754,1,DDP,Dem_Floricolas,Dem_Floricolas,,,2042,,,,,,1.0,,,,,,,,,,,,,,,,
754,1,DDP,Dem_Floricolas,Dem_Floricolas,,,2043,,,,,,1.0,,,,,,,,,,,,,,,,
754,1,DDP,Dem_Floricolas,Dem_Floricolas,,,2044,,,,,,1.0,,,,,,,,,,,,,,,,
754,1,DDP,Dem_Floricolas,Dem_Floricolas,,,2045,,,,,,1.0,,,,,,,,,,,,,,,,
754,1,DDP,Dem_Floricolas,Dem_Floricolas,,,2046,,,,,,1.0,,,,,,,,,,,,,,,,
754,1,DDP,Dem_Floricolas,Dem_Floricolas,,,2047,,,,,,1.0,,,,,,,,,,,,,,,,
754,1,DDP,Dem_Floricolas,Dem_Floricolas,,,2048,,,,,,1.0,,,,,,,,,,,,,,,,
754,1,DDP,Dem_Floricolas,Dem_Floricolas,,,2049,,,,,,1.0,,,,,,,,,,,,,,,,
754,1,DDP,Dem_Floricolas,Dem_Floricolas,,,2050,,,,,,1.0,,,,,,,,,,,,,,,,
754,1,DDP,Dem_Floricolas,Dem_Floricolas,,,2051,,,,,,1.0,,,,,,,,,,,,,,,,
754,1,DDP,Dem_Floricolas,Dem_Floricolas,,,2052,,,,,,1.0,,,,,,,,,,,,,,,,
754,1,DDP,Dem_Floricolas,Dem_Floricolas,,,2053,,,,,,1.0,,,,,,,,,,,,,,,,
754,1,DDP,Dem_Floricolas,Dem_Floricolas,,,2054,,,,,,1.0,,,,,,,,,,,,,,,,
754,1,DDP,Dem_Floricolas,Dem_Floricolas,,,2055,,,,,,1.0,,,,,,,,,,,,,,,,
754,1,DDP,Dem_Floricolas,Dem_Floricolas,,,2056,,,,,,1.0,,,,,,,,,,,,,,,,
754,1,DDP,Dem_Floricolas,Dem_Floricolas,,,2057,,,,,,1.0,,,,,,,,,,,,,,,,
754,1,DDP,Dem_Floricolas,Dem_Floricolas,,,2058,,,,,,1.0,,,,,,,,,,,,,,,,
754,1,DDP,Dem_Floricolas,Dem_Floricolas,,,2059,,,,,,1.0,,,,,,,,,,,,,,,,
754,1,DDP,Dem_Floricolas,Dem_Floricolas,,,2060,,,,,,1.0,,,,,,,,,,,,,,,,
754,1,DDP,Dem_Floricolas,Dem_Floricolas,,,2061,,,,,,1.0,,,,,,,,,,,,,,,,
754,1,DDP,Dem_Floricolas,Dem_Floricolas,,,2062,,,,,,1.0,,,,,,,,,,,,,,,,
754,1,DDP,Dem_Floricolas,Dem_Floricolas,,,2063,,,,,,1.0,,,,,,,,,,,,,,,,
754,1,DDP,Dem_Floricolas,Dem_Floricolas,,,2064,,,,,,1.0,,,,,,,,,,,,,,,,
754,1,DDP,Dem_Floricolas,Dem_Floricolas,,,2065,,,,,,1.0,,,,,,,,,,,,,,,,
754,1,DDP,Dem_Floricolas,Dem_Floricolas,,,2066,,,,,,1.0,,,,,,,,,,,,,,,,
754,1,DDP,Dem_Floricolas,Dem_Floricolas,,,2067,,,,,,1.0,,,,,,,,,,,,,,,,
754,1,DDP,Dem_Floricolas,Dem_Floricolas,,,2068,,,,,,1.0,,,,,,,,,,,,,,,,
754,1,DDP,Dem_Floricolas,Dem_Floricolas,,,2069,,,,,,1.0,,,,,,,,,,,,,,,,
754,1,DDP,Dem_Floricolas,Dem_Floricolas,,,2070,,,,,,1.0,,,,,,,,,,,,,,,,
754,1,DDP,Banano,Imp_Banano,,,2018,,,,,,1.0,,,,,,,,,,,,,,,,
754,1,DDP,Banano,Imp_Banano,,,2019,,,,,,1.0,,,,,,,,,,,,,,,,
754,1,DDP,Banano,Imp_Banano,,,2020,,,,,,1.0,,,,,,,,,,,,,,,,
754,1,DDP,Banano,Imp_Banano,,,2021,,,,,,1.0,,,,,,,,,,,,,,,,
754,1,DDP,Banano,Imp_Banano,,,2022,,,,,,1.0,,,,,,,,,,,,,,,,
754,1,DDP,Banano,Imp_Banano,,,2023,,,,,,1.0,,,,,,,,,,,,,,,,
754,1,DDP,Banano,Imp_Banano,,,2024,,,,,,1.0,,,,,,,,,,,,,,,,
754,1,DDP,Banano,Imp_Banano,,,2025,,,,,,1.0,,,,,,,,,,,,,,,,
754,1,DDP,Banano,Imp_Banano,,,2026,,,,,,1.0,,,,,,,,,,,,,,,,
754,1,DDP,Banano,Imp_Banano,,,2027,,,,,,1.0,,,,,,,,,,,,,,,,
754,1,DDP,Banano,Imp_Banano,,,2028,,,,,,1.0,,,,,,,,,,,,,,,,
754,1,DDP,Banano,Imp_Banano,,,2029,,,,,,1.0,,,,,,,,,,,,,,,,
754,1,DDP,Banano,Imp_Banano,,,2030,,,,,,1.0,,,,,,,,,,,,,,,,
754,1,DDP,Banano,Imp_Banano,,,2031,,,,,,1.0,,,,,,,,,,,,,,,,
754,1,DDP,Banano,Imp_Banano,,,2032,,,,,,1.0,,,,,,,,,,,,,,,,
754,1,DDP,Banano,Imp_Banano,,,2033,,,,,,1.0,,,,,,,,,,,,,,,,
754,1,DDP,Banano,Imp_Banano,,,2034,,,,,,1.0,,,,,,,,,,,,,,,,
754,1,DDP,Banano,Imp_Banano,,,2035,,,,,,1.0,,,,,,,,,,,,,,,,
754,1,DDP,Banano,Imp_Banano,,,2036,,,,,,1.0,,,,,,,,,,,,,,,,
754,1,DDP,Banano,Imp_Banano,,,2037,,,,,,1.0,,,,,,,,,,,,,,,,
754,1,DDP,Banano,Imp_Banano,,,2038,,,,,,1.0,,,,,,,,,,,,,,,,
754,1,DDP,Banano,Imp_Banano,,,2039,,,,,,1.0,,,,,,,,,,,,,,,,
754,1,DDP,Banano,Imp_Banano,,,2040,,,,,,1.0,,,,,,,,,,,,,,,,
754,1,DDP,Banano,Imp_Banano,,,2041,,,,,,1.0,,,,,,,,,,,,,,,,
754,1,DDP,Banano,Imp_Banano,,,2042,,,,,,1.0,,,,,,,,,,,,,,,,
754,1,DDP,Banano,Imp_Banano,,,2043,,,,,,1.0,,,,,,,,,,,,,,,,
754,1,DDP,Banano,Imp_Banano,,,2044,,,,,,1.0,,,,,,,,,,,,,,,,
754,1,DDP,Banano,Imp_Banano,,,2045,,,,,,1.0,,,,,,,,,,,,,,,,
754,1,DDP,Banano,Imp_Banano,,,2046,,,,,,1.0,,,,,,,,,,,,,,,,
754,1,DDP,Banano,Imp_Banano,,,2047,,,,,,1.0,,,,,,,,,,,,,,,,
754,1,DDP,Banano,Imp_Banano,,,2048,,,,,,1.0,,,,,,,,,,,,,,,,
754,1,DDP,Banano,Imp_Banano,,,2049,,,,,,1.0,,,,,,,,,,,,,,,,
754,1,DDP,Banano,Imp_Banano,,,2050,,,,,,1.0,,,,,,,,,,,,,,,,
754,1,DDP,Banano,Imp_Banano,,,2051,,,,,,1.0,,,,,,,,,,,,,,,,
754,1,DDP,Banano,Imp_Banano,,,2052,,,,,,1.0,,,,,,,,,,,,,,,,
754,1,DDP,Banano,Imp_Banano,,,2053,,,,,,1.0,,,,,,,,,,,,,,,,
754,1,DDP,Banano,Imp_Banano,,,2054,,,,,,1.0,,,,,,,,,,,,,,,,
754,1,DDP,Banano,Imp_Banano,,,2055,,,,,,1.0,,,,,,,,,,,,,,,,
754,1,DDP,Banano,Imp_Banano,,,2056,,,,,,1.0,,,,,,,,,,,,,,,,
754,1,DDP,Banano,Imp_Banano,,,2057,,,,,,1.0,,,,,,,,,,,,,,,,
754,1,DDP,Banano,Imp_Banano,,,2058,,,,,,1.0,,,,,,,,,,,,,,,,
754,1,DDP,Banano,Imp_Banano,,,2059,,,,,,1.0,,,,,,,,,,,,,,,,
754,1,DDP,Banano,Imp_Banano,,,2060,,,,,,1.0,,,,,,,,,,,,,,,,
754,1,DDP,Banano,Imp_Banano,,,2061,,,,,,1.0,,,,,,,,,,,,,,,,
754,1,DDP,Banano,Imp_Banano,,,2062,,,,,,1.0,,,,,,,,,,,,,,,,
754,1,DDP,Banano,Imp_Banano,,,2063,,,,,,1.0,,,,,,,,,,,,,,,,
754,1,DDP,Banano,Imp_Banano,,,2064,,,,,,1.0,,,,,,,,,,,,,,,,
754,1,DDP,Banano,Imp_Banano,,,2065,,,,,,1.0,,,,,,,,,,,,,,,,
754,1,DDP,Banano,Imp_Banano,,,2066,,,,,,1.0,,,,,,,,,,,,,,,,
754,1,DDP,Banano,Imp_Banano,,,2067,,,,,,1.0,,,,,,,,,,,,,,,,
754,1,DDP,Banano,Imp_Banano,,,2068,,,,,,1.0,,,,,,,,,,,,,,,,
754,1,DDP,Banano,Imp_Banano,,,2069,,,,,,1.0,,,,,,,,,,,,,,,,
754,1,DDP,Banano,Imp_Banano,,,2070,,,,,,1.0,,,,,,,,,,,,,,,,
754,1,DDP,Arroz,Imp_Arroz,,,2018,,,,,,1.0,,,,,,,,,,,,,,,,
754,1,DDP,Arroz,Imp_Arroz,,,2019,,,,,,1.0,,,,,,,,,,,,,,,,
754,1,DDP,Arroz,Imp_Arroz,,,2020,,,,,,1.0,,,,,,,,,,,,,,,,
754,1,DDP,Arroz,Imp_Arroz,,,2021,,,,,,1.0,,,,,,,,,,,,,,,,
754,1,DDP,Arroz,Imp_Arroz,,,2022,,,,,,1.0,,,,,,,,,,,,,,,,
754,1,DDP,Arroz,Imp_Arroz,,,2023,,,,,,1.0,,,,,,,,,,,,,,,,
754,1,DDP,Arroz,Imp_Arroz,,,2024,,,,,,1.0,,,,,,,,,,,,,,,,
754,1,DDP,Arroz,Imp_Arroz,,,2025,,,,,,1.0,,,,,,,,,,,,,,,,
754,1,DDP,Arroz,Imp_Arroz,,,2026,,,,,,1.0,,,,,,,,,,,,,,,,
754,1,DDP,Arroz,Imp_Arroz,,,2027,,,,,,1.0,,,,,,,,,,,,,,,,
754,1,DDP,Arroz,Imp_Arroz,,,2028,,,,,,1.0,,,,,,,,,,,,,,,,
754,1,DDP,Arroz,Imp_Arroz,,,2029,,,,,,1.0,,,,,,,,,,,,,,,,
754,1,DDP,Arroz,Imp_Arroz,,,2030,,,,,,1.0,,,,,,,,,,,,,,,,
754,1,DDP,Arroz,Imp_Arroz,,,2031,,,,,,1.0,,,,,,,,,,,,,,,,
754,1,DDP,Arroz,Imp_Arroz,,,2032,,,,,,1.0,,,,,,,,,,,,,,,,
754,1,DDP,Arroz,Imp_Arroz,,,2033,,,,,,1.0,,,,,,,,,,,,,,,,
754,1,DDP,Arroz,Imp_Arroz,,,2034,,,,,,1.0,,,,,,,,,,,,,,,,
754,1,DDP,Arroz,Imp_Arroz,,,2035,,,,,,1.0,,,,,,,,,,,,,,,,
754,1,DDP,Arroz,Imp_Arroz,,,2036,,,,,,1.0,,,,,,,,,,,,,,,,
754,1,DDP,Arroz,Imp_Arroz,,,2037,,,,,,1.0,,,,,,,,,,,,,,,,
754,1,DDP,Arroz,Imp_Arroz,,,2038,,,,,,1.0,,,,,,,,,,,,,,,,
754,1,DDP,Arroz,Imp_Arroz,,,2039,,,,,,1.0,,,,,,,,,,,,,,,,
754,1,DDP,Arroz,Imp_Arroz,,,2040,,,,,,1.0,,,,,,,,,,,,,,,,
754,1,DDP,Arroz,Imp_Arroz,,,2041,,,,,,1.0,,,,,,,,,,,,,,,,
754,1,DDP,Arroz,Imp_Arroz,,,2042,,,,,,1.0,,,,,,,,,,,,,,,,
754,1,DDP,Arroz,Imp_Arroz,,,2043,,,,,,1.0,,,,,,,,,,,,,,,,
754,1,DDP,Arroz,Imp_Arroz,,,2044,,,,,,1.0,,,,,,,,,,,,,,,,
754,1,DDP,Arroz,Imp_Arroz,,,2045,,,,,,1.0,,,,,,,,,,,,,,,,
754,1,DDP,Arroz,Imp_Arroz,,,2046,,,,,,1.0,,,,,,,,,,,,,,,,
754,1,DDP,Arroz,Imp_Arroz,,,2047,,,,,,1.0,,,,,,,,,,,,,,,,
754,1,DDP,Arroz,Imp_Arroz,,,2048,,,,,,1.0,,,,,,,,,,,,,,,,
754,1,DDP,Arroz,Imp_Arroz,,,2049,,,,,,1.0,,,,,,,,,,,,,,,,
754,1,DDP,Arroz,Imp_Arroz,,,2050,,,,,,1.0,,,,,,,,,,,,,,,,
754,1,DDP,Arroz,Imp_Arroz,,,2051,,,,,,1.0,,,,,,,,,,,,,,,,
754,1,DDP,Arroz,Imp_Arroz,,,2052,,,,,,1.0,,,,,,,,,,,,,,,,
754,1,DDP,Arroz,Imp_Arroz,,,2053,,,,,,1.0,,,,,,,,,,,,,,,,
754,1,DDP,Arroz,Imp_Arroz,,,2054,,,,,,1.0,,,,,,,,,,,,,,,,
754,1,DDP,Arroz,Imp_Arroz,,,2055,,,,,,1.0,,,,,,,,,,,,,,,,
754,1,DDP,Arroz,Imp_Arroz,,,2056,,,,,,1.0,,,,,,,,,,,,,,,,
754,1,DDP,Arroz,Imp_Arroz,,,2057,,,,,,1.0,,,,,,,,,,,,,,,,
754,1,DDP,Arroz,Imp_Arroz,,,2058,,,,,,1.0,,,,,,,,,,,,,,,,
754,1,DDP,Arroz,Imp_Arroz,,,2059,,,,,,1.0,,,,,,,,,,,,,,,,
754,1,DDP,Arroz,Imp_Arroz,,,2060,,,,,,1.0,,,,,,,,,,,,,,,,
754,1,DDP,Arroz,Imp_Arroz,,,2061,,,,,,1.0,,,,,,,,,,,,,,,,
754,1,DDP,Arroz,Imp_Arroz,,,2062,,,,,,1.0,,,,,,,,,,,,,,,,
754,1,DDP,Arroz,Imp_Arroz,,,2063,,,,,,1.0,,,,,,,,,,,,,,,,
754,1,DDP,Arroz,Imp_Arroz,,,2064,,,,,,1.0,,,,,,,,,,,,,,,,
754,1,DDP,Arroz,Imp_Arroz,,,2065,,,,,,1.0,,,,,,,,,,,,,,,,
754,1,DDP,Arroz,Imp_Arroz,,,2066,,,,,,1.0,,,,,,,,,,,,,,,,
754,1,DDP,Arroz,Imp_Arroz,,,2067,,,,,,1.0,,,,,,,,,,,,,,,,
754,1,DDP,Arroz,Imp_Arroz,,,2068,,,,,,1.0,,,,,,,,,,,,,,,,
754,1,DDP,Arroz,Imp_Arroz,,,2069,,,,,,1.0,,,,,,,,,,,,,,,,
754,1,DDP,Arroz,Imp_Arroz,,,2070,,,,,,1.0,,,,,,,,,,,,,,,,
754,1,DDP,Cacao,Imp_Cacao,,,2018,,,,,,1.0,,,,,,,,,,,,,,,,
754,1,DDP,Cacao,Imp_Cacao,,,2019,,,,,,1.0,,,,,,,,,,,,,,,,
754,1,DDP,Cacao,Imp_Cacao,,,2020,,,,,,1.0,,,,,,,,,,,,,,,,
754,1,DDP,Cacao,Imp_Cacao,,,2021,,,,,,1.0,,,,,,,,,,,,,,,,
754,1,DDP,Cacao,Imp_Cacao,,,2022,,,,,,1.0,,,,,,,,,,,,,,,,
754,1,DDP,Cacao,Imp_Cacao,,,2023,,,,,,1.0,,,,,,,,,,,,,,,,
754,1,DDP,Cacao,Imp_Cacao,,,2024,,,,,,1.0,,,,,,,,,,,,,,,,
754,1,DDP,Cacao,Imp_Cacao,,,2025,,,,,,1.0,,,,,,,,,,,,,,,,
754,1,DDP,Cacao,Imp_Cacao,,,2026,,,,,,1.0,,,,,,,,,,,,,,,,
754,1,DDP,Cacao,Imp_Cacao,,,2027,,,,,,1.0,,,,,,,,,,,,,,,,
754,1,DDP,Cacao,Imp_Cacao,,,2028,,,,,,1.0,,,,,,,,,,,,,,,,
754,1,DDP,Cacao,Imp_Cacao,,,2029,,,,,,1.0,,,,,,,,,,,,,,,,
754,1,DDP,Cacao,Imp_Cacao,,,2030,,,,,,1.0,,,,,,,,,,,,,,,,
754,1,DDP,Cacao,Imp_Cacao,,,2031,,,,,,1.0,,,,,,,,,,,,,,,,
754,1,DDP,Cacao,Imp_Cacao,,,2032,,,,,,1.0,,,,,,,,,,,,,,,,
754,1,DDP,Cacao,Imp_Cacao,,,2033,,,,,,1.0,,,,,,,,,,,,,,,,
754,1,DDP,Cacao,Imp_Cacao,,,2034,,,,,,1.0,,,,,,,,,,,,,,,,
754,1,DDP,Cacao,Imp_Cacao,,,2035,,,,,,1.0,,,,,,,,,,,,,,,,
754,1,DDP,Cacao,Imp_Cacao,,,2036,,,,,,1.0,,,,,,,,,,,,,,,,
754,1,DDP,Cacao,Imp_Cacao,,,2037,,,,,,1.0,,,,,,,,,,,,,,,,
754,1,DDP,Cacao,Imp_Cacao,,,2038,,,,,,1.0,,,,,,,,,,,,,,,,
754,1,DDP,Cacao,Imp_Cacao,,,2039,,,,,,1.0,,,,,,,,,,,,,,,,
754,1,DDP,Cacao,Imp_Cacao,,,2040,,,,,,1.0,,,,,,,,,,,,,,,,
754,1,DDP,Cacao,Imp_Cacao,,,2041,,,,,,1.0,,,,,,,,,,,,,,,,
754,1,DDP,Cacao,Imp_Cacao,,,2042,,,,,,1.0,,,,,,,,,,,,,,,,
754,1,DDP,Cacao,Imp_Cacao,,,2043,,,,,,1.0,,,,,,,,,,,,,,,,
754,1,DDP,Cacao,Imp_Cacao,,,2044,,,,,,1.0,,,,,,,,,,,,,,,,
754,1,DDP,Cacao,Imp_Cacao,,,2045,,,,,,1.0,,,,,,,,,,,,,,,,
754,1,DDP,Cacao,Imp_Cacao,,,2046,,,,,,1.0,,,,,,,,,,,,,,,,
754,1,DDP,Cacao,Imp_Cacao,,,2047,,,,,,1.0,,,,,,,,,,,,,,,,
754,1,DDP,Cacao,Imp_Cacao,,,2048,,,,,,1.0,,,,,,,,,,,,,,,,
754,1,DDP,Cacao,Imp_Cacao,,,2049,,,,,,1.0,,,,,,,,,,,,,,,,
754,1,DDP,Cacao,Imp_Cacao,,,2050,,,,,,1.0,,,,,,,,,,,,,,,,
754,1,DDP,Cacao,Imp_Cacao,,,2051,,,,,,1.0,,,,,,,,,,,,,,,,
754,1,DDP,Cacao,Imp_Cacao,,,2052,,,,,,1.0,,,,,,,,,,,,,,,,
754,1,DDP,Cacao,Imp_Cacao,,,2053,,,,,,1.0,,,,,,,,,,,,,,,,
754,1,DDP,Cacao,Imp_Cacao,,,2054,,,,,,1.0,,,,,,,,,,,,,,,,
754,1,DDP,Cacao,Imp_Cacao,,,2055,,,,,,1.0,,,,,,,,,,,,,,,,
754,1,DDP,Cacao,Imp_Cacao,,,2056,,,,,,1.0,,,,,,,,,,,,,,,,
754,1,DDP,Cacao,Imp_Cacao,,,2057,,,,,,1.0,,,,,,,,,,,,,,,,
754,1,DDP,Cacao,Imp_Cacao,,,2058,,,,,,1.0,,,,,,,,,,,,,,,,
754,1,DDP,Cacao,Imp_Cacao,,,2059,,,,,,1.0,,,,,,,,,,,,,,,,
754,1,DDP,Cacao,Imp_Cacao,,,2060,,,,,,1.0,,,,,,,,,,,,,,,,
754,1,DDP,Cacao,Imp_Cacao,,,2061,,,,,,1.0,,,,,,,,,,,,,,,,
754,1,DDP,Cacao,Imp_Cacao,,,2062,,,,,,1.0,,,,,,,,,,,,,,,,
754,1,DDP,Cacao,Imp_Cacao,,,2063,,,,,,1.0,,,,,,,,,,,,,,,,
754,1,DDP,Cacao,Imp_Cacao,,,2064,,,,,,1.0,,,,,,,,,,,,,,,,
754,1,DDP,Cacao,Imp_Cacao,,,2065,,,,,,1.0,,,,,,,,,,,,,,,,
754,1,DDP,Cacao,Imp_Cacao,,,2066,,,,,,1.0,,,,,,,,,,,,,,,,
754,1,DDP,Cacao,Imp_Cacao,,,2067,,,,,,1.0,,,,,,,,,,,,,,,,
754,1,DDP,Cacao,Imp_Cacao,,,2068,,,,,,1.0,,,,,,,,,,,,,,,,
754,1,DDP,Cacao,Imp_Cacao,,,2069,,,,,,1.0,,,,,,,,,,,,,,,,
754,1,DDP,Cacao,Imp_Cacao,,,2070,,,,,,1.0,,,,,,,,,,,,,,,,
754,1,DDP,Cafe,Imp_Cafe,,,2018,,,,,,1.0,,,,,,,,,,,,,,,,
754,1,DDP,Cafe,Imp_Cafe,,,2019,,,,,,1.0,,,,,,,,,,,,,,,,
754,1,DDP,Cafe,Imp_Cafe,,,2020,,,,,,1.0,,,,,,,,,,,,,,,,
754,1,DDP,Cafe,Imp_Cafe,,,2021,,,,,,1.0,,,,,,,,,,,,,,,,
754,1,DDP,Cafe,Imp_Cafe,,,2022,,,,,,1.0,,,,,,,,,,,,,,,,
754,1,DDP,Cafe,Imp_Cafe,,,2023,,,,,,1.0,,,,,,,,,,,,,,,,
754,1,DDP,Cafe,Imp_Cafe,,,2024,,,,,,1.0,,,,,,,,,,,,,,,,
754,1,DDP,Cafe,Imp_Cafe,,,2025,,,,,,1.0,,,,,,,,,,,,,,,,
754,1,DDP,Cafe,Imp_Cafe,,,2026,,,,,,1.0,,,,,,,,,,,,,,,,
754,1,DDP,Cafe,Imp_Cafe,,,2027,,,,,,1.0,,,,,,,,,,,,,,,,
754,1,DDP,Cafe,Imp_Cafe,,,2028,,,,,,1.0,,,,,,,,,,,,,,,,
754,1,DDP,Cafe,Imp_Cafe,,,2029,,,,,,1.0,,,,,,,,,,,,,,,,
754,1,DDP,Cafe,Imp_Cafe,,,2030,,,,,,1.0,,,,,,,,,,,,,,,,
754,1,DDP,Cafe,Imp_Cafe,,,2031,,,,,,1.0,,,,,,,,,,,,,,,,
754,1,DDP,Cafe,Imp_Cafe,,,2032,,,,,,1.0,,,,,,,,,,,,,,,,
754,1,DDP,Cafe,Imp_Cafe,,,2033,,,,,,1.0,,,,,,,,,,,,,,,,
754,1,DDP,Cafe,Imp_Cafe,,,2034,,,,,,1.0,,,,,,,,,,,,,,,,
754,1,DDP,Cafe,Imp_Cafe,,,2035,,,,,,1.0,,,,,,,,,,,,,,,,
754,1,DDP,Cafe,Imp_Cafe,,,2036,,,,,,1.0,,,,,,,,,,,,,,,,
754,1,DDP,Cafe,Imp_Cafe,,,2037,,,,,,1.0,,,,,,,,,,,,,,,,
754,1,DDP,Cafe,Imp_Cafe,,,2038,,,,,,1.0,,,,,,,,,,,,,,,,
754,1,DDP,Cafe,Imp_Cafe,,,2039,,,,,,1.0,,,,,,,,,,,,,,,,
754,1,DDP,Cafe,Imp_Cafe,,,2040,,,,,,1.0,,,,,,,,,,,,,,,,
754,1,DDP,Cafe,Imp_Cafe,,,2041,,,,,,1.0,,,,,,,,,,,,,,,,
754,1,DDP,Cafe,Imp_Cafe,,,2042,,,,,,1.0,,,,,,,,,,,,,,,,
754,1,DDP,Cafe,Imp_Cafe,,,2043,,,,,,1.0,,,,,,,,,,,,,,,,
754,1,DDP,Cafe,Imp_Cafe,,,2044,,,,,,1.0,,,,,,,,,,,,,,,,
754,1,DDP,Cafe,Imp_Cafe,,,2045,,,,,,1.0,,,,,,,,,,,,,,,,
754,1,DDP,Cafe,Imp_Cafe,,,2046,,,,,,1.0,,,,,,,,,,,,,,,,
754,1,DDP,Cafe,Imp_Cafe,,,2047,,,,,,1.0,,,,,,,,,,,,,,,,
754,1,DDP,Cafe,Imp_Cafe,,,2048,,,,,,1.0,,,,,,,,,,,,,,,,
754,1,DDP,Cafe,Imp_Cafe,,,2049,,,,,,1.0,,,,,,,,,,,,,,,,
754,1,DDP,Cafe,Imp_Cafe,,,2050,,,,,,1.0,,,,,,,,,,,,,,,,
754,1,DDP,Cafe,Imp_Cafe,,,2051,,,,,,1.0,,,,,,,,,,,,,,,,
754,1,DDP,Cafe,Imp_Cafe,,,2052,,,,,,1.0,,,,,,,,,,,,,,,,
754,1,DDP,Cafe,Imp_Cafe,,,2053,,,,,,1.0,,,,,,,,,,,,,,,,
754,1,DDP,Cafe,Imp_Cafe,,,2054,,,,,,1.0,,,,,,,,,,,,,,,,
754,1,DDP,Cafe,Imp_Cafe,,,2055,,,,,,1.0,,,,,,,,,,,,,,,,
754,1,DDP,Cafe,Imp_Cafe,,,2056,,,,,,1.0,,,,,,,,,,,,,,,,
754,1,DDP,Cafe,Imp_Cafe,,,2057,,,,,,1.0,,,,,,,,,,,,,,,,
754,1,DDP,Cafe,Imp_Cafe,,,2058,,,,,,1.0,,,,,,,,,,,,,,,,
754,1,DDP,Cafe,Imp_Cafe,,,2059,,,,,,1.0,,,,,,,,,,,,,,,,
754,1,DDP,Cafe,Imp_Cafe,,,2060,,,,,,1.0,,,,,,,,,,,,,,,,
754,1,DDP,Cafe,Imp_Cafe,,,2061,,,,,,1.0,,,,,,,,,,,,,,,,
754,1,DDP,Cafe,Imp_Cafe,,,2062,,,,,,1.0,,,,,,,,,,,,,,,,
754,1,DDP,Cafe,Imp_Cafe,,,2063,,,,,,1.0,,,,,,,,,,,,,,,,
754,1,DDP,Cafe,Imp_Cafe,,,2064,,,,,,1.0,,,,,,,,,,,,,,,,
754,1,DDP,Cafe,Imp_Cafe,,,2065,,,,,,1.0,,,,,,,,,,,,,,,,
754,1,DDP,Cafe,Imp_Cafe,,,2066,,,,,,1.0,,,,,,,,,,,,,,,,
754,1,DDP,Cafe,Imp_Cafe,,,2067,,,,,,1.0,,,,,,,,,,,,,,,,
754,1,DDP,Cafe,Imp_Cafe,,,2068,,,,,,1.0,,,,,,,,,,,,,,,,
754,1,DDP,Cafe,Imp_Cafe,,,2069,,,,,,1.0,,,,,,,,,,,,,,,,
754,1,DDP,Cafe,Imp_Cafe,,,2070,,,,,,1.0,,,,,,,,,,,,,,,,
754,1,DDP,Cana,Imp_Cana,,,2018,,,,,,1.0,,,,,,,,,,,,,,,,
754,1,DDP,Cana,Imp_Cana,,,2019,,,,,,1.0,,,,,,,,,,,,,,,,
754,1,DDP,Cana,Imp_Cana,,,2020,,,,,,1.0,,,,,,,,,,,,,,,,
754,1,DDP,Cana,Imp_Cana,,,2021,,,,,,1.0,,,,,,,,,,,,,,,,
754,1,DDP,Cana,Imp_Cana,,,2022,,,,,,1.0,,,,,,,,,,,,,,,,
754,1,DDP,Cana,Imp_Cana,,,2023,,,,,,1.0,,,,,,,,,,,,,,,,
754,1,DDP,Cana,Imp_Cana,,,2024,,,,,,1.0,,,,,,,,,,,,,,,,
754,1,DDP,Cana,Imp_Cana,,,2025,,,,,,1.0,,,,,,,,,,,,,,,,
754,1,DDP,Cana,Imp_Cana,,,2026,,,,,,1.0,,,,,,,,,,,,,,,,
754,1,DDP,Cana,Imp_Cana,,,2027,,,,,,1.0,,,,,,,,,,,,,,,,
754,1,DDP,Cana,Imp_Cana,,,2028,,,,,,1.0,,,,,,,,,,,,,,,,
754,1,DDP,Cana,Imp_Cana,,,2029,,,,,,1.0,,,,,,,,,,,,,,,,
754,1,DDP,Cana,Imp_Cana,,,2030,,,,,,1.0,,,,,,,,,,,,,,,,
754,1,DDP,Cana,Imp_Cana,,,2031,,,,,,1.0,,,,,,,,,,,,,,,,
754,1,DDP,Cana,Imp_Cana,,,2032,,,,,,1.0,,,,,,,,,,,,,,,,
754,1,DDP,Cana,Imp_Cana,,,2033,,,,,,1.0,,,,,,,,,,,,,,,,
754,1,DDP,Cana,Imp_Cana,,,2034,,,,,,1.0,,,,,,,,,,,,,,,,
754,1,DDP,Cana,Imp_Cana,,,2035,,,,,,1.0,,,,,,,,,,,,,,,,
754,1,DDP,Cana,Imp_Cana,,,2036,,,,,,1.0,,,,,,,,,,,,,,,,
754,1,DDP,Cana,Imp_Cana,,,2037,,,,,,1.0,,,,,,,,,,,,,,,,
754,1,DDP,Cana,Imp_Cana,,,2038,,,,,,1.0,,,,,,,,,,,,,,,,
754,1,DDP,Cana,Imp_Cana,,,2039,,,,,,1.0,,,,,,,,,,,,,,,,
754,1,DDP,Cana,Imp_Cana,,,2040,,,,,,1.0,,,,,,,,,,,,,,,,
754,1,DDP,Cana,Imp_Cana,,,2041,,,,,,1.0,,,,,,,,,,,,,,,,
754,1,DDP,Cana,Imp_Cana,,,2042,,,,,,1.0,,,,,,,,,,,,,,,,
754,1,DDP,Cana,Imp_Cana,,,2043,,,,,,1.0,,,,,,,,,,,,,,,,
754,1,DDP,Cana,Imp_Cana,,,2044,,,,,,1.0,,,,,,,,,,,,,,,,
754,1,DDP,Cana,Imp_Cana,,,2045,,,,,,1.0,,,,,,,,,,,,,,,,
754,1,DDP,Cana,Imp_Cana,,,2046,,,,,,1.0,,,,,,,,,,,,,,,,
754,1,DDP,Cana,Imp_Cana,,,2047,,,,,,1.0,,,,,,,,,,,,,,,,
754,1,DDP,Cana,Imp_Cana,,,2048,,,,,,1.0,,,,,,,,,,,,,,,,
754,1,DDP,Cana,Imp_Cana,,,2049,,,,,,1.0,,,,,,,,,,,,,,,,
754,1,DDP,Cana,Imp_Cana,,,2050,,,,,,1.0,,,,,,,,,,,,,,,,
754,1,DDP,Cana,Imp_Cana,,,2051,,,,,,1.0,,,,,,,,,,,,,,,,
754,1,DDP,Cana,Imp_Cana,,,2052,,,,,,1.0,,,,,,,,,,,,,,,,
754,1,DDP,Cana,Imp_Cana,,,2053,,,,,,1.0,,,,,,,,,,,,,,,,
754,1,DDP,Cana,Imp_Cana,,,2054,,,,,,1.0,,,,,,,,,,,,,,,,
754,1,DDP,Cana,Imp_Cana,,,2055,,,,,,1.0,,,,,,,,,,,,,,,,
754,1,DDP,Cana,Imp_Cana,,,2056,,,,,,1.0,,,,,,,,,,,,,,,,
754,1,DDP,Cana,Imp_Cana,,,2057,,,,,,1.0,,,,,,,,,,,,,,,,
754,1,DDP,Cana,Imp_Cana,,,2058,,,,,,1.0,,,,,,,,,,,,,,,,
754,1,DDP,Cana,Imp_Cana,,,2059,,,,,,1.0,,,,,,,,,,,,,,,,
754,1,DDP,Cana,Imp_Cana,,,2060,,,,,,1.0,,,,,,,,,,,,,,,,
754,1,DDP,Cana,Imp_Cana,,,2061,,,,,,1.0,,,,,,,,,,,,,,,,
754,1,DDP,Cana,Imp_Cana,,,2062,,,,,,1.0,,,,,,,,,,,,,,,,
754,1,DDP,Cana,Imp_Cana,,,2063,,,,,,1.0,,,,,,,,,,,,,,,,
754,1,DDP,Cana,Imp_Cana,,,2064,,,,,,1.0,,,,,,,,,,,,,,,,
754,1,DDP,Cana,Imp_Cana,,,2065,,,,,,1.0,,,,,,,,,,,,,,,,
754,1,DDP,Cana,Imp_Cana,,,2066,,,,,,1.0,,,,,,,,,,,,,,,,
754,1,DDP,Cana,Imp_Cana,,,2067,,,,,,1.0,,,,,,,,,,,,,,,,
754,1,DDP,Cana,Imp_Cana,,,2068,,,,,,1.0,,,,,,,,,,,,,,,,
754,1,DDP,Cana,Imp_Cana,,,2069,,,,,,1.0,,,,,,,,,,,,,,,,
754,1,DDP,Cana,Imp_Cana,,,2070,,,,,,1.0,,,,,,,,,,,,,,,,
754,1,DDP,Maiz,Imp_Maiz,,,2018,,,,,,1.0,,,,,,,,,,,,,,,,
754,1,DDP,Maiz,Imp_Maiz,,,2019,,,,,,1.0,,,,,,,,,,,,,,,,
754,1,DDP,Maiz,Imp_Maiz,,,2020,,,,,,1.0,,,,,,,,,,,,,,,,
754,1,DDP,Maiz,Imp_Maiz,,,2021,,,,,,1.0,,,,,,,,,,,,,,,,
754,1,DDP,Maiz,Imp_Maiz,,,2022,,,,,,1.0,,,,,,,,,,,,,,,,
754,1,DDP,Maiz,Imp_Maiz,,,2023,,,,,,1.0,,,,,,,,,,,,,,,,
754,1,DDP,Maiz,Imp_Maiz,,,2024,,,,,,1.0,,,,,,,,,,,,,,,,
754,1,DDP,Maiz,Imp_Maiz,,,2025,,,,,,1.0,,,,,,,,,,,,,,,,
754,1,DDP,Maiz,Imp_Maiz,,,2026,,,,,,1.0,,,,,,,,,,,,,,,,
754,1,DDP,Maiz,Imp_Maiz,,,2027,,,,,,1.0,,,,,,,,,,,,,,,,
754,1,DDP,Maiz,Imp_Maiz,,,2028,,,,,,1.0,,,,,,,,,,,,,,,,
754,1,DDP,Maiz,Imp_Maiz,,,2029,,,,,,1.0,,,,,,,,,,,,,,,,
754,1,DDP,Maiz,Imp_Maiz,,,2030,,,,,,1.0,,,,,,,,,,,,,,,,
754,1,DDP,Maiz,Imp_Maiz,,,2031,,,,,,1.0,,,,,,,,,,,,,,,,
754,1,DDP,Maiz,Imp_Maiz,,,2032,,,,,,1.0,,,,,,,,,,,,,,,,
754,1,DDP,Maiz,Imp_Maiz,,,2033,,,,,,1.0,,,,,,,,,,,,,,,,
754,1,DDP,Maiz,Imp_Maiz,,,2034,,,,,,1.0,,,,,,,,,,,,,,,,
754,1,DDP,Maiz,Imp_Maiz,,,2035,,,,,,1.0,,,,,,,,,,,,,,,,
754,1,DDP,Maiz,Imp_Maiz,,,2036,,,,,,1.0,,,,,,,,,,,,,,,,
754,1,DDP,Maiz,Imp_Maiz,,,2037,,,,,,1.0,,,,,,,,,,,,,,,,
754,1,DDP,Maiz,Imp_Maiz,,,2038,,,,,,1.0,,,,,,,,,,,,,,,,
754,1,DDP,Maiz,Imp_Maiz,,,2039,,,,,,1.0,,,,,,,,,,,,,,,,
754,1,DDP,Maiz,Imp_Maiz,,,2040,,,,,,1.0,,,,,,,,,,,,,,,,
754,1,DDP,Maiz,Imp_Maiz,,,2041,,,,,,1.0,,,,,,,,,,,,,,,,
754,1,DDP,Maiz,Imp_Maiz,,,2042,,,,,,1.0,,,,,,,,,,,,,,,,
754,1,DDP,Maiz,Imp_Maiz,,,2043,,,,,,1.0,,,,,,,,,,,,,,,,
754,1,DDP,Maiz,Imp_Maiz,,,2044,,,,,,1.0,,,,,,,,,,,,,,,,
754,1,DDP,Maiz,Imp_Maiz,,,2045,,,,,,1.0,,,,,,,,,,,,,,,,
754,1,DDP,Maiz,Imp_Maiz,,,2046,,,,,,1.0,,,,,,,,,,,,,,,,
754,1,DDP,Maiz,Imp_Maiz,,,2047,,,,,,1.0,,,,,,,,,,,,,,,,
754,1,DDP,Maiz,Imp_Maiz,,,2048,,,,,,1.0,,,,,,,,,,,,,,,,
754,1,DDP,Maiz,Imp_Maiz,,,2049,,,,,,1.0,,,,,,,,,,,,,,,,
754,1,DDP,Maiz,Imp_Maiz,,,2050,,,,,,1.0,,,,,,,,,,,,,,,,
754,1,DDP,Maiz,Imp_Maiz,,,2051,,,,,,1.0,,,,,,,,,,,,,,,,
754,1,DDP,Maiz,Imp_Maiz,,,2052,,,,,,1.0,,,,,,,,,,,,,,,,
754,1,DDP,Maiz,Imp_Maiz,,,2053,,,,,,1.0,,,,,,,,,,,,,,,,
754,1,DDP,Maiz,Imp_Maiz,,,2054,,,,,,1.0,,,,,,,,,,,,,,,,
754,1,DDP,Maiz,Imp_Maiz,,,2055,,,,,,1.0,,,,,,,,,,,,,,,,
754,1,DDP,Maiz,Imp_Maiz,,,2056,,,,,,1.0,,,,,,,,,,,,,,,,
754,1,DDP,Maiz,Imp_Maiz,,,2057,,,,,,1.0,,,,,,,,,,,,,,,,
754,1,DDP,Maiz,Imp_Maiz,,,2058,,,,,,1.0,,,,,,,,,,,,,,,,
754,1,DDP,Maiz,Imp_Maiz,,,2059,,,,,,1.0,,,,,,,,,,,,,,,,
754,1,DDP,Maiz,Imp_Maiz,,,2060,,,,,,1.0,,,,,,,,,,,,,,,,
754,1,DDP,Maiz,Imp_Maiz,,,2061,,,,,,1.0,,,,,,,,,,,,,,,,
754,1,DDP,Maiz,Imp_Maiz,,,2062,,,,,,1.0,,,,,,,,,,,,,,,,
754,1,DDP,Maiz,Imp_Maiz,,,2063,,,,,,1.0,,,,,,,,,,,,,,,,
754,1,DDP,Maiz,Imp_Maiz,,,2064,,,,,,1.0,,,,,,,,,,,,,,,,
754,1,DDP,Maiz,Imp_Maiz,,,2065,,,,,,1.0,,,,,,,,,,,,,,,,
754,1,DDP,Maiz,Imp_Maiz,,,2066,,,,,,1.0,,,,,,,,,,,,,,,,
754,1,DDP,Maiz,Imp_Maiz,,,2067,,,,,,1.0,,,,,,,,,,,,,,,,
754,1,DDP,Maiz,Imp_Maiz,,,2068,,,,,,1.0,,,,,,,,,,,,,,,,
754,1,DDP,Maiz,Imp_Maiz,,,2069,,,,,,1.0,,,,,,,,,,,,,,,,
754,1,DDP,Maiz,Imp_Maiz,,,2070,,,,,,1.0,,,,,,,,,,,,,,,,
754,1,DDP,Palma,Imp_Palma,,,2018,,,,,,1.0,,,,,,,,,,,,,,,,
754,1,DDP,Palma,Imp_Palma,,,2019,,,,,,1.0,,,,,,,,,,,,,,,,
754,1,DDP,Palma,Imp_Palma,,,2020,,,,,,1.0,,,,,,,,,,,,,,,,
754,1,DDP,Palma,Imp_Palma,,,2021,,,,,,1.0,,,,,,,,,,,,,,,,
754,1,DDP,Palma,Imp_Palma,,,2022,,,,,,1.0,,,,,,,,,,,,,,,,
754,1,DDP,Palma,Imp_Palma,,,2023,,,,,,1.0,,,,,,,,,,,,,,,,
754,1,DDP,Palma,Imp_Palma,,,2024,,,,,,1.0,,,,,,,,,,,,,,,,
754,1,DDP,Palma,Imp_Palma,,,2025,,,,,,1.0,,,,,,,,,,,,,,,,
754,1,DDP,Palma,Imp_Palma,,,2026,,,,,,1.0,,,,,,,,,,,,,,,,
754,1,DDP,Palma,Imp_Palma,,,2027,,,,,,1.0,,,,,,,,,,,,,,,,
754,1,DDP,Palma,Imp_Palma,,,2028,,,,,,1.0,,,,,,,,,,,,,,,,
754,1,DDP,Palma,Imp_Palma,,,2029,,,,,,1.0,,,,,,,,,,,,,,,,
754,1,DDP,Palma,Imp_Palma,,,2030,,,,,,1.0,,,,,,,,,,,,,,,,
754,1,DDP,Palma,Imp_Palma,,,2031,,,,,,1.0,,,,,,,,,,,,,,,,
754,1,DDP,Palma,Imp_Palma,,,2032,,,,,,1.0,,,,,,,,,,,,,,,,
754,1,DDP,Palma,Imp_Palma,,,2033,,,,,,1.0,,,,,,,,,,,,,,,,
754,1,DDP,Palma,Imp_Palma,,,2034,,,,,,1.0,,,,,,,,,,,,,,,,
754,1,DDP,Palma,Imp_Palma,,,2035,,,,,,1.0,,,,,,,,,,,,,,,,
754,1,DDP,Palma,Imp_Palma,,,2036,,,,,,1.0,,,,,,,,,,,,,,,,
754,1,DDP,Palma,Imp_Palma,,,2037,,,,,,1.0,,,,,,,,,,,,,,,,
754,1,DDP,Palma,Imp_Palma,,,2038,,,,,,1.0,,,,,,,,,,,,,,,,
754,1,DDP,Palma,Imp_Palma,,,2039,,,,,,1.0,,,,,,,,,,,,,,,,
754,1,DDP,Palma,Imp_Palma,,,2040,,,,,,1.0,,,,,,,,,,,,,,,,
754,1,DDP,Palma,Imp_Palma,,,2041,,,,,,1.0,,,,,,,,,,,,,,,,
754,1,DDP,Palma,Imp_Palma,,,2042,,,,,,1.0,,,,,,,,,,,,,,,,
754,1,DDP,Palma,Imp_Palma,,,2043,,,,,,1.0,,,,,,,,,,,,,,,,
754,1,DDP,Palma,Imp_Palma,,,2044,,,,,,1.0,,,,,,,,,,,,,,,,
754,1,DDP,Palma,Imp_Palma,,,2045,,,,,,1.0,,,,,,,,,,,,,,,,
754,1,DDP,Palma,Imp_Palma,,,2046,,,,,,1.0,,,,,,,,,,,,,,,,
754,1,DDP,Palma,Imp_Palma,,,2047,,,,,,1.0,,,,,,,,,,,,,,,,
754,1,DDP,Palma,Imp_Palma,,,2048,,,,,,1.0,,,,,,,,,,,,,,,,
754,1,DDP,Palma,Imp_Palma,,,2049,,,,,,1.0,,,,,,,,,,,,,,,,
754,1,DDP,Palma,Imp_Palma,,,2050,,,,,,1.0,,,,,,,,,,,,,,,,
754,1,DDP,Palma,Imp_Palma,,,2051,,,,,,1.0,,,,,,,,,,,,,,,,
754,1,DDP,Palma,Imp_Palma,,,2052,,,,,,1.0,,,,,,,,,,,,,,,,
754,1,DDP,Palma,Imp_Palma,,,2053,,,,,,1.0,,,,,,,,,,,,,,,,
754,1,DDP,Palma,Imp_Palma,,,2054,,,,,,1.0,,,,,,,,,,,,,,,,
754,1,DDP,Palma,Imp_Palma,,,2055,,,,,,1.0,,,,,,,,,,,,,,,,
754,1,DDP,Palma,Imp_Palma,,,2056,,,,,,1.0,,,,,,,,,,,,,,,,
754,1,DDP,Palma,Imp_Palma,,,2057,,,,,,1.0,,,,,,,,,,,,,,,,
754,1,DDP,Palma,Imp_Palma,,,2058,,,,,,1.0,,,,,,,,,,,,,,,,
754,1,DDP,Palma,Imp_Palma,,,2059,,,,,,1.0,,,,,,,,,,,,,,,,
754,1,DDP,Palma,Imp_Palma,,,2060,,,,,,1.0,,,,,,,,,,,,,,,,
754,1,DDP,Palma,Imp_Palma,,,2061,,,,,,1.0,,,,,,,,,,,,,,,,
754,1,DDP,Palma,Imp_Palma,,,2062,,,,,,1.0,,,,,,,,,,,,,,,,
754,1,DDP,Palma,Imp_Palma,,,2063,,,,,,1.0,,,,,,,,,,,,,,,,
754,1,DDP,Palma,Imp_Palma,,,2064,,,,,,1.0,,,,,,,,,,,,,,,,
754,1,DDP,Palma,Imp_Palma,,,2065,,,,,,1.0,,,,,,,,,,,,,,,,
754,1,DDP,Palma,Imp_Palma,,,2066,,,,,,1.0,,,,,,,,,,,,,,,,
754,1,DDP,Palma,Imp_Palma,,,2067,,,,,,1.0,,,,,,,,,,,,,,,,
754,1,DDP,Palma,Imp_Palma,,,2068,,,,,,1.0,,,,,,,,,,,,,,,,
754,1,DDP,Palma,Imp_Palma,,,2069,,,,,,1.0,,,,,,,,,,,,,,,,
754,1,DDP,Palma,Imp_Palma,,,2070,,,,,,1.0,,,,,,,,,,,,,,,,
754,1,DDP,Soya,Imp_Soya,,,2018,,,,,,1.0,,,,,,,,,,,,,,,,
754,1,DDP,Soya,Imp_Soya,,,2019,,,,,,1.0,,,,,,,,,,,,,,,,
754,1,DDP,Soya,Imp_Soya,,,2020,,,,,,1.0,,,,,,,,,,,,,,,,
754,1,DDP,Soya,Imp_Soya,,,2021,,,,,,1.0,,,,,,,,,,,,,,,,
754,1,DDP,Soya,Imp_Soya,,,2022,,,,,,1.0,,,,,,,,,,,,,,,,
754,1,DDP,Soya,Imp_Soya,,,2023,,,,,,1.0,,,,,,,,,,,,,,,,
754,1,DDP,Soya,Imp_Soya,,,2024,,,,,,1.0,,,,,,,,,,,,,,,,
754,1,DDP,Soya,Imp_Soya,,,2025,,,,,,1.0,,,,,,,,,,,,,,,,
754,1,DDP,Soya,Imp_Soya,,,2026,,,,,,1.0,,,,,,,,,,,,,,,,
754,1,DDP,Soya,Imp_Soya,,,2027,,,,,,1.0,,,,,,,,,,,,,,,,
754,1,DDP,Soya,Imp_Soya,,,2028,,,,,,1.0,,,,,,,,,,,,,,,,
754,1,DDP,Soya,Imp_Soya,,,2029,,,,,,1.0,,,,,,,,,,,,,,,,
754,1,DDP,Soya,Imp_Soya,,,2030,,,,,,1.0,,,,,,,,,,,,,,,,
754,1,DDP,Soya,Imp_Soya,,,2031,,,,,,1.0,,,,,,,,,,,,,,,,
754,1,DDP,Soya,Imp_Soya,,,2032,,,,,,1.0,,,,,,,,,,,,,,,,
754,1,DDP,Soya,Imp_Soya,,,2033,,,,,,1.0,,,,,,,,,,,,,,,,
754,1,DDP,Soya,Imp_Soya,,,2034,,,,,,1.0,,,,,,,,,,,,,,,,
754,1,DDP,Soya,Imp_Soya,,,2035,,,,,,1.0,,,,,,,,,,,,,,,,
754,1,DDP,Soya,Imp_Soya,,,2036,,,,,,1.0,,,,,,,,,,,,,,,,
754,1,DDP,Soya,Imp_Soya,,,2037,,,,,,1.0,,,,,,,,,,,,,,,,
754,1,DDP,Soya,Imp_Soya,,,2038,,,,,,1.0,,,,,,,,,,,,,,,,
754,1,DDP,Soya,Imp_Soya,,,2039,,,,,,1.0,,,,,,,,,,,,,,,,
754,1,DDP,Soya,Imp_Soya,,,2040,,,,,,1.0,,,,,,,,,,,,,,,,
754,1,DDP,Soya,Imp_Soya,,,2041,,,,,,1.0,,,,,,,,,,,,,,,,
754,1,DDP,Soya,Imp_Soya,,,2042,,,,,,1.0,,,,,,,,,,,,,,,,
754,1,DDP,Soya,Imp_Soya,,,2043,,,,,,1.0,,,,,,,,,,,,,,,,
754,1,DDP,Soya,Imp_Soya,,,2044,,,,,,1.0,,,,,,,,,,,,,,,,
754,1,DDP,Soya,Imp_Soya,,,2045,,,,,,1.0,,,,,,,,,,,,,,,,
754,1,DDP,Soya,Imp_Soya,,,2046,,,,,,1.0,,,,,,,,,,,,,,,,
754,1,DDP,Soya,Imp_Soya,,,2047,,,,,,1.0,,,,,,,,,,,,,,,,
754,1,DDP,Soya,Imp_Soya,,,2048,,,,,,1.0,,,,,,,,,,,,,,,,
754,1,DDP,Soya,Imp_Soya,,,2049,,,,,,1.0,,,,,,,,,,,,,,,,
754,1,DDP,Soya,Imp_Soya,,,2050,,,,,,1.0,,,,,,,,,,,,,,,,
754,1,DDP,Soya,Imp_Soya,,,2051,,,,,,1.0,,,,,,,,,,,,,,,,
754,1,DDP,Soya,Imp_Soya,,,2052,,,,,,1.0,,,,,,,,,,,,,,,,
754,1,DDP,Soya,Imp_Soya,,,2053,,,,,,1.0,,,,,,,,,,,,,,,,
754,1,DDP,Soya,Imp_Soya,,,2054,,,,,,1.0,,,,,,,,,,,,,,,,
754,1,DDP,Soya,Imp_Soya,,,2055,,,,,,1.0,,,,,,,,,,,,,,,,
754,1,DDP,Soya,Imp_Soya,,,2056,,,,,,1.0,,,,,,,,,,,,,,,,
754,1,DDP,Soya,Imp_Soya,,,2057,,,,,,1.0,,,,,,,,,,,,,,,,
754,1,DDP,Soya,Imp_Soya,,,2058,,,,,,1.0,,,,,,,,,,,,,,,,
754,1,DDP,Soya,Imp_Soya,,,2059,,,,,,1.0,,,,,,,,,,,,,,,,
754,1,DDP,Soya,Imp_Soya,,,2060,,,,,,1.0,,,,,,,,,,,,,,,,
754,1,DDP,Soya,Imp_Soya,,,2061,,,,,,1.0,,,,,,,,,,,,,,,,
754,1,DDP,Soya,Imp_Soya,,,2062,,,,,,1.0,,,,,,,,,,,,,,,,
754,1,DDP,Soya,Imp_Soya,,,2063,,,,,,1.0,,,,,,,,,,,,,,,,
754,1,DDP,Soya,Imp_Soya,,,2064,,,,,,1.0,,,,,,,,,,,,,,,,
754,1,DDP,Soya,Imp_Soya,,,2065,,,,,,1.0,,,,,,,,,,,,,,,,
754,1,DDP,Soya,Imp_Soya,,,2066,,,,,,1.0,,,,,,,,,,,,,,,,
754,1,DDP,Soya,Imp_Soya,,,2067,,,,,,1.0,,,,,,,,,,,,,,,,
754,1,DDP,Soya,Imp_Soya,,,2068,,,,,,1.0,,,,,,,,,,,,,,,,
754,1,DDP,Soya,Imp_Soya,,,2069,,,,,,1.0,,,,,,,,,,,,,,,,
754,1,DDP,Soya,Imp_Soya,,,2070,,,,,,1.0,,,,,,,,,,,,,,,,
754,1,DDP,Palmito,Imp_Palmito,,,2018,,,,,,1.0,,,,,,,,,,,,,,,,
754,1,DDP,Palmito,Imp_Palmito,,,2019,,,,,,1.0,,,,,,,,,,,,,,,,
754,1,DDP,Palmito,Imp_Palmito,,,2020,,,,,,1.0,,,,,,,,,,,,,,,,
754,1,DDP,Palmito,Imp_Palmito,,,2021,,,,,,1.0,,,,,,,,,,,,,,,,
754,1,DDP,Palmito,Imp_Palmito,,,2022,,,,,,1.0,,,,,,,,,,,,,,,,
754,1,DDP,Palmito,Imp_Palmito,,,2023,,,,,,1.0,,,,,,,,,,,,,,,,
754,1,DDP,Palmito,Imp_Palmito,,,2024,,,,,,1.0,,,,,,,,,,,,,,,,
754,1,DDP,Palmito,Imp_Palmito,,,2025,,,,,,1.0,,,,,,,,,,,,,,,,
754,1,DDP,Palmito,Imp_Palmito,,,2026,,,,,,1.0,,,,,,,,,,,,,,,,
754,1,DDP,Palmito,Imp_Palmito,,,2027,,,,,,1.0,,,,,,,,,,,,,,,,
754,1,DDP,Palmito,Imp_Palmito,,,2028,,,,,,1.0,,,,,,,,,,,,,,,,
754,1,DDP,Palmito,Imp_Palmito,,,2029,,,,,,1.0,,,,,,,,,,,,,,,,
754,1,DDP,Palmito,Imp_Palmito,,,2030,,,,,,1.0,,,,,,,,,,,,,,,,
754,1,DDP,Palmito,Imp_Palmito,,,2031,,,,,,1.0,,,,,,,,,,,,,,,,
754,1,DDP,Palmito,Imp_Palmito,,,2032,,,,,,1.0,,,,,,,,,,,,,,,,
754,1,DDP,Palmito,Imp_Palmito,,,2033,,,,,,1.0,,,,,,,,,,,,,,,,
754,1,DDP,Palmito,Imp_Palmito,,,2034,,,,,,1.0,,,,,,,,,,,,,,,,
754,1,DDP,Palmito,Imp_Palmito,,,2035,,,,,,1.0,,,,,,,,,,,,,,,,
754,1,DDP,Palmito,Imp_Palmito,,,2036,,,,,,1.0,,,,,,,,,,,,,,,,
754,1,DDP,Palmito,Imp_Palmito,,,2037,,,,,,1.0,,,,,,,,,,,,,,,,
754,1,DDP,Palmito,Imp_Palmito,,,2038,,,,,,1.0,,,,,,,,,,,,,,,,
754,1,DDP,Palmito,Imp_Palmito,,,2039,,,,,,1.0,,,,,,,,,,,,,,,,
754,1,DDP,Palmito,Imp_Palmito,,,2040,,,,,,1.0,,,,,,,,,,,,,,,,
754,1,DDP,Palmito,Imp_Palmito,,,2041,,,,,,1.0,,,,,,,,,,,,,,,,
754,1,DDP,Palmito,Imp_Palmito,,,2042,,,,,,1.0,,,,,,,,,,,,,,,,
754,1,DDP,Palmito,Imp_Palmito,,,2043,,,,,,1.0,,,,,,,,,,,,,,,,
754,1,DDP,Palmito,Imp_Palmito,,,2044,,,,,,1.0,,,,,,,,,,,,,,,,
754,1,DDP,Palmito,Imp_Palmito,,,2045,,,,,,1.0,,,,,,,,,,,,,,,,
754,1,DDP,Palmito,Imp_Palmito,,,2046,,,,,,1.0,,,,,,,,,,,,,,,,
754,1,DDP,Palmito,Imp_Palmito,,,2047,,,,,,1.0,,,,,,,,,,,,,,,,
754,1,DDP,Palmito,Imp_Palmito,,,2048,,,,,,1.0,,,,,,,,,,,,,,,,
754,1,DDP,Palmito,Imp_Palmito,,,2049,,,,,,1.0,,,,,,,,,,,,,,,,
754,1,DDP,Palmito,Imp_Palmito,,,2050,,,,,,1.0,,,,,,,,,,,,,,,,
754,1,DDP,Palmito,Imp_Palmito,,,2051,,,,,,1.0,,,,,,,,,,,,,,,,
754,1,DDP,Palmito,Imp_Palmito,,,2052,,,,,,1.0,,,,,,,,,,,,,,,,
754,1,DDP,Palmito,Imp_Palmito,,,2053,,,,,,1.0,,,,,,,,,,,,,,,,
754,1,DDP,Palmito,Imp_Palmito,,,2054,,,,,,1.0,,,,,,,,,,,,,,,,
754,1,DDP,Palmito,Imp_Palmito,,,2055,,,,,,1.0,,,,,,,,,,,,,,,,
754,1,DDP,Palmito,Imp_Palmito,,,2056,,,,,,1.0,,,,,,,,,,,,,,,,
754,1,DDP,Palmito,Imp_Palmito,,,2057,,,,,,1.0,,,,,,,,,,,,,,,,
754,1,DDP,Palmito,Imp_Palmito,,,2058,,,,,,1.0,,,,,,,,,,,,,,,,
754,1,DDP,Palmito,Imp_Palmito,,,2059,,,,,,1.0,,,,,,,,,,,,,,,,
754,1,DDP,Palmito,Imp_Palmito,,,2060,,,,,,1.0,,,,,,,,,,,,,,,,
754,1,DDP,Palmito,Imp_Palmito,,,2061,,,,,,1.0,,,,,,,,,,,,,,,,
754,1,DDP,Palmito,Imp_Palmito,,,2062,,,,,,1.0,,,,,,,,,,,,,,,,
754,1,DDP,Palmito,Imp_Palmito,,,2063,,,,,,1.0,,,,,,,,,,,,,,,,
754,1,DDP,Palmito,Imp_Palmito,,,2064,,,,,,1.0,,,,,,,,,,,,,,,,
754,1,DDP,Palmito,Imp_Palmito,,,2065,,,,,,1.0,,,,,,,,,,,,,,,,
754,1,DDP,Palmito,Imp_Palmito,,,2066,,,,,,1.0,,,,,,,,,,,,,,,,
754,1,DDP,Palmito,Imp_Palmito,,,2067,,,,,,1.0,,,,,,,,,,,,,,,,
754,1,DDP,Palmito,Imp_Palmito,,,2068,,,,,,1.0,,,,,,,,,,,,,,,,
754,1,DDP,Palmito,Imp_Palmito,,,2069,,,,,,1.0,,,,,,,,,,,,,,,,
754,1,DDP,Palmito,Imp_Palmito,,,2070,,,,,,1.0,,,,,,,,,,,,,,,,
754,1,DDP,Legumbres,Imp_Legumbres,,,2018,,,,,,1.0,,,,,,,,,,,,,,,,
754,1,DDP,Legumbres,Imp_Legumbres,,,2019,,,,,,1.0,,,,,,,,,,,,,,,,
754,1,DDP,Legumbres,Imp_Legumbres,,,2020,,,,,,1.0,,,,,,,,,,,,,,,,
754,1,DDP,Legumbres,Imp_Legumbres,,,2021,,,,,,1.0,,,,,,,,,,,,,,,,
754,1,DDP,Legumbres,Imp_Legumbres,,,2022,,,,,,1.0,,,,,,,,,,,,,,,,
754,1,DDP,Legumbres,Imp_Legumbres,,,2023,,,,,,1.0,,,,,,,,,,,,,,,,
754,1,DDP,Legumbres,Imp_Legumbres,,,2024,,,,,,1.0,,,,,,,,,,,,,,,,
754,1,DDP,Legumbres,Imp_Legumbres,,,2025,,,,,,1.0,,,,,,,,,,,,,,,,
754,1,DDP,Legumbres,Imp_Legumbres,,,2026,,,,,,1.0,,,,,,,,,,,,,,,,
754,1,DDP,Legumbres,Imp_Legumbres,,,2027,,,,,,1.0,,,,,,,,,,,,,,,,
754,1,DDP,Legumbres,Imp_Legumbres,,,2028,,,,,,1.0,,,,,,,,,,,,,,,,
754,1,DDP,Legumbres,Imp_Legumbres,,,2029,,,,,,1.0,,,,,,,,,,,,,,,,
754,1,DDP,Legumbres,Imp_Legumbres,,,2030,,,,,,1.0,,,,,,,,,,,,,,,,
754,1,DDP,Legumbres,Imp_Legumbres,,,2031,,,,,,1.0,,,,,,,,,,,,,,,,
754,1,DDP,Legumbres,Imp_Legumbres,,,2032,,,,,,1.0,,,,,,,,,,,,,,,,
754,1,DDP,Legumbres,Imp_Legumbres,,,2033,,,,,,1.0,,,,,,,,,,,,,,,,
754,1,DDP,Legumbres,Imp_Legumbres,,,2034,,,,,,1.0,,,,,,,,,,,,,,,,
754,1,DDP,Legumbres,Imp_Legumbres,,,2035,,,,,,1.0,,,,,,,,,,,,,,,,
754,1,DDP,Legumbres,Imp_Legumbres,,,2036,,,,,,1.0,,,,,,,,,,,,,,,,
754,1,DDP,Legumbres,Imp_Legumbres,,,2037,,,,,,1.0,,,,,,,,,,,,,,,,
754,1,DDP,Legumbres,Imp_Legumbres,,,2038,,,,,,1.0,,,,,,,,,,,,,,,,
754,1,DDP,Legumbres,Imp_Legumbres,,,2039,,,,,,1.0,,,,,,,,,,,,,,,,
754,1,DDP,Legumbres,Imp_Legumbres,,,2040,,,,,,1.0,,,,,,,,,,,,,,,,
754,1,DDP,Legumbres,Imp_Legumbres,,,2041,,,,,,1.0,,,,,,,,,,,,,,,,
754,1,DDP,Legumbres,Imp_Legumbres,,,2042,,,,,,1.0,,,,,,,,,,,,,,,,
754,1,DDP,Legumbres,Imp_Legumbres,,,2043,,,,,,1.0,,,,,,,,,,,,,,,,
754,1,DDP,Legumbres,Imp_Legumbres,,,2044,,,,,,1.0,,,,,,,,,,,,,,,,
754,1,DDP,Legumbres,Imp_Legumbres,,,2045,,,,,,1.0,,,,,,,,,,,,,,,,
754,1,DDP,Legumbres,Imp_Legumbres,,,2046,,,,,,1.0,,,,,,,,,,,,,,,,
754,1,DDP,Legumbres,Imp_Legumbres,,,2047,,,,,,1.0,,,,,,,,,,,,,,,,
754,1,DDP,Legumbres,Imp_Legumbres,,,2048,,,,,,1.0,,,,,,,,,,,,,,,,
754,1,DDP,Legumbres,Imp_Legumbres,,,2049,,,,,,1.0,,,,,,,,,,,,,,,,
754,1,DDP,Legumbres,Imp_Legumbres,,,2050,,,,,,1.0,,,,,,,,,,,,,,,,
754,1,DDP,Legumbres,Imp_Legumbres,,,2051,,,,,,1.0,,,,,,,,,,,,,,,,
754,1,DDP,Legumbres,Imp_Legumbres,,,2052,,,,,,1.0,,,,,,,,,,,,,,,,
754,1,DDP,Legumbres,Imp_Legumbres,,,2053,,,,,,1.0,,,,,,,,,,,,,,,,
754,1,DDP,Legumbres,Imp_Legumbres,,,2054,,,,,,1.0,,,,,,,,,,,,,,,,
754,1,DDP,Legumbres,Imp_Legumbres,,,2055,,,,,,1.0,,,,,,,,,,,,,,,,
754,1,DDP,Legumbres,Imp_Legumbres,,,2056,,,,,,1.0,,,,,,,,,,,,,,,,
754,1,DDP,Legumbres,Imp_Legumbres,,,2057,,,,,,1.0,,,,,,,,,,,,,,,,
754,1,DDP,Legumbres,Imp_Legumbres,,,2058,,,,,,1.0,,,,,,,,,,,,,,,,
754,1,DDP,Legumbres,Imp_Legumbres,,,2059,,,,,,1.0,,,,,,,,,,,,,,,,
754,1,DDP,Legumbres,Imp_Legumbres,,,2060,,,,,,1.0,,,,,,,,,,,,,,,,
754,1,DDP,Legumbres,Imp_Legumbres,,,2061,,,,,,1.0,,,,,,,,,,,,,,,,
754,1,DDP,Legumbres,Imp_Legumbres,,,2062,,,,,,1.0,,,,,,,,,,,,,,,,
754,1,DDP,Legumbres,Imp_Legumbres,,,2063,,,,,,1.0,,,,,,,,,,,,,,,,
754,1,DDP,Legumbres,Imp_Legumbres,,,2064,,,,,,1.0,,,,,,,,,,,,,,,,
754,1,DDP,Legumbres,Imp_Legumbres,,,2065,,,,,,1.0,,,,,,,,,,,,,,,,
754,1,DDP,Legumbres,Imp_Legumbres,,,2066,,,,,,1.0,,,,,,,,,,,,,,,,
754,1,DDP,Legumbres,Imp_Legumbres,,,2067,,,,,,1.0,,,,,,,,,,,,,,,,
754,1,DDP,Legumbres,Imp_Legumbres,,,2068,,,,,,1.0,,,,,,,,,,,,,,,,
754,1,DDP,Legumbres,Imp_Legumbres,,,2069,,,,,,1.0,,,,,,,,,,,,,,,,
754,1,DDP,Legumbres,Imp_Legumbres,,,2070,,,,,,1.0,,,,,,,,,,,,,,,,
754,1,DDP,Cereales,Imp_Cereales,,,2018,,,,,,1.0,,,,,,,,,,,,,,,,
754,1,DDP,Cereales,Imp_Cereales,,,2019,,,,,,1.0,,,,,,,,,,,,,,,,
754,1,DDP,Cereales,Imp_Cereales,,,2020,,,,,,1.0,,,,,,,,,,,,,,,,
754,1,DDP,Cereales,Imp_Cereales,,,2021,,,,,,1.0,,,,,,,,,,,,,,,,
754,1,DDP,Cereales,Imp_Cereales,,,2022,,,,,,1.0,,,,,,,,,,,,,,,,
754,1,DDP,Cereales,Imp_Cereales,,,2023,,,,,,1.0,,,,,,,,,,,,,,,,
754,1,DDP,Cereales,Imp_Cereales,,,2024,,,,,,1.0,,,,,,,,,,,,,,,,
754,1,DDP,Cereales,Imp_Cereales,,,2025,,,,,,1.0,,,,,,,,,,,,,,,,
754,1,DDP,Cereales,Imp_Cereales,,,2026,,,,,,1.0,,,,,,,,,,,,,,,,
754,1,DDP,Cereales,Imp_Cereales,,,2027,,,,,,1.0,,,,,,,,,,,,,,,,
754,1,DDP,Cereales,Imp_Cereales,,,2028,,,,,,1.0,,,,,,,,,,,,,,,,
754,1,DDP,Cereales,Imp_Cereales,,,2029,,,,,,1.0,,,,,,,,,,,,,,,,
754,1,DDP,Cereales,Imp_Cereales,,,2030,,,,,,1.0,,,,,,,,,,,,,,,,
754,1,DDP,Cereales,Imp_Cereales,,,2031,,,,,,1.0,,,,,,,,,,,,,,,,
754,1,DDP,Cereales,Imp_Cereales,,,2032,,,,,,1.0,,,,,,,,,,,,,,,,
754,1,DDP,Cereales,Imp_Cereales,,,2033,,,,,,1.0,,,,,,,,,,,,,,,,
754,1,DDP,Cereales,Imp_Cereales,,,2034,,,,,,1.0,,,,,,,,,,,,,,,,
754,1,DDP,Cereales,Imp_Cereales,,,2035,,,,,,1.0,,,,,,,,,,,,,,,,
754,1,DDP,Cereales,Imp_Cereales,,,2036,,,,,,1.0,,,,,,,,,,,,,,,,
754,1,DDP,Cereales,Imp_Cereales,,,2037,,,,,,1.0,,,,,,,,,,,,,,,,
754,1,DDP,Cereales,Imp_Cereales,,,2038,,,,,,1.0,,,,,,,,,,,,,,,,
754,1,DDP,Cereales,Imp_Cereales,,,2039,,,,,,1.0,,,,,,,,,,,,,,,,
754,1,DDP,Cereales,Imp_Cereales,,,2040,,,,,,1.0,,,,,,,,,,,,,,,,
754,1,DDP,Cereales,Imp_Cereales,,,2041,,,,,,1.0,,,,,,,,,,,,,,,,
754,1,DDP,Cereales,Imp_Cereales,,,2042,,,,,,1.0,,,,,,,,,,,,,,,,
754,1,DDP,Cereales,Imp_Cereales,,,2043,,,,,,1.0,,,,,,,,,,,,,,,,
754,1,DDP,Cereales,Imp_Cereales,,,2044,,,,,,1.0,,,,,,,,,,,,,,,,
754,1,DDP,Cereales,Imp_Cereales,,,2045,,,,,,1.0,,,,,,,,,,,,,,,,
754,1,DDP,Cereales,Imp_Cereales,,,2046,,,,,,1.0,,,,,,,,,,,,,,,,
754,1,DDP,Cereales,Imp_Cereales,,,2047,,,,,,1.0,,,,,,,,,,,,,,,,
754,1,DDP,Cereales,Imp_Cereales,,,2048,,,,,,1.0,,,,,,,,,,,,,,,,
754,1,DDP,Cereales,Imp_Cereales,,,2049,,,,,,1.0,,,,,,,,,,,,,,,,
754,1,DDP,Cereales,Imp_Cereales,,,2050,,,,,,1.0,,,,,,,,,,,,,,,,
754,1,DDP,Cereales,Imp_Cereales,,,2051,,,,,,1.0,,,,,,,,,,,,,,,,
754,1,DDP,Cereales,Imp_Cereales,,,2052,,,,,,1.0,,,,,,,,,,,,,,,,
754,1,DDP,Cereales,Imp_Cereales,,,2053,,,,,,1.0,,,,,,,,,,,,,,,,
754,1,DDP,Cereales,Imp_Cereales,,,2054,,,,,,1.0,,,,,,,,,,,,,,,,
754,1,DDP,Cereales,Imp_Cereales,,,2055,,,,,,1.0,,,,,,,,,,,,,,,,
754,1,DDP,Cereales,Imp_Cereales,,,2056,,,,,,1.0,,,,,,,,,,,,,,,,
754,1,DDP,Cereales,Imp_Cereales,,,2057,,,,,,1.0,,,,,,,,,,,,,,,,
754,1,DDP,Cereales,Imp_Cereales,,,2058,,,,,,1.0,,,,,,,,,,,,,,,,
754,1,DDP,Cereales,Imp_Cereales,,,2059,,,,,,1.0,,,,,,,,,,,,,,,,
754,1,DDP,Cereales,Imp_Cereales,,,2060,,,,,,1.0,,,,,,,,,,,,,,,,
754,1,DDP,Cereales,Imp_Cereales,,,2061,,,,,,1.0,,,,,,,,,,,,,,,,
754,1,DDP,Cereales,Imp_Cereales,,,2062,,,,,,1.0,,,,,,,,,,,,,,,,
754,1,DDP,Cereales,Imp_Cereales,,,2063,,,,,,1.0,,,,,,,,,,,,,,,,
754,1,DDP,Cereales,Imp_Cereales,,,2064,,,,,,1.0,,,,,,,,,,,,,,,,
754,1,DDP,Cereales,Imp_Cereales,,,2065,,,,,,1.0,,,,,,,,,,,,,,,,
754,1,DDP,Cereales,Imp_Cereales,,,2066,,,,,,1.0,,,,,,,,,,,,,,,,
754,1,DDP,Cereales,Imp_Cereales,,,2067,,,,,,1.0,,,,,,,,,,,,,,,,
754,1,DDP,Cereales,Imp_Cereales,,,2068,,,,,,1.0,,,,,,,,,,,,,,,,
754,1,DDP,Cereales,Imp_Cereales,,,2069,,,,,,1.0,,,,,,,,,,,,,,,,
754,1,DDP,Cereales,Imp_Cereales,,,2070,,,,,,1.0,,,,,,,,,,,,,,,,
754,1,DDP,Tuberculos,Imp_Tuberculos,,,2018,,,,,,1.0,,,,,,,,,,,,,,,,
754,1,DDP,Tuberculos,Imp_Tuberculos,,,2019,,,,,,1.0,,,,,,,,,,,,,,,,
754,1,DDP,Tuberculos,Imp_Tuberculos,,,2020,,,,,,1.0,,,,,,,,,,,,,,,,
754,1,DDP,Tuberculos,Imp_Tuberculos,,,2021,,,,,,1.0,,,,,,,,,,,,,,,,
754,1,DDP,Tuberculos,Imp_Tuberculos,,,2022,,,,,,1.0,,,,,,,,,,,,,,,,
754,1,DDP,Tuberculos,Imp_Tuberculos,,,2023,,,,,,1.0,,,,,,,,,,,,,,,,
754,1,DDP,Tuberculos,Imp_Tuberculos,,,2024,,,,,,1.0,,,,,,,,,,,,,,,,
754,1,DDP,Tuberculos,Imp_Tuberculos,,,2025,,,,,,1.0,,,,,,,,,,,,,,,,
754,1,DDP,Tuberculos,Imp_Tuberculos,,,2026,,,,,,1.0,,,,,,,,,,,,,,,,
754,1,DDP,Tuberculos,Imp_Tuberculos,,,2027,,,,,,1.0,,,,,,,,,,,,,,,,
754,1,DDP,Tuberculos,Imp_Tuberculos,,,2028,,,,,,1.0,,,,,,,,,,,,,,,,
754,1,DDP,Tuberculos,Imp_Tuberculos,,,2029,,,,,,1.0,,,,,,,,,,,,,,,,
754,1,DDP,Tuberculos,Imp_Tuberculos,,,2030,,,,,,1.0,,,,,,,,,,,,,,,,
754,1,DDP,Tuberculos,Imp_Tuberculos,,,2031,,,,,,1.0,,,,,,,,,,,,,,,,
754,1,DDP,Tuberculos,Imp_Tuberculos,,,2032,,,,,,1.0,,,,,,,,,,,,,,,,
754,1,DDP,Tuberculos,Imp_Tuberculos,,,2033,,,,,,1.0,,,,,,,,,,,,,,,,
754,1,DDP,Tuberculos,Imp_Tuberculos,,,2034,,,,,,1.0,,,,,,,,,,,,,,,,
754,1,DDP,Tuberculos,Imp_Tuberculos,,,2035,,,,,,1.0,,,,,,,,,,,,,,,,
754,1,DDP,Tuberculos,Imp_Tuberculos,,,2036,,,,,,1.0,,,,,,,,,,,,,,,,
754,1,DDP,Tuberculos,Imp_Tuberculos,,,2037,,,,,,1.0,,,,,,,,,,,,,,,,
754,1,DDP,Tuberculos,Imp_Tuberculos,,,2038,,,,,,1.0,,,,,,,,,,,,,,,,
754,1,DDP,Tuberculos,Imp_Tuberculos,,,2039,,,,,,1.0,,,,,,,,,,,,,,,,
754,1,DDP,Tuberculos,Imp_Tuberculos,,,2040,,,,,,1.0,,,,,,,,,,,,,,,,
754,1,DDP,Tuberculos,Imp_Tuberculos,,,2041,,,,,,1.0,,,,,,,,,,,,,,,,
754,1,DDP,Tuberculos,Imp_Tuberculos,,,2042,,,,,,1.0,,,,,,,,,,,,,,,,
754,1,DDP,Tuberculos,Imp_Tuberculos,,,2043,,,,,,1.0,,,,,,,,,,,,,,,,
754,1,DDP,Tuberculos,Imp_Tuberculos,,,2044,,,,,,1.0,,,,,,,,,,,,,,,,
754,1,DDP,Tuberculos,Imp_Tuberculos,,,2045,,,,,,1.0,,,,,,,,,,,,,,,,
754,1,DDP,Tuberculos,Imp_Tuberculos,,,2046,,,,,,1.0,,,,,,,,,,,,,,,,
754,1,DDP,Tuberculos,Imp_Tuberculos,,,2047,,,,,,1.0,,,,,,,,,,,,,,,,
754,1,DDP,Tuberculos,Imp_Tuberculos,,,2048,,,,,,1.0,,,,,,,,,,,,,,,,
754,1,DDP,Tuberculos,Imp_Tuberculos,,,2049,,,,,,1.0,,,,,,,,,,,,,,,,
754,1,DDP,Tuberculos,Imp_Tuberculos,,,2050,,,,,,1.0,,,,,,,,,,,,,,,,
754,1,DDP,Tuberculos,Imp_Tuberculos,,,2051,,,,,,1.0,,,,,,,,,,,,,,,,
754,1,DDP,Tuberculos,Imp_Tuberculos,,,2052,,,,,,1.0,,,,,,,,,,,,,,,,
754,1,DDP,Tuberculos,Imp_Tuberculos,,,2053,,,,,,1.0,,,,,,,,,,,,,,,,
754,1,DDP,Tuberculos,Imp_Tuberculos,,,2054,,,,,,1.0,,,,,,,,,,,,,,,,
754,1,DDP,Tuberculos,Imp_Tuberculos,,,2055,,,,,,1.0,,,,,,,,,,,,,,,,
754,1,DDP,Tuberculos,Imp_Tuberculos,,,2056,,,,,,1.0,,,,,,,,,,,,,,,,
754,1,DDP,Tuberculos,Imp_Tuberculos,,,2057,,,,,,1.0,,,,,,,,,,,,,,,,
754,1,DDP,Tuberculos,Imp_Tuberculos,,,2058,,,,,,1.0,,,,,,,,,,,,,,,,
754,1,DDP,Tuberculos,Imp_Tuberculos,,,2059,,,,,,1.0,,,,,,,,,,,,,,,,
754,1,DDP,Tuberculos,Imp_Tuberculos,,,2060,,,,,,1.0,,,,,,,,,,,,,,,,
754,1,DDP,Tuberculos,Imp_Tuberculos,,,2061,,,,,,1.0,,,,,,,,,,,,,,,,
754,1,DDP,Tuberculos,Imp_Tuberculos,,,2062,,,,,,1.0,,,,,,,,,,,,,,,,
754,1,DDP,Tuberculos,Imp_Tuberculos,,,2063,,,,,,1.0,,,,,,,,,,,,,,,,
754,1,DDP,Tuberculos,Imp_Tuberculos,,,2064,,,,,,1.0,,,,,,,,,,,,,,,,
754,1,DDP,Tuberculos,Imp_Tuberculos,,,2065,,,,,,1.0,,,,,,,,,,,,,,,,
754,1,DDP,Tuberculos,Imp_Tuberculos,,,2066,,,,,,1.0,,,,,,,,,,,,,,,,
754,1,DDP,Tuberculos,Imp_Tuberculos,,,2067,,,,,,1.0,,,,,,,,,,,,,,,,
754,1,DDP,Tuberculos,Imp_Tuberculos,,,2068,,,,,,1.0,,,,,,,,,,,,,,,,
754,1,DDP,Tuberculos,Imp_Tuberculos,,,2069,,,,,,1.0,,,,,,,,,,,,,,,,
754,1,DDP,Tuberculos,Imp_Tuberculos,,,2070,,,,,,1.0,,,,,,,,,,,,,,,,
754,1,DDP,Fruta,Imp_Fruta,,,2018,,,,,,1.0,,,,,,,,,,,,,,,,
754,1,DDP,Fruta,Imp_Fruta,,,2019,,,,,,1.0,,,,,,,,,,,,,,,,
754,1,DDP,Fruta,Imp_Fruta,,,2020,,,,,,1.0,,,,,,,,,,,,,,,,
754,1,DDP,Fruta,Imp_Fruta,,,2021,,,,,,1.0,,,,,,,,,,,,,,,,
754,1,DDP,Fruta,Imp_Fruta,,,2022,,,,,,1.0,,,,,,,,,,,,,,,,
754,1,DDP,Fruta,Imp_Fruta,,,2023,,,,,,1.0,,,,,,,,,,,,,,,,
754,1,DDP,Fruta,Imp_Fruta,,,2024,,,,,,1.0,,,,,,,,,,,,,,,,
754,1,DDP,Fruta,Imp_Fruta,,,2025,,,,,,1.0,,,,,,,,,,,,,,,,
754,1,DDP,Fruta,Imp_Fruta,,,2026,,,,,,1.0,,,,,,,,,,,,,,,,
754,1,DDP,Fruta,Imp_Fruta,,,2027,,,,,,1.0,,,,,,,,,,,,,,,,
754,1,DDP,Fruta,Imp_Fruta,,,2028,,,,,,1.0,,,,,,,,,,,,,,,,
754,1,DDP,Fruta,Imp_Fruta,,,2029,,,,,,1.0,,,,,,,,,,,,,,,,
754,1,DDP,Fruta,Imp_Fruta,,,2030,,,,,,1.0,,,,,,,,,,,,,,,,
754,1,DDP,Fruta,Imp_Fruta,,,2031,,,,,,1.0,,,,,,,,,,,,,,,,
754,1,DDP,Fruta,Imp_Fruta,,,2032,,,,,,1.0,,,,,,,,,,,,,,,,
754,1,DDP,Fruta,Imp_Fruta,,,2033,,,,,,1.0,,,,,,,,,,,,,,,,
754,1,DDP,Fruta,Imp_Fruta,,,2034,,,,,,1.0,,,,,,,,,,,,,,,,
754,1,DDP,Fruta,Imp_Fruta,,,2035,,,,,,1.0,,,,,,,,,,,,,,,,
754,1,DDP,Fruta,Imp_Fruta,,,2036,,,,,,1.0,,,,,,,,,,,,,,,,
754,1,DDP,Fruta,Imp_Fruta,,,2037,,,,,,1.0,,,,,,,,,,,,,,,,
754,1,DDP,Fruta,Imp_Fruta,,,2038,,,,,,1.0,,,,,,,,,,,,,,,,
754,1,DDP,Fruta,Imp_Fruta,,,2039,,,,,,1.0,,,,,,,,,,,,,,,,
754,1,DDP,Fruta,Imp_Fruta,,,2040,,,,,,1.0,,,,,,,,,,,,,,,,
754,1,DDP,Fruta,Imp_Fruta,,,2041,,,,,,1.0,,,,,,,,,,,,,,,,
754,1,DDP,Fruta,Imp_Fruta,,,2042,,,,,,1.0,,,,,,,,,,,,,,,,
754,1,DDP,Fruta,Imp_Fruta,,,2043,,,,,,1.0,,,,,,,,,,,,,,,,
754,1,DDP,Fruta,Imp_Fruta,,,2044,,,,,,1.0,,,,,,,,,,,,,,,,
754,1,DDP,Fruta,Imp_Fruta,,,2045,,,,,,1.0,,,,,,,,,,,,,,,,
754,1,DDP,Fruta,Imp_Fruta,,,2046,,,,,,1.0,,,,,,,,,,,,,,,,
754,1,DDP,Fruta,Imp_Fruta,,,2047,,,,,,1.0,,,,,,,,,,,,,,,,
754,1,DDP,Fruta,Imp_Fruta,,,2048,,,,,,1.0,,,,,,,,,,,,,,,,
754,1,DDP,Fruta,Imp_Fruta,,,2049,,,,,,1.0,,,,,,,,,,,,,,,,
754,1,DDP,Fruta,Imp_Fruta,,,2050,,,,,,1.0,,,,,,,,,,,,,,,,
754,1,DDP,Fruta,Imp_Fruta,,,2051,,,,,,1.0,,,,,,,,,,,,,,,,
754,1,DDP,Fruta,Imp_Fruta,,,2052,,,,,,1.0,,,,,,,,,,,,,,,,
754,1,DDP,Fruta,Imp_Fruta,,,2053,,,,,,1.0,,,,,,,,,,,,,,,,
754,1,DDP,Fruta,Imp_Fruta,,,2054,,,,,,1.0,,,,,,,,,,,,,,,,
754,1,DDP,Fruta,Imp_Fruta,,,2055,,,,,,1.0,,,,,,,,,,,,,,,,
754,1,DDP,Fruta,Imp_Fruta,,,2056,,,,,,1.0,,,,,,,,,,,,,,,,
754,1,DDP,Fruta,Imp_Fruta,,,2057,,,,,,1.0,,,,,,,,,,,,,,,,
754,1,DDP,Fruta,Imp_Fruta,,,2058,,,,,,1.0,,,,,,,,,,,,,,,,
754,1,DDP,Fruta,Imp_Fruta,,,2059,,,,,,1.0,,,,,,,,,,,,,,,,
754,1,DDP,Fruta,Imp_Fruta,,,2060,,,,,,1.0,,,,,,,,,,,,,,,,
754,1,DDP,Fruta,Imp_Fruta,,,2061,,,,,,1.0,,,,,,,,,,,,,,,,
754,1,DDP,Fruta,Imp_Fruta,,,2062,,,,,,1.0,,,,,,,,,,,,,,,,
754,1,DDP,Fruta,Imp_Fruta,,,2063,,,,,,1.0,,,,,,,,,,,,,,,,
754,1,DDP,Fruta,Imp_Fruta,,,2064,,,,,,1.0,,,,,,,,,,,,,,,,
754,1,DDP,Fruta,Imp_Fruta,,,2065,,,,,,1.0,,,,,,,,,,,,,,,,
754,1,DDP,Fruta,Imp_Fruta,,,2066,,,,,,1.0,,,,,,,,,,,,,,,,
754,1,DDP,Fruta,Imp_Fruta,,,2067,,,,,,1.0,,,,,,,,,,,,,,,,
754,1,DDP,Fruta,Imp_Fruta,,,2068,,,,,,1.0,,,,,,,,,,,,,,,,
754,1,DDP,Fruta,Imp_Fruta,,,2069,,,,,,1.0,,,,,,,,,,,,,,,,
754,1,DDP,Fruta,Imp_Fruta,,,2070,,,,,,1.0,,,,,,,,,,,,,,,,
754,1,DDP,Verduras,Imp_Verduras,,,2018,,,,,,1.0,,,,,,,,,,,,,,,,
754,1,DDP,Verduras,Imp_Verduras,,,2019,,,,,,1.0,,,,,,,,,,,,,,,,
754,1,DDP,Verduras,Imp_Verduras,,,2020,,,,,,1.0,,,,,,,,,,,,,,,,
754,1,DDP,Verduras,Imp_Verduras,,,2021,,,,,,1.0,,,,,,,,,,,,,,,,
754,1,DDP,Verduras,Imp_Verduras,,,2022,,,,,,1.0,,,,,,,,,,,,,,,,
754,1,DDP,Verduras,Imp_Verduras,,,2023,,,,,,1.0,,,,,,,,,,,,,,,,
754,1,DDP,Verduras,Imp_Verduras,,,2024,,,,,,1.0,,,,,,,,,,,,,,,,
754,1,DDP,Verduras,Imp_Verduras,,,2025,,,,,,1.0,,,,,,,,,,,,,,,,
754,1,DDP,Verduras,Imp_Verduras,,,2026,,,,,,1.0,,,,,,,,,,,,,,,,
754,1,DDP,Verduras,Imp_Verduras,,,2027,,,,,,1.0,,,,,,,,,,,,,,,,
754,1,DDP,Verduras,Imp_Verduras,,,2028,,,,,,1.0,,,,,,,,,,,,,,,,
754,1,DDP,Verduras,Imp_Verduras,,,2029,,,,,,1.0,,,,,,,,,,,,,,,,
754,1,DDP,Verduras,Imp_Verduras,,,2030,,,,,,1.0,,,,,,,,,,,,,,,,
754,1,DDP,Verduras,Imp_Verduras,,,2031,,,,,,1.0,,,,,,,,,,,,,,,,
754,1,DDP,Verduras,Imp_Verduras,,,2032,,,,,,1.0,,,,,,,,,,,,,,,,
754,1,DDP,Verduras,Imp_Verduras,,,2033,,,,,,1.0,,,,,,,,,,,,,,,,
754,1,DDP,Verduras,Imp_Verduras,,,2034,,,,,,1.0,,,,,,,,,,,,,,,,
754,1,DDP,Verduras,Imp_Verduras,,,2035,,,,,,1.0,,,,,,,,,,,,,,,,
754,1,DDP,Verduras,Imp_Verduras,,,2036,,,,,,1.0,,,,,,,,,,,,,,,,
754,1,DDP,Verduras,Imp_Verduras,,,2037,,,,,,1.0,,,,,,,,,,,,,,,,
754,1,DDP,Verduras,Imp_Verduras,,,2038,,,,,,1.0,,,,,,,,,,,,,,,,
754,1,DDP,Verduras,Imp_Verduras,,,2039,,,,,,1.0,,,,,,,,,,,,,,,,
754,1,DDP,Verduras,Imp_Verduras,,,2040,,,,,,1.0,,,,,,,,,,,,,,,,
754,1,DDP,Verduras,Imp_Verduras,,,2041,,,,,,1.0,,,,,,,,,,,,,,,,
754,1,DDP,Verduras,Imp_Verduras,,,2042,,,,,,1.0,,,,,,,,,,,,,,,,
754,1,DDP,Verduras,Imp_Verduras,,,2043,,,,,,1.0,,,,,,,,,,,,,,,,
754,1,DDP,Verduras,Imp_Verduras,,,2044,,,,,,1.0,,,,,,,,,,,,,,,,
754,1,DDP,Verduras,Imp_Verduras,,,2045,,,,,,1.0,,,,,,,,,,,,,,,,
754,1,DDP,Verduras,Imp_Verduras,,,2046,,,,,,1.0,,,,,,,,,,,,,,,,
754,1,DDP,Verduras,Imp_Verduras,,,2047,,,,,,1.0,,,,,,,,,,,,,,,,
754,1,DDP,Verduras,Imp_Verduras,,,2048,,,,,,1.0,,,,,,,,,,,,,,,,
754,1,DDP,Verduras,Imp_Verduras,,,2049,,,,,,1.0,,,,,,,,,,,,,,,,
754,1,DDP,Verduras,Imp_Verduras,,,2050,,,,,,1.0,,,,,,,,,,,,,,,,
754,1,DDP,Verduras,Imp_Verduras,,,2051,,,,,,1.0,,,,,,,,,,,,,,,,
754,1,DDP,Verduras,Imp_Verduras,,,2052,,,,,,1.0,,,,,,,,,,,,,,,,
754,1,DDP,Verduras,Imp_Verduras,,,2053,,,,,,1.0,,,,,,,,,,,,,,,,
754,1,DDP,Verduras,Imp_Verduras,,,2054,,,,,,1.0,,,,,,,,,,,,,,,,
754,1,DDP,Verduras,Imp_Verduras,,,2055,,,,,,1.0,,,,,,,,,,,,,,,,
754,1,DDP,Verduras,Imp_Verduras,,,2056,,,,,,1.0,,,,,,,,,,,,,,,,
754,1,DDP,Verduras,Imp_Verduras,,,2057,,,,,,1.0,,,,,,,,,,,,,,,,
754,1,DDP,Verduras,Imp_Verduras,,,2058,,,,,,1.0,,,,,,,,,,,,,,,,
754,1,DDP,Verduras,Imp_Verduras,,,2059,,,,,,1.0,,,,,,,,,,,,,,,,
754,1,DDP,Verduras,Imp_Verduras,,,2060,,,,,,1.0,,,,,,,,,,,,,,,,
754,1,DDP,Verduras,Imp_Verduras,,,2061,,,,,,1.0,,,,,,,,,,,,,,,,
754,1,DDP,Verduras,Imp_Verduras,,,2062,,,,,,1.0,,,,,,,,,,,,,,,,
754,1,DDP,Verduras,Imp_Verduras,,,2063,,,,,,1.0,,,,,,,,,,,,,,,,
754,1,DDP,Verduras,Imp_Verduras,,,2064,,,,,,1.0,,,,,,,,,,,,,,,,
754,1,DDP,Verduras,Imp_Verduras,,,2065,,,,,,1.0,,,,,,,,,,,,,,,,
754,1,DDP,Verduras,Imp_Verduras,,,2066,,,,,,1.0,,,,,,,,,,,,,,,,
754,1,DDP,Verduras,Imp_Verduras,,,2067,,,,,,1.0,,,,,,,,,,,,,,,,
754,1,DDP,Verduras,Imp_Verduras,,,2068,,,,,,1.0,,,,,,,,,,,,,,,,
754,1,DDP,Verduras,Imp_Verduras,,,2069,,,,,,1.0,,,,,,,,,,,,,,,,
754,1,DDP,Verduras,Imp_Verduras,,,2070,,,,,,1.0,,,,,,,,,,,,,,,,
754,1,DDP,Floricolas,Imp_Floricolas,,,2018,,,,,,1.0,,,,,,,,,,,,,,,,
754,1,DDP,Floricolas,Imp_Floricolas,,,2019,,,,,,1.0,,,,,,,,,,,,,,,,
754,1,DDP,Floricolas,Imp_Floricolas,,,2020,,,,,,1.0,,,,,,,,,,,,,,,,
754,1,DDP,Floricolas,Imp_Floricolas,,,2021,,,,,,1.0,,,,,,,,,,,,,,,,
754,1,DDP,Floricolas,Imp_Floricolas,,,2022,,,,,,1.0,,,,,,,,,,,,,,,,
754,1,DDP,Floricolas,Imp_Floricolas,,,2023,,,,,,1.0,,,,,,,,,,,,,,,,
754,1,DDP,Floricolas,Imp_Floricolas,,,2024,,,,,,1.0,,,,,,,,,,,,,,,,
754,1,DDP,Floricolas,Imp_Floricolas,,,2025,,,,,,1.0,,,,,,,,,,,,,,,,
754,1,DDP,Floricolas,Imp_Floricolas,,,2026,,,,,,1.0,,,,,,,,,,,,,,,,
754,1,DDP,Floricolas,Imp_Floricolas,,,2027,,,,,,1.0,,,,,,,,,,,,,,,,
754,1,DDP,Floricolas,Imp_Floricolas,,,2028,,,,,,1.0,,,,,,,,,,,,,,,,
754,1,DDP,Floricolas,Imp_Floricolas,,,2029,,,,,,1.0,,,,,,,,,,,,,,,,
754,1,DDP,Floricolas,Imp_Floricolas,,,2030,,,,,,1.0,,,,,,,,,,,,,,,,
754,1,DDP,Floricolas,Imp_Floricolas,,,2031,,,,,,1.0,,,,,,,,,,,,,,,,
754,1,DDP,Floricolas,Imp_Floricolas,,,2032,,,,,,1.0,,,,,,,,,,,,,,,,
754,1,DDP,Floricolas,Imp_Floricolas,,,2033,,,,,,1.0,,,,,,,,,,,,,,,,
754,1,DDP,Floricolas,Imp_Floricolas,,,2034,,,,,,1.0,,,,,,,,,,,,,,,,
754,1,DDP,Floricolas,Imp_Floricolas,,,2035,,,,,,1.0,,,,,,,,,,,,,,,,
754,1,DDP,Floricolas,Imp_Floricolas,,,2036,,,,,,1.0,,,,,,,,,,,,,,,,
754,1,DDP,Floricolas,Imp_Floricolas,,,2037,,,,,,1.0,,,,,,,,,,,,,,,,
754,1,DDP,Floricolas,Imp_Floricolas,,,2038,,,,,,1.0,,,,,,,,,,,,,,,,
754,1,DDP,Floricolas,Imp_Floricolas,,,2039,,,,,,1.0,,,,,,,,,,,,,,,,
754,1,DDP,Floricolas,Imp_Floricolas,,,2040,,,,,,1.0,,,,,,,,,,,,,,,,
754,1,DDP,Floricolas,Imp_Floricolas,,,2041,,,,,,1.0,,,,,,,,,,,,,,,,
754,1,DDP,Floricolas,Imp_Floricolas,,,2042,,,,,,1.0,,,,,,,,,,,,,,,,
754,1,DDP,Floricolas,Imp_Floricolas,,,2043,,,,,,1.0,,,,,,,,,,,,,,,,
754,1,DDP,Floricolas,Imp_Floricolas,,,2044,,,,,,1.0,,,,,,,,,,,,,,,,
754,1,DDP,Floricolas,Imp_Floricolas,,,2045,,,,,,1.0,,,,,,,,,,,,,,,,
754,1,DDP,Floricolas,Imp_Floricolas,,,2046,,,,,,1.0,,,,,,,,,,,,,,,,
754,1,DDP,Floricolas,Imp_Floricolas,,,2047,,,,,,1.0,,,,,,,,,,,,,,,,
754,1,DDP,Floricolas,Imp_Floricolas,,,2048,,,,,,1.0,,,,,,,,,,,,,,,,
754,1,DDP,Floricolas,Imp_Floricolas,,,2049,,,,,,1.0,,,,,,,,,,,,,,,,
754,1,DDP,Floricolas,Imp_Floricolas,,,2050,,,,,,1.0,,,,,,,,,,,,,,,,
754,1,DDP,Floricolas,Imp_Floricolas,,,2051,,,,,,1.0,,,,,,,,,,,,,,,,
754,1,DDP,Floricolas,Imp_Floricolas,,,2052,,,,,,1.0,,,,,,,,,,,,,,,,
754,1,DDP,Floricolas,Imp_Floricolas,,,2053,,,,,,1.0,,,,,,,,,,,,,,,,
754,1,DDP,Floricolas,Imp_Floricolas,,,2054,,,,,,1.0,,,,,,,,,,,,,,,,
754,1,DDP,Floricolas,Imp_Floricolas,,,2055,,,,,,1.0,,,,,,,,,,,,,,,,
754,1,DDP,Floricolas,Imp_Floricolas,,,2056,,,,,,1.0,,,,,,,,,,,,,,,,
754,1,DDP,Floricolas,Imp_Floricolas,,,2057,,,,,,1.0,,,,,,,,,,,,,,,,
754,1,DDP,Floricolas,Imp_Floricolas,,,2058,,,,,,1.0,,,,,,,,,,,,,,,,
754,1,DDP,Floricolas,Imp_Floricolas,,,2059,,,,,,1.0,,,,,,,,,,,,,,,,
754,1,DDP,Floricolas,Imp_Floricolas,,,2060,,,,,,1.0,,,,,,,,,,,,,,,,
754,1,DDP,Floricolas,Imp_Floricolas,,,2061,,,,,,1.0,,,,,,,,,,,,,,,,
754,1,DDP,Floricolas,Imp_Floricolas,,,2062,,,,,,1.0,,,,,,,,,,,,,,,,
754,1,DDP,Floricolas,Imp_Floricolas,,,2063,,,,,,1.0,,,,,,,,,,,,,,,,
754,1,DDP,Floricolas,Imp_Floricolas,,,2064,,,,,,1.0,,,,,,,,,,,,,,,,
754,1,DDP,Floricolas,Imp_Floricolas,,,2065,,,,,,1.0,,,,,,,,,,,,,,,,
754,1,DDP,Floricolas,Imp_Floricolas,,,2066,,,,,,1.0,,,,,,,,,,,,,,,,
754,1,DDP,Floricolas,Imp_Floricolas,,,2067,,,,,,1.0,,,,,,,,,,,,,,,,
754,1,DDP,Floricolas,Imp_Floricolas,,,2068,,,,,,1.0,,,,,,,,,,,,,,,,
754,1,DDP,Floricolas,Imp_Floricolas,,,2069,,,,,,1.0,,,,,,,,,,,,,,,,
754,1,DDP,Floricolas,Imp_Floricolas,,,2070,,,,,,1.0,,,,,,,,,,,,,,,,
754,1,DDP,Exp_Banano,Exp_Banano,,,2018,,,,,,1.0,,,,,,,,,,,,,,,,
754,1,DDP,Exp_Banano,Exp_Banano,,,2019,,,,,,1.0,,,,,,,,,,,,,,,,
754,1,DDP,Exp_Banano,Exp_Banano,,,2020,,,,,,1.0,,,,,,,,,,,,,,,,
754,1,DDP,Exp_Banano,Exp_Banano,,,2021,,,,,,1.0,,,,,,,,,,,,,,,,
754,1,DDP,Exp_Banano,Exp_Banano,,,2022,,,,,,1.0,,,,,,,,,,,,,,,,
754,1,DDP,Exp_Banano,Exp_Banano,,,2023,,,,,,1.0,,,,,,,,,,,,,,,,
754,1,DDP,Exp_Banano,Exp_Banano,,,2024,,,,,,1.0,,,,,,,,,,,,,,,,
754,1,DDP,Exp_Banano,Exp_Banano,,,2025,,,,,,1.0,,,,,,,,,,,,,,,,
754,1,DDP,Exp_Banano,Exp_Banano,,,2026,,,,,,1.0,,,,,,,,,,,,,,,,
754,1,DDP,Exp_Banano,Exp_Banano,,,2027,,,,,,1.0,,,,,,,,,,,,,,,,
754,1,DDP,Exp_Banano,Exp_Banano,,,2028,,,,,,1.0,,,,,,,,,,,,,,,,
754,1,DDP,Exp_Banano,Exp_Banano,,,2029,,,,,,1.0,,,,,,,,,,,,,,,,
754,1,DDP,Exp_Banano,Exp_Banano,,,2030,,,,,,1.0,,,,,,,,,,,,,,,,
754,1,DDP,Exp_Banano,Exp_Banano,,,2031,,,,,,1.0,,,,,,,,,,,,,,,,
754,1,DDP,Exp_Banano,Exp_Banano,,,2032,,,,,,1.0,,,,,,,,,,,,,,,,
754,1,DDP,Exp_Banano,Exp_Banano,,,2033,,,,,,1.0,,,,,,,,,,,,,,,,
754,1,DDP,Exp_Banano,Exp_Banano,,,2034,,,,,,1.0,,,,,,,,,,,,,,,,
754,1,DDP,Exp_Banano,Exp_Banano,,,2035,,,,,,1.0,,,,,,,,,,,,,,,,
754,1,DDP,Exp_Banano,Exp_Banano,,,2036,,,,,,1.0,,,,,,,,,,,,,,,,
754,1,DDP,Exp_Banano,Exp_Banano,,,2037,,,,,,1.0,,,,,,,,,,,,,,,,
754,1,DDP,Exp_Banano,Exp_Banano,,,2038,,,,,,1.0,,,,,,,,,,,,,,,,
754,1,DDP,Exp_Banano,Exp_Banano,,,2039,,,,,,1.0,,,,,,,,,,,,,,,,
754,1,DDP,Exp_Banano,Exp_Banano,,,2040,,,,,,1.0,,,,,,,,,,,,,,,,
754,1,DDP,Exp_Banano,Exp_Banano,,,2041,,,,,,1.0,,,,,,,,,,,,,,,,
754,1,DDP,Exp_Banano,Exp_Banano,,,2042,,,,,,1.0,,,,,,,,,,,,,,,,
754,1,DDP,Exp_Banano,Exp_Banano,,,2043,,,,,,1.0,,,,,,,,,,,,,,,,
754,1,DDP,Exp_Banano,Exp_Banano,,,2044,,,,,,1.0,,,,,,,,,,,,,,,,
754,1,DDP,Exp_Banano,Exp_Banano,,,2045,,,,,,1.0,,,,,,,,,,,,,,,,
754,1,DDP,Exp_Banano,Exp_Banano,,,2046,,,,,,1.0,,,,,,,,,,,,,,,,
754,1,DDP,Exp_Banano,Exp_Banano,,,2047,,,,,,1.0,,,,,,,,,,,,,,,,
754,1,DDP,Exp_Banano,Exp_Banano,,,2048,,,,,,1.0,,,,,,,,,,,,,,,,
754,1,DDP,Exp_Banano,Exp_Banano,,,2049,,,,,,1.0,,,,,,,,,,,,,,,,
754,1,DDP,Exp_Banano,Exp_Banano,,,2050,,,,,,1.0,,,,,,,,,,,,,,,,
754,1,DDP,Exp_Banano,Exp_Banano,,,2051,,,,,,1.0,,,,,,,,,,,,,,,,
754,1,DDP,Exp_Banano,Exp_Banano,,,2052,,,,,,1.0,,,,,,,,,,,,,,,,
754,1,DDP,Exp_Banano,Exp_Banano,,,2053,,,,,,1.0,,,,,,,,,,,,,,,,
754,1,DDP,Exp_Banano,Exp_Banano,,,2054,,,,,,1.0,,,,,,,,,,,,,,,,
754,1,DDP,Exp_Banano,Exp_Banano,,,2055,,,,,,1.0,,,,,,,,,,,,,,,,
754,1,DDP,Exp_Banano,Exp_Banano,,,2056,,,,,,1.0,,,,,,,,,,,,,,,,
754,1,DDP,Exp_Banano,Exp_Banano,,,2057,,,,,,1.0,,,,,,,,,,,,,,,,
754,1,DDP,Exp_Banano,Exp_Banano,,,2058,,,,,,1.0,,,,,,,,,,,,,,,,
754,1,DDP,Exp_Banano,Exp_Banano,,,2059,,,,,,1.0,,,,,,,,,,,,,,,,
754,1,DDP,Exp_Banano,Exp_Banano,,,2060,,,,,,1.0,,,,,,,,,,,,,,,,
754,1,DDP,Exp_Banano,Exp_Banano,,,2061,,,,,,1.0,,,,,,,,,,,,,,,,
754,1,DDP,Exp_Banano,Exp_Banano,,,2062,,,,,,1.0,,,,,,,,,,,,,,,,
754,1,DDP,Exp_Banano,Exp_Banano,,,2063,,,,,,1.0,,,,,,,,,,,,,,,,
754,1,DDP,Exp_Banano,Exp_Banano,,,2064,,,,,,1.0,,,,,,,,,,,,,,,,
754,1,DDP,Exp_Banano,Exp_Banano,,,2065,,,,,,1.0,,,,,,,,,,,,,,,,
754,1,DDP,Exp_Banano,Exp_Banano,,,2066,,,,,,1.0,,,,,,,,,,,,,,,,
754,1,DDP,Exp_Banano,Exp_Banano,,,2067,,,,,,1.0,,,,,,,,,,,,,,,,
754,1,DDP,Exp_Banano,Exp_Banano,,,2068,,,,,,1.0,,,,,,,,,,,,,,,,
754,1,DDP,Exp_Banano,Exp_Banano,,,2069,,,,,,1.0,,,,,,,,,,,,,,,,
754,1,DDP,Exp_Banano,Exp_Banano,,,2070,,,,,,1.0,,,,,,,,,,,,,,,,
754,1,DDP,Exp_Arroz,Exp_Arroz,,,2018,,,,,,1.0,,,,,,,,,,,,,,,,
754,1,DDP,Exp_Arroz,Exp_Arroz,,,2019,,,,,,1.0,,,,,,,,,,,,,,,,
754,1,DDP,Exp_Arroz,Exp_Arroz,,,2020,,,,,,1.0,,,,,,,,,,,,,,,,
754,1,DDP,Exp_Arroz,Exp_Arroz,,,2021,,,,,,1.0,,,,,,,,,,,,,,,,
754,1,DDP,Exp_Arroz,Exp_Arroz,,,2022,,,,,,1.0,,,,,,,,,,,,,,,,
754,1,DDP,Exp_Arroz,Exp_Arroz,,,2023,,,,,,1.0,,,,,,,,,,,,,,,,
754,1,DDP,Exp_Arroz,Exp_Arroz,,,2024,,,,,,1.0,,,,,,,,,,,,,,,,
754,1,DDP,Exp_Arroz,Exp_Arroz,,,2025,,,,,,1.0,,,,,,,,,,,,,,,,
754,1,DDP,Exp_Arroz,Exp_Arroz,,,2026,,,,,,1.0,,,,,,,,,,,,,,,,
754,1,DDP,Exp_Arroz,Exp_Arroz,,,2027,,,,,,1.0,,,,,,,,,,,,,,,,
754,1,DDP,Exp_Arroz,Exp_Arroz,,,2028,,,,,,1.0,,,,,,,,,,,,,,,,
754,1,DDP,Exp_Arroz,Exp_Arroz,,,2029,,,,,,1.0,,,,,,,,,,,,,,,,
754,1,DDP,Exp_Arroz,Exp_Arroz,,,2030,,,,,,1.0,,,,,,,,,,,,,,,,
754,1,DDP,Exp_Arroz,Exp_Arroz,,,2031,,,,,,1.0,,,,,,,,,,,,,,,,
754,1,DDP,Exp_Arroz,Exp_Arroz,,,2032,,,,,,1.0,,,,,,,,,,,,,,,,
754,1,DDP,Exp_Arroz,Exp_Arroz,,,2033,,,,,,1.0,,,,,,,,,,,,,,,,
754,1,DDP,Exp_Arroz,Exp_Arroz,,,2034,,,,,,1.0,,,,,,,,,,,,,,,,
754,1,DDP,Exp_Arroz,Exp_Arroz,,,2035,,,,,,1.0,,,,,,,,,,,,,,,,
754,1,DDP,Exp_Arroz,Exp_Arroz,,,2036,,,,,,1.0,,,,,,,,,,,,,,,,
754,1,DDP,Exp_Arroz,Exp_Arroz,,,2037,,,,,,1.0,,,,,,,,,,,,,,,,
754,1,DDP,Exp_Arroz,Exp_Arroz,,,2038,,,,,,1.0,,,,,,,,,,,,,,,,
754,1,DDP,Exp_Arroz,Exp_Arroz,,,2039,,,,,,1.0,,,,,,,,,,,,,,,,
754,1,DDP,Exp_Arroz,Exp_Arroz,,,2040,,,,,,1.0,,,,,,,,,,,,,,,,
754,1,DDP,Exp_Arroz,Exp_Arroz,,,2041,,,,,,1.0,,,,,,,,,,,,,,,,
754,1,DDP,Exp_Arroz,Exp_Arroz,,,2042,,,,,,1.0,,,,,,,,,,,,,,,,
754,1,DDP,Exp_Arroz,Exp_Arroz,,,2043,,,,,,1.0,,,,,,,,,,,,,,,,
754,1,DDP,Exp_Arroz,Exp_Arroz,,,2044,,,,,,1.0,,,,,,,,,,,,,,,,
754,1,DDP,Exp_Arroz,Exp_Arroz,,,2045,,,,,,1.0,,,,,,,,,,,,,,,,
754,1,DDP,Exp_Arroz,Exp_Arroz,,,2046,,,,,,1.0,,,,,,,,,,,,,,,,
754,1,DDP,Exp_Arroz,Exp_Arroz,,,2047,,,,,,1.0,,,,,,,,,,,,,,,,
754,1,DDP,Exp_Arroz,Exp_Arroz,,,2048,,,,,,1.0,,,,,,,,,,,,,,,,
754,1,DDP,Exp_Arroz,Exp_Arroz,,,2049,,,,,,1.0,,,,,,,,,,,,,,,,
754,1,DDP,Exp_Arroz,Exp_Arroz,,,2050,,,,,,1.0,,,,,,,,,,,,,,,,
754,1,DDP,Exp_Arroz,Exp_Arroz,,,2051,,,,,,1.0,,,,,,,,,,,,,,,,
754,1,DDP,Exp_Arroz,Exp_Arroz,,,2052,,,,,,1.0,,,,,,,,,,,,,,,,
754,1,DDP,Exp_Arroz,Exp_Arroz,,,2053,,,,,,1.0,,,,,,,,,,,,,,,,
754,1,DDP,Exp_Arroz,Exp_Arroz,,,2054,,,,,,1.0,,,,,,,,,,,,,,,,
754,1,DDP,Exp_Arroz,Exp_Arroz,,,2055,,,,,,1.0,,,,,,,,,,,,,,,,
754,1,DDP,Exp_Arroz,Exp_Arroz,,,2056,,,,,,1.0,,,,,,,,,,,,,,,,
754,1,DDP,Exp_Arroz,Exp_Arroz,,,2057,,,,,,1.0,,,,,,,,,,,,,,,,
754,1,DDP,Exp_Arroz,Exp_Arroz,,,2058,,,,,,1.0,,,,,,,,,,,,,,,,
754,1,DDP,Exp_Arroz,Exp_Arroz,,,2059,,,,,,1.0,,,,,,,,,,,,,,,,
754,1,DDP,Exp_Arroz,Exp_Arroz,,,2060,,,,,,1.0,,,,,,,,,,,,,,,,
754,1,DDP,Exp_Arroz,Exp_Arroz,,,2061,,,,,,1.0,,,,,,,,,,,,,,,,
754,1,DDP,Exp_Arroz,Exp_Arroz,,,2062,,,,,,1.0,,,,,,,,,,,,,,,,
754,1,DDP,Exp_Arroz,Exp_Arroz,,,2063,,,,,,1.0,,,,,,,,,,,,,,,,
754,1,DDP,Exp_Arroz,Exp_Arroz,,,2064,,,,,,1.0,,,,,,,,,,,,,,,,
754,1,DDP,Exp_Arroz,Exp_Arroz,,,2065,,,,,,1.0,,,,,,,,,,,,,,,,
754,1,DDP,Exp_Arroz,Exp_Arroz,,,2066,,,,,,1.0,,,,,,,,,,,,,,,,
754,1,DDP,Exp_Arroz,Exp_Arroz,,,2067,,,,,,1.0,,,,,,,,,,,,,,,,
754,1,DDP,Exp_Arroz,Exp_Arroz,,,2068,,,,,,1.0,,,,,,,,,,,,,,,,
754,1,DDP,Exp_Arroz,Exp_Arroz,,,2069,,,,,,1.0,,,,,,,,,,,,,,,,
754,1,DDP,Exp_Arroz,Exp_Arroz,,,2070,,,,,,1.0,,,,,,,,,,,,,,,,
754,1,DDP,Exp_Cacao,Exp_Cacao,,,2018,,,,,,1.0,,,,,,,,,,,,,,,,
754,1,DDP,Exp_Cacao,Exp_Cacao,,,2019,,,,,,1.0,,,,,,,,,,,,,,,,
754,1,DDP,Exp_Cacao,Exp_Cacao,,,2020,,,,,,1.0,,,,,,,,,,,,,,,,
754,1,DDP,Exp_Cacao,Exp_Cacao,,,2021,,,,,,1.0,,,,,,,,,,,,,,,,
754,1,DDP,Exp_Cacao,Exp_Cacao,,,2022,,,,,,1.0,,,,,,,,,,,,,,,,
754,1,DDP,Exp_Cacao,Exp_Cacao,,,2023,,,,,,1.0,,,,,,,,,,,,,,,,
754,1,DDP,Exp_Cacao,Exp_Cacao,,,2024,,,,,,1.0,,,,,,,,,,,,,,,,
754,1,DDP,Exp_Cacao,Exp_Cacao,,,2025,,,,,,1.0,,,,,,,,,,,,,,,,
754,1,DDP,Exp_Cacao,Exp_Cacao,,,2026,,,,,,1.0,,,,,,,,,,,,,,,,
754,1,DDP,Exp_Cacao,Exp_Cacao,,,2027,,,,,,1.0,,,,,,,,,,,,,,,,
754,1,DDP,Exp_Cacao,Exp_Cacao,,,2028,,,,,,1.0,,,,,,,,,,,,,,,,
754,1,DDP,Exp_Cacao,Exp_Cacao,,,2029,,,,,,1.0,,,,,,,,,,,,,,,,
754,1,DDP,Exp_Cacao,Exp_Cacao,,,2030,,,,,,1.0,,,,,,,,,,,,,,,,
754,1,DDP,Exp_Cacao,Exp_Cacao,,,2031,,,,,,1.0,,,,,,,,,,,,,,,,
754,1,DDP,Exp_Cacao,Exp_Cacao,,,2032,,,,,,1.0,,,,,,,,,,,,,,,,
754,1,DDP,Exp_Cacao,Exp_Cacao,,,2033,,,,,,1.0,,,,,,,,,,,,,,,,
754,1,DDP,Exp_Cacao,Exp_Cacao,,,2034,,,,,,1.0,,,,,,,,,,,,,,,,
754,1,DDP,Exp_Cacao,Exp_Cacao,,,2035,,,,,,1.0,,,,,,,,,,,,,,,,
754,1,DDP,Exp_Cacao,Exp_Cacao,,,2036,,,,,,1.0,,,,,,,,,,,,,,,,
754,1,DDP,Exp_Cacao,Exp_Cacao,,,2037,,,,,,1.0,,,,,,,,,,,,,,,,
754,1,DDP,Exp_Cacao,Exp_Cacao,,,2038,,,,,,1.0,,,,,,,,,,,,,,,,
754,1,DDP,Exp_Cacao,Exp_Cacao,,,2039,,,,,,1.0,,,,,,,,,,,,,,,,
754,1,DDP,Exp_Cacao,Exp_Cacao,,,2040,,,,,,1.0,,,,,,,,,,,,,,,,
754,1,DDP,Exp_Cacao,Exp_Cacao,,,2041,,,,,,1.0,,,,,,,,,,,,,,,,
754,1,DDP,Exp_Cacao,Exp_Cacao,,,2042,,,,,,1.0,,,,,,,,,,,,,,,,
754,1,DDP,Exp_Cacao,Exp_Cacao,,,2043,,,,,,1.0,,,,,,,,,,,,,,,,
754,1,DDP,Exp_Cacao,Exp_Cacao,,,2044,,,,,,1.0,,,,,,,,,,,,,,,,
754,1,DDP,Exp_Cacao,Exp_Cacao,,,2045,,,,,,1.0,,,,,,,,,,,,,,,,
754,1,DDP,Exp_Cacao,Exp_Cacao,,,2046,,,,,,1.0,,,,,,,,,,,,,,,,
754,1,DDP,Exp_Cacao,Exp_Cacao,,,2047,,,,,,1.0,,,,,,,,,,,,,,,,
754,1,DDP,Exp_Cacao,Exp_Cacao,,,2048,,,,,,1.0,,,,,,,,,,,,,,,,
754,1,DDP,Exp_Cacao,Exp_Cacao,,,2049,,,,,,1.0,,,,,,,,,,,,,,,,
754,1,DDP,Exp_Cacao,Exp_Cacao,,,2050,,,,,,1.0,,,,,,,,,,,,,,,,
754,1,DDP,Exp_Cacao,Exp_Cacao,,,2051,,,,,,1.0,,,,,,,,,,,,,,,,
754,1,DDP,Exp_Cacao,Exp_Cacao,,,2052,,,,,,1.0,,,,,,,,,,,,,,,,
754,1,DDP,Exp_Cacao,Exp_Cacao,,,2053,,,,,,1.0,,,,,,,,,,,,,,,,
754,1,DDP,Exp_Cacao,Exp_Cacao,,,2054,,,,,,1.0,,,,,,,,,,,,,,,,
754,1,DDP,Exp_Cacao,Exp_Cacao,,,2055,,,,,,1.0,,,,,,,,,,,,,,,,
754,1,DDP,Exp_Cacao,Exp_Cacao,,,2056,,,,,,1.0,,,,,,,,,,,,,,,,
754,1,DDP,Exp_Cacao,Exp_Cacao,,,2057,,,,,,1.0,,,,,,,,,,,,,,,,
754,1,DDP,Exp_Cacao,Exp_Cacao,,,2058,,,,,,1.0,,,,,,,,,,,,,,,,
754,1,DDP,Exp_Cacao,Exp_Cacao,,,2059,,,,,,1.0,,,,,,,,,,,,,,,,
754,1,DDP,Exp_Cacao,Exp_Cacao,,,2060,,,,,,1.0,,,,,,,,,,,,,,,,
754,1,DDP,Exp_Cacao,Exp_Cacao,,,2061,,,,,,1.0,,,,,,,,,,,,,,,,
754,1,DDP,Exp_Cacao,Exp_Cacao,,,2062,,,,,,1.0,,,,,,,,,,,,,,,,
754,1,DDP,Exp_Cacao,Exp_Cacao,,,2063,,,,,,1.0,,,,,,,,,,,,,,,,
754,1,DDP,Exp_Cacao,Exp_Cacao,,,2064,,,,,,1.0,,,,,,,,,,,,,,,,
754,1,DDP,Exp_Cacao,Exp_Cacao,,,2065,,,,,,1.0,,,,,,,,,,,,,,,,
754,1,DDP,Exp_Cacao,Exp_Cacao,,,2066,,,,,,1.0,,,,,,,,,,,,,,,,
754,1,DDP,Exp_Cacao,Exp_Cacao,,,2067,,,,,,1.0,,,,,,,,,,,,,,,,
754,1,DDP,Exp_Cacao,Exp_Cacao,,,2068,,,,,,1.0,,,,,,,,,,,,,,,,
754,1,DDP,Exp_Cacao,Exp_Cacao,,,2069,,,,,,1.0,,,,,,,,,,,,,,,,
754,1,DDP,Exp_Cacao,Exp_Cacao,,,2070,,,,,,1.0,,,,,,,,,,,,,,,,
754,1,DDP,Exp_Cafe,Exp_Cafe,,,2018,,,,,,1.0,,,,,,,,,,,,,,,,
754,1,DDP,Exp_Cafe,Exp_Cafe,,,2019,,,,,,1.0,,,,,,,,,,,,,,,,
754,1,DDP,Exp_Cafe,Exp_Cafe,,,2020,,,,,,1.0,,,,,,,,,,,,,,,,
754,1,DDP,Exp_Cafe,Exp_Cafe,,,2021,,,,,,1.0,,,,,,,,,,,,,,,,
754,1,DDP,Exp_Cafe,Exp_Cafe,,,2022,,,,,,1.0,,,,,,,,,,,,,,,,
754,1,DDP,Exp_Cafe,Exp_Cafe,,,2023,,,,,,1.0,,,,,,,,,,,,,,,,
754,1,DDP,Exp_Cafe,Exp_Cafe,,,2024,,,,,,1.0,,,,,,,,,,,,,,,,
754,1,DDP,Exp_Cafe,Exp_Cafe,,,2025,,,,,,1.0,,,,,,,,,,,,,,,,
754,1,DDP,Exp_Cafe,Exp_Cafe,,,2026,,,,,,1.0,,,,,,,,,,,,,,,,
754,1,DDP,Exp_Cafe,Exp_Cafe,,,2027,,,,,,1.0,,,,,,,,,,,,,,,,
754,1,DDP,Exp_Cafe,Exp_Cafe,,,2028,,,,,,1.0,,,,,,,,,,,,,,,,
754,1,DDP,Exp_Cafe,Exp_Cafe,,,2029,,,,,,1.0,,,,,,,,,,,,,,,,
754,1,DDP,Exp_Cafe,Exp_Cafe,,,2030,,,,,,1.0,,,,,,,,,,,,,,,,
754,1,DDP,Exp_Cafe,Exp_Cafe,,,2031,,,,,,1.0,,,,,,,,,,,,,,,,
754,1,DDP,Exp_Cafe,Exp_Cafe,,,2032,,,,,,1.0,,,,,,,,,,,,,,,,
754,1,DDP,Exp_Cafe,Exp_Cafe,,,2033,,,,,,1.0,,,,,,,,,,,,,,,,
754,1,DDP,Exp_Cafe,Exp_Cafe,,,2034,,,,,,1.0,,,,,,,,,,,,,,,,
754,1,DDP,Exp_Cafe,Exp_Cafe,,,2035,,,,,,1.0,,,,,,,,,,,,,,,,
754,1,DDP,Exp_Cafe,Exp_Cafe,,,2036,,,,,,1.0,,,,,,,,,,,,,,,,
754,1,DDP,Exp_Cafe,Exp_Cafe,,,2037,,,,,,1.0,,,,,,,,,,,,,,,,
754,1,DDP,Exp_Cafe,Exp_Cafe,,,2038,,,,,,1.0,,,,,,,,,,,,,,,,
754,1,DDP,Exp_Cafe,Exp_Cafe,,,2039,,,,,,1.0,,,,,,,,,,,,,,,,
754,1,DDP,Exp_Cafe,Exp_Cafe,,,2040,,,,,,1.0,,,,,,,,,,,,,,,,
754,1,DDP,Exp_Cafe,Exp_Cafe,,,2041,,,,,,1.0,,,,,,,,,,,,,,,,
754,1,DDP,Exp_Cafe,Exp_Cafe,,,2042,,,,,,1.0,,,,,,,,,,,,,,,,
754,1,DDP,Exp_Cafe,Exp_Cafe,,,2043,,,,,,1.0,,,,,,,,,,,,,,,,
754,1,DDP,Exp_Cafe,Exp_Cafe,,,2044,,,,,,1.0,,,,,,,,,,,,,,,,
754,1,DDP,Exp_Cafe,Exp_Cafe,,,2045,,,,,,1.0,,,,,,,,,,,,,,,,
754,1,DDP,Exp_Cafe,Exp_Cafe,,,2046,,,,,,1.0,,,,,,,,,,,,,,,,
754,1,DDP,Exp_Cafe,Exp_Cafe,,,2047,,,,,,1.0,,,,,,,,,,,,,,,,
754,1,DDP,Exp_Cafe,Exp_Cafe,,,2048,,,,,,1.0,,,,,,,,,,,,,,,,
754,1,DDP,Exp_Cafe,Exp_Cafe,,,2049,,,,,,1.0,,,,,,,,,,,,,,,,
754,1,DDP,Exp_Cafe,Exp_Cafe,,,2050,,,,,,1.0,,,,,,,,,,,,,,,,
754,1,DDP,Exp_Cafe,Exp_Cafe,,,2051,,,,,,1.0,,,,,,,,,,,,,,,,
754,1,DDP,Exp_Cafe,Exp_Cafe,,,2052,,,,,,1.0,,,,,,,,,,,,,,,,
754,1,DDP,Exp_Cafe,Exp_Cafe,,,2053,,,,,,1.0,,,,,,,,,,,,,,,,
754,1,DDP,Exp_Cafe,Exp_Cafe,,,2054,,,,,,1.0,,,,,,,,,,,,,,,,
754,1,DDP,Exp_Cafe,Exp_Cafe,,,2055,,,,,,1.0,,,,,,,,,,,,,,,,
754,1,DDP,Exp_Cafe,Exp_Cafe,,,2056,,,,,,1.0,,,,,,,,,,,,,,,,
754,1,DDP,Exp_Cafe,Exp_Cafe,,,2057,,,,,,1.0,,,,,,,,,,,,,,,,
754,1,DDP,Exp_Cafe,Exp_Cafe,,,2058,,,,,,1.0,,,,,,,,,,,,,,,,
754,1,DDP,Exp_Cafe,Exp_Cafe,,,2059,,,,,,1.0,,,,,,,,,,,,,,,,
754,1,DDP,Exp_Cafe,Exp_Cafe,,,2060,,,,,,1.0,,,,,,,,,,,,,,,,
754,1,DDP,Exp_Cafe,Exp_Cafe,,,2061,,,,,,1.0,,,,,,,,,,,,,,,,
754,1,DDP,Exp_Cafe,Exp_Cafe,,,2062,,,,,,1.0,,,,,,,,,,,,,,,,
754,1,DDP,Exp_Cafe,Exp_Cafe,,,2063,,,,,,1.0,,,,,,,,,,,,,,,,
754,1,DDP,Exp_Cafe,Exp_Cafe,,,2064,,,,,,1.0,,,,,,,,,,,,,,,,
754,1,DDP,Exp_Cafe,Exp_Cafe,,,2065,,,,,,1.0,,,,,,,,,,,,,,,,
754,1,DDP,Exp_Cafe,Exp_Cafe,,,2066,,,,,,1.0,,,,,,,,,,,,,,,,
754,1,DDP,Exp_Cafe,Exp_Cafe,,,2067,,,,,,1.0,,,,,,,,,,,,,,,,
754,1,DDP,Exp_Cafe,Exp_Cafe,,,2068,,,,,,1.0,,,,,,,,,,,,,,,,
754,1,DDP,Exp_Cafe,Exp_Cafe,,,2069,,,,,,1.0,,,,,,,,,,,,,,,,
754,1,DDP,Exp_Cafe,Exp_Cafe,,,2070,,,,,,1.0,,,,,,,,,,,,,,,,
754,1,DDP,Exp_Cana,Exp_Cana,,,2018,,,,,,1.0,,,,,,,,,,,,,,,,
754,1,DDP,Exp_Cana,Exp_Cana,,,2019,,,,,,1.0,,,,,,,,,,,,,,,,
754,1,DDP,Exp_Cana,Exp_Cana,,,2020,,,,,,1.0,,,,,,,,,,,,,,,,
754,1,DDP,Exp_Cana,Exp_Cana,,,2021,,,,,,1.0,,,,,,,,,,,,,,,,
754,1,DDP,Exp_Cana,Exp_Cana,,,2022,,,,,,1.0,,,,,,,,,,,,,,,,
754,1,DDP,Exp_Cana,Exp_Cana,,,2023,,,,,,1.0,,,,,,,,,,,,,,,,
754,1,DDP,Exp_Cana,Exp_Cana,,,2024,,,,,,1.0,,,,,,,,,,,,,,,,
754,1,DDP,Exp_Cana,Exp_Cana,,,2025,,,,,,1.0,,,,,,,,,,,,,,,,
754,1,DDP,Exp_Cana,Exp_Cana,,,2026,,,,,,1.0,,,,,,,,,,,,,,,,
754,1,DDP,Exp_Cana,Exp_Cana,,,2027,,,,,,1.0,,,,,,,,,,,,,,,,
754,1,DDP,Exp_Cana,Exp_Cana,,,2028,,,,,,1.0,,,,,,,,,,,,,,,,
754,1,DDP,Exp_Cana,Exp_Cana,,,2029,,,,,,1.0,,,,,,,,,,,,,,,,
754,1,DDP,Exp_Cana,Exp_Cana,,,2030,,,,,,1.0,,,,,,,,,,,,,,,,
754,1,DDP,Exp_Cana,Exp_Cana,,,2031,,,,,,1.0,,,,,,,,,,,,,,,,
754,1,DDP,Exp_Cana,Exp_Cana,,,2032,,,,,,1.0,,,,,,,,,,,,,,,,
754,1,DDP,Exp_Cana,Exp_Cana,,,2033,,,,,,1.0,,,,,,,,,,,,,,,,
754,1,DDP,Exp_Cana,Exp_Cana,,,2034,,,,,,1.0,,,,,,,,,,,,,,,,
754,1,DDP,Exp_Cana,Exp_Cana,,,2035,,,,,,1.0,,,,,,,,,,,,,,,,
754,1,DDP,Exp_Cana,Exp_Cana,,,2036,,,,,,1.0,,,,,,,,,,,,,,,,
754,1,DDP,Exp_Cana,Exp_Cana,,,2037,,,,,,1.0,,,,,,,,,,,,,,,,
754,1,DDP,Exp_Cana,Exp_Cana,,,2038,,,,,,1.0,,,,,,,,,,,,,,,,
754,1,DDP,Exp_Cana,Exp_Cana,,,2039,,,,,,1.0,,,,,,,,,,,,,,,,
754,1,DDP,Exp_Cana,Exp_Cana,,,2040,,,,,,1.0,,,,,,,,,,,,,,,,
754,1,DDP,Exp_Cana,Exp_Cana,,,2041,,,,,,1.0,,,,,,,,,,,,,,,,
754,1,DDP,Exp_Cana,Exp_Cana,,,2042,,,,,,1.0,,,,,,,,,,,,,,,,
754,1,DDP,Exp_Cana,Exp_Cana,,,2043,,,,,,1.0,,,,,,,,,,,,,,,,
754,1,DDP,Exp_Cana,Exp_Cana,,,2044,,,,,,1.0,,,,,,,,,,,,,,,,
754,1,DDP,Exp_Cana,Exp_Cana,,,2045,,,,,,1.0,,,,,,,,,,,,,,,,
754,1,DDP,Exp_Cana,Exp_Cana,,,2046,,,,,,1.0,,,,,,,,,,,,,,,,
754,1,DDP,Exp_Cana,Exp_Cana,,,2047,,,,,,1.0,,,,,,,,,,,,,,,,
754,1,DDP,Exp_Cana,Exp_Cana,,,2048,,,,,,1.0,,,,,,,,,,,,,,,,
754,1,DDP,Exp_Cana,Exp_Cana,,,2049,,,,,,1.0,,,,,,,,,,,,,,,,
754,1,DDP,Exp_Cana,Exp_Cana,,,2050,,,,,,1.0,,,,,,,,,,,,,,,,
754,1,DDP,Exp_Cana,Exp_Cana,,,2051,,,,,,1.0,,,,,,,,,,,,,,,,
754,1,DDP,Exp_Cana,Exp_Cana,,,2052,,,,,,1.0,,,,,,,,,,,,,,,,
754,1,DDP,Exp_Cana,Exp_Cana,,,2053,,,,,,1.0,,,,,,,,,,,,,,,,
754,1,DDP,Exp_Cana,Exp_Cana,,,2054,,,,,,1.0,,,,,,,,,,,,,,,,
754,1,DDP,Exp_Cana,Exp_Cana,,,2055,,,,,,1.0,,,,,,,,,,,,,,,,
754,1,DDP,Exp_Cana,Exp_Cana,,,2056,,,,,,1.0,,,,,,,,,,,,,,,,
754,1,DDP,Exp_Cana,Exp_Cana,,,2057,,,,,,1.0,,,,,,,,,,,,,,,,
754,1,DDP,Exp_Cana,Exp_Cana,,,2058,,,,,,1.0,,,,,,,,,,,,,,,,
754,1,DDP,Exp_Cana,Exp_Cana,,,2059,,,,,,1.0,,,,,,,,,,,,,,,,
754,1,DDP,Exp_Cana,Exp_Cana,,,2060,,,,,,1.0,,,,,,,,,,,,,,,,
754,1,DDP,Exp_Cana,Exp_Cana,,,2061,,,,,,1.0,,,,,,,,,,,,,,,,
754,1,DDP,Exp_Cana,Exp_Cana,,,2062,,,,,,1.0,,,,,,,,,,,,,,,,
754,1,DDP,Exp_Cana,Exp_Cana,,,2063,,,,,,1.0,,,,,,,,,,,,,,,,
754,1,DDP,Exp_Cana,Exp_Cana,,,2064,,,,,,1.0,,,,,,,,,,,,,,,,
754,1,DDP,Exp_Cana,Exp_Cana,,,2065,,,,,,1.0,,,,,,,,,,,,,,,,
754,1,DDP,Exp_Cana,Exp_Cana,,,2066,,,,,,1.0,,,,,,,,,,,,,,,,
754,1,DDP,Exp_Cana,Exp_Cana,,,2067,,,,,,1.0,,,,,,,,,,,,,,,,
754,1,DDP,Exp_Cana,Exp_Cana,,,2068,,,,,,1.0,,,,,,,,,,,,,,,,
754,1,DDP,Exp_Cana,Exp_Cana,,,2069,,,,,,1.0,,,,,,,,,,,,,,,,
754,1,DDP,Exp_Cana,Exp_Cana,,,2070,,,,,,1.0,,,,,,,,,,,,,,,,
754,1,DDP,Exp_Maiz,Exp_Maiz,,,2018,,,,,,1.0,,,,,,,,,,,,,,,,
754,1,DDP,Exp_Maiz,Exp_Maiz,,,2019,,,,,,1.0,,,,,,,,,,,,,,,,
754,1,DDP,Exp_Maiz,Exp_Maiz,,,2020,,,,,,1.0,,,,,,,,,,,,,,,,
754,1,DDP,Exp_Maiz,Exp_Maiz,,,2021,,,,,,1.0,,,,,,,,,,,,,,,,
754,1,DDP,Exp_Maiz,Exp_Maiz,,,2022,,,,,,1.0,,,,,,,,,,,,,,,,
754,1,DDP,Exp_Maiz,Exp_Maiz,,,2023,,,,,,1.0,,,,,,,,,,,,,,,,
754,1,DDP,Exp_Maiz,Exp_Maiz,,,2024,,,,,,1.0,,,,,,,,,,,,,,,,
754,1,DDP,Exp_Maiz,Exp_Maiz,,,2025,,,,,,1.0,,,,,,,,,,,,,,,,
754,1,DDP,Exp_Maiz,Exp_Maiz,,,2026,,,,,,1.0,,,,,,,,,,,,,,,,
754,1,DDP,Exp_Maiz,Exp_Maiz,,,2027,,,,,,1.0,,,,,,,,,,,,,,,,
754,1,DDP,Exp_Maiz,Exp_Maiz,,,2028,,,,,,1.0,,,,,,,,,,,,,,,,
754,1,DDP,Exp_Maiz,Exp_Maiz,,,2029,,,,,,1.0,,,,,,,,,,,,,,,,
754,1,DDP,Exp_Maiz,Exp_Maiz,,,2030,,,,,,1.0,,,,,,,,,,,,,,,,
754,1,DDP,Exp_Maiz,Exp_Maiz,,,2031,,,,,,1.0,,,,,,,,,,,,,,,,
754,1,DDP,Exp_Maiz,Exp_Maiz,,,2032,,,,,,1.0,,,,,,,,,,,,,,,,
754,1,DDP,Exp_Maiz,Exp_Maiz,,,2033,,,,,,1.0,,,,,,,,,,,,,,,,
754,1,DDP,Exp_Maiz,Exp_Maiz,,,2034,,,,,,1.0,,,,,,,,,,,,,,,,
754,1,DDP,Exp_Maiz,Exp_Maiz,,,2035,,,,,,1.0,,,,,,,,,,,,,,,,
754,1,DDP,Exp_Maiz,Exp_Maiz,,,2036,,,,,,1.0,,,,,,,,,,,,,,,,
754,1,DDP,Exp_Maiz,Exp_Maiz,,,2037,,,,,,1.0,,,,,,,,,,,,,,,,
754,1,DDP,Exp_Maiz,Exp_Maiz,,,2038,,,,,,1.0,,,,,,,,,,,,,,,,
754,1,DDP,Exp_Maiz,Exp_Maiz,,,2039,,,,,,1.0,,,,,,,,,,,,,,,,
754,1,DDP,Exp_Maiz,Exp_Maiz,,,2040,,,,,,1.0,,,,,,,,,,,,,,,,
754,1,DDP,Exp_Maiz,Exp_Maiz,,,2041,,,,,,1.0,,,,,,,,,,,,,,,,
754,1,DDP,Exp_Maiz,Exp_Maiz,,,2042,,,,,,1.0,,,,,,,,,,,,,,,,
754,1,DDP,Exp_Maiz,Exp_Maiz,,,2043,,,,,,1.0,,,,,,,,,,,,,,,,
754,1,DDP,Exp_Maiz,Exp_Maiz,,,2044,,,,,,1.0,,,,,,,,,,,,,,,,
754,1,DDP,Exp_Maiz,Exp_Maiz,,,2045,,,,,,1.0,,,,,,,,,,,,,,,,
754,1,DDP,Exp_Maiz,Exp_Maiz,,,2046,,,,,,1.0,,,,,,,,,,,,,,,,
754,1,DDP,Exp_Maiz,Exp_Maiz,,,2047,,,,,,1.0,,,,,,,,,,,,,,,,
754,1,DDP,Exp_Maiz,Exp_Maiz,,,2048,,,,,,1.0,,,,,,,,,,,,,,,,
754,1,DDP,Exp_Maiz,Exp_Maiz,,,2049,,,,,,1.0,,,,,,,,,,,,,,,,
754,1,DDP,Exp_Maiz,Exp_Maiz,,,2050,,,,,,1.0,,,,,,,,,,,,,,,,
754,1,DDP,Exp_Maiz,Exp_Maiz,,,2051,,,,,,1.0,,,,,,,,,,,,,,,,
754,1,DDP,Exp_Maiz,Exp_Maiz,,,2052,,,,,,1.0,,,,,,,,,,,,,,,,
754,1,DDP,Exp_Maiz,Exp_Maiz,,,2053,,,,,,1.0,,,,,,,,,,,,,,,,
754,1,DDP,Exp_Maiz,Exp_Maiz,,,2054,,,,,,1.0,,,,,,,,,,,,,,,,
754,1,DDP,Exp_Maiz,Exp_Maiz,,,2055,,,,,,1.0,,,,,,,,,,,,,,,,
754,1,DDP,Exp_Maiz,Exp_Maiz,,,2056,,,,,,1.0,,,,,,,,,,,,,,,,
754,1,DDP,Exp_Maiz,Exp_Maiz,,,2057,,,,,,1.0,,,,,,,,,,,,,,,,
754,1,DDP,Exp_Maiz,Exp_Maiz,,,2058,,,,,,1.0,,,,,,,,,,,,,,,,
754,1,DDP,Exp_Maiz,Exp_Maiz,,,2059,,,,,,1.0,,,,,,,,,,,,,,,,
754,1,DDP,Exp_Maiz,Exp_Maiz,,,2060,,,,,,1.0,,,,,,,,,,,,,,,,
754,1,DDP,Exp_Maiz,Exp_Maiz,,,2061,,,,,,1.0,,,,,,,,,,,,,,,,
754,1,DDP,Exp_Maiz,Exp_Maiz,,,2062,,,,,,1.0,,,,,,,,,,,,,,,,
754,1,DDP,Exp_Maiz,Exp_Maiz,,,2063,,,,,,1.0,,,,,,,,,,,,,,,,
754,1,DDP,Exp_Maiz,Exp_Maiz,,,2064,,,,,,1.0,,,,,,,,,,,,,,,,
754,1,DDP,Exp_Maiz,Exp_Maiz,,,2065,,,,,,1.0,,,,,,,,,,,,,,,,
754,1,DDP,Exp_Maiz,Exp_Maiz,,,2066,,,,,,1.0,,,,,,,,,,,,,,,,
754,1,DDP,Exp_Maiz,Exp_Maiz,,,2067,,,,,,1.0,,,,,,,,,,,,,,,,
754,1,DDP,Exp_Maiz,Exp_Maiz,,,2068,,,,,,1.0,,,,,,,,,,,,,,,,
754,1,DDP,Exp_Maiz,Exp_Maiz,,,2069,,,,,,1.0,,,,,,,,,,,,,,,,
754,1,DDP,Exp_Maiz,Exp_Maiz,,,2070,,,,,,1.0,,,,,,,,,,,,,,,,
754,1,DDP,Exp_Palma,Exp_Palma,,,2018,,,,,,1.0,,,,,,,,,,,,,,,,
754,1,DDP,Exp_Palma,Exp_Palma,,,2019,,,,,,1.0,,,,,,,,,,,,,,,,
754,1,DDP,Exp_Palma,Exp_Palma,,,2020,,,,,,1.0,,,,,,,,,,,,,,,,
754,1,DDP,Exp_Palma,Exp_Palma,,,2021,,,,,,1.0,,,,,,,,,,,,,,,,
754,1,DDP,Exp_Palma,Exp_Palma,,,2022,,,,,,1.0,,,,,,,,,,,,,,,,
754,1,DDP,Exp_Palma,Exp_Palma,,,2023,,,,,,1.0,,,,,,,,,,,,,,,,
754,1,DDP,Exp_Palma,Exp_Palma,,,2024,,,,,,1.0,,,,,,,,,,,,,,,,
754,1,DDP,Exp_Palma,Exp_Palma,,,2025,,,,,,1.0,,,,,,,,,,,,,,,,
754,1,DDP,Exp_Palma,Exp_Palma,,,2026,,,,,,1.0,,,,,,,,,,,,,,,,
754,1,DDP,Exp_Palma,Exp_Palma,,,2027,,,,,,1.0,,,,,,,,,,,,,,,,
754,1,DDP,Exp_Palma,Exp_Palma,,,2028,,,,,,1.0,,,,,,,,,,,,,,,,
754,1,DDP,Exp_Palma,Exp_Palma,,,2029,,,,,,1.0,,,,,,,,,,,,,,,,
754,1,DDP,Exp_Palma,Exp_Palma,,,2030,,,,,,1.0,,,,,,,,,,,,,,,,
754,1,DDP,Exp_Palma,Exp_Palma,,,2031,,,,,,1.0,,,,,,,,,,,,,,,,
754,1,DDP,Exp_Palma,Exp_Palma,,,2032,,,,,,1.0,,,,,,,,,,,,,,,,
754,1,DDP,Exp_Palma,Exp_Palma,,,2033,,,,,,1.0,,,,,,,,,,,,,,,,
754,1,DDP,Exp_Palma,Exp_Palma,,,2034,,,,,,1.0,,,,,,,,,,,,,,,,
754,1,DDP,Exp_Palma,Exp_Palma,,,2035,,,,,,1.0,,,,,,,,,,,,,,,,
754,1,DDP,Exp_Palma,Exp_Palma,,,2036,,,,,,1.0,,,,,,,,,,,,,,,,
754,1,DDP,Exp_Palma,Exp_Palma,,,2037,,,,,,1.0,,,,,,,,,,,,,,,,
754,1,DDP,Exp_Palma,Exp_Palma,,,2038,,,,,,1.0,,,,,,,,,,,,,,,,
754,1,DDP,Exp_Palma,Exp_Palma,,,2039,,,,,,1.0,,,,,,,,,,,,,,,,
754,1,DDP,Exp_Palma,Exp_Palma,,,2040,,,,,,1.0,,,,,,,,,,,,,,,,
754,1,DDP,Exp_Palma,Exp_Palma,,,2041,,,,,,1.0,,,,,,,,,,,,,,,,
754,1,DDP,Exp_Palma,Exp_Palma,,,2042,,,,,,1.0,,,,,,,,,,,,,,,,
754,1,DDP,Exp_Palma,Exp_Palma,,,2043,,,,,,1.0,,,,,,,,,,,,,,,,
754,1,DDP,Exp_Palma,Exp_Palma,,,2044,,,,,,1.0,,,,,,,,,,,,,,,,
754,1,DDP,Exp_Palma,Exp_Palma,,,2045,,,,,,1.0,,,,,,,,,,,,,,,,
754,1,DDP,Exp_Palma,Exp_Palma,,,2046,,,,,,1.0,,,,,,,,,,,,,,,,
754,1,DDP,Exp_Palma,Exp_Palma,,,2047,,,,,,1.0,,,,,,,,,,,,,,,,
754,1,DDP,Exp_Palma,Exp_Palma,,,2048,,,,,,1.0,,,,,,,,,,,,,,,,
754,1,DDP,Exp_Palma,Exp_Palma,,,2049,,,,,,1.0,,,,,,,,,,,,,,,,
754,1,DDP,Exp_Palma,Exp_Palma,,,2050,,,,,,1.0,,,,,,,,,,,,,,,,
754,1,DDP,Exp_Palma,Exp_Palma,,,2051,,,,,,1.0,,,,,,,,,,,,,,,,
754,1,DDP,Exp_Palma,Exp_Palma,,,2052,,,,,,1.0,,,,,,,,,,,,,,,,
754,1,DDP,Exp_Palma,Exp_Palma,,,2053,,,,,,1.0,,,,,,,,,,,,,,,,
754,1,DDP,Exp_Palma,Exp_Palma,,,2054,,,,,,1.0,,,,,,,,,,,,,,,,
754,1,DDP,Exp_Palma,Exp_Palma,,,2055,,,,,,1.0,,,,,,,,,,,,,,,,
754,1,DDP,Exp_Palma,Exp_Palma,,,2056,,,,,,1.0,,,,,,,,,,,,,,,,
754,1,DDP,Exp_Palma,Exp_Palma,,,2057,,,,,,1.0,,,,,,,,,,,,,,,,
754,1,DDP,Exp_Palma,Exp_Palma,,,2058,,,,,,1.0,,,,,,,,,,,,,,,,
754,1,DDP,Exp_Palma,Exp_Palma,,,2059,,,,,,1.0,,,,,,,,,,,,,,,,
754,1,DDP,Exp_Palma,Exp_Palma,,,2060,,,,,,1.0,,,,,,,,,,,,,,,,
754,1,DDP,Exp_Palma,Exp_Palma,,,2061,,,,,,1.0,,,,,,,,,,,,,,,,
754,1,DDP,Exp_Palma,Exp_Palma,,,2062,,,,,,1.0,,,,,,,,,,,,,,,,
754,1,DDP,Exp_Palma,Exp_Palma,,,2063,,,,,,1.0,,,,,,,,,,,,,,,,
754,1,DDP,Exp_Palma,Exp_Palma,,,2064,,,,,,1.0,,,,,,,,,,,,,,,,
754,1,DDP,Exp_Palma,Exp_Palma,,,2065,,,,,,1.0,,,,,,,,,,,,,,,,
754,1,DDP,Exp_Palma,Exp_Palma,,,2066,,,,,,1.0,,,,,,,,,,,,,,,,
754,1,DDP,Exp_Palma,Exp_Palma,,,2067,,,,,,1.0,,,,,,,,,,,,,,,,
754,1,DDP,Exp_Palma,Exp_Palma,,,2068,,,,,,1.0,,,,,,,,,,,,,,,,
754,1,DDP,Exp_Palma,Exp_Palma,,,2069,,,,,,1.0,,,,,,,,,,,,,,,,
754,1,DDP,Exp_Palma,Exp_Palma,,,2070,,,,,,1.0,,,,,,,,,,,,,,,,
754,1,DDP,Exp_Soya,Exp_Soya,,,2018,,,,,,1.0,,,,,,,,,,,,,,,,
754,1,DDP,Exp_Soya,Exp_Soya,,,2019,,,,,,1.0,,,,,,,,,,,,,,,,
754,1,DDP,Exp_Soya,Exp_Soya,,,2020,,,,,,1.0,,,,,,,,,,,,,,,,
754,1,DDP,Exp_Soya,Exp_Soya,,,2021,,,,,,1.0,,,,,,,,,,,,,,,,
754,1,DDP,Exp_Soya,Exp_Soya,,,2022,,,,,,1.0,,,,,,,,,,,,,,,,
754,1,DDP,Exp_Soya,Exp_Soya,,,2023,,,,,,1.0,,,,,,,,,,,,,,,,
754,1,DDP,Exp_Soya,Exp_Soya,,,2024,,,,,,1.0,,,,,,,,,,,,,,,,
754,1,DDP,Exp_Soya,Exp_Soya,,,2025,,,,,,1.0,,,,,,,,,,,,,,,,
754,1,DDP,Exp_Soya,Exp_Soya,,,2026,,,,,,1.0,,,,,,,,,,,,,,,,
754,1,DDP,Exp_Soya,Exp_Soya,,,2027,,,,,,1.0,,,,,,,,,,,,,,,,
754,1,DDP,Exp_Soya,Exp_Soya,,,2028,,,,,,1.0,,,,,,,,,,,,,,,,
754,1,DDP,Exp_Soya,Exp_Soya,,,2029,,,,,,1.0,,,,,,,,,,,,,,,,
754,1,DDP,Exp_Soya,Exp_Soya,,,2030,,,,,,1.0,,,,,,,,,,,,,,,,
754,1,DDP,Exp_Soya,Exp_Soya,,,2031,,,,,,1.0,,,,,,,,,,,,,,,,
754,1,DDP,Exp_Soya,Exp_Soya,,,2032,,,,,,1.0,,,,,,,,,,,,,,,,
754,1,DDP,Exp_Soya,Exp_Soya,,,2033,,,,,,1.0,,,,,,,,,,,,,,,,
754,1,DDP,Exp_Soya,Exp_Soya,,,2034,,,,,,1.0,,,,,,,,,,,,,,,,
754,1,DDP,Exp_Soya,Exp_Soya,,,2035,,,,,,1.0,,,,,,,,,,,,,,,,
754,1,DDP,Exp_Soya,Exp_Soya,,,2036,,,,,,1.0,,,,,,,,,,,,,,,,
754,1,DDP,Exp_Soya,Exp_Soya,,,2037,,,,,,1.0,,,,,,,,,,,,,,,,
754,1,DDP,Exp_Soya,Exp_Soya,,,2038,,,,,,1.0,,,,,,,,,,,,,,,,
754,1,DDP,Exp_Soya,Exp_Soya,,,2039,,,,,,1.0,,,,,,,,,,,,,,,,
754,1,DDP,Exp_Soya,Exp_Soya,,,2040,,,,,,1.0,,,,,,,,,,,,,,,,
754,1,DDP,Exp_Soya,Exp_Soya,,,2041,,,,,,1.0,,,,,,,,,,,,,,,,
754,1,DDP,Exp_Soya,Exp_Soya,,,2042,,,,,,1.0,,,,,,,,,,,,,,,,
754,1,DDP,Exp_Soya,Exp_Soya,,,2043,,,,,,1.0,,,,,,,,,,,,,,,,
754,1,DDP,Exp_Soya,Exp_Soya,,,2044,,,,,,1.0,,,,,,,,,,,,,,,,
754,1,DDP,Exp_Soya,Exp_Soya,,,2045,,,,,,1.0,,,,,,,,,,,,,,,,
754,1,DDP,Exp_Soya,Exp_Soya,,,2046,,,,,,1.0,,,,,,,,,,,,,,,,
754,1,DDP,Exp_Soya,Exp_Soya,,,2047,,,,,,1.0,,,,,,,,,,,,,,,,
754,1,DDP,Exp_Soya,Exp_Soya,,,2048,,,,,,1.0,,,,,,,,,,,,,,,,
754,1,DDP,Exp_Soya,Exp_Soya,,,2049,,,,,,1.0,,,,,,,,,,,,,,,,
754,1,DDP,Exp_Soya,Exp_Soya,,,2050,,,,,,1.0,,,,,,,,,,,,,,,,
754,1,DDP,Exp_Soya,Exp_Soya,,,2051,,,,,,1.0,,,,,,,,,,,,,,,,
754,1,DDP,Exp_Soya,Exp_Soya,,,2052,,,,,,1.0,,,,,,,,,,,,,,,,
754,1,DDP,Exp_Soya,Exp_Soya,,,2053,,,,,,1.0,,,,,,,,,,,,,,,,
754,1,DDP,Exp_Soya,Exp_Soya,,,2054,,,,,,1.0,,,,,,,,,,,,,,,,
754,1,DDP,Exp_Soya,Exp_Soya,,,2055,,,,,,1.0,,,,,,,,,,,,,,,,
754,1,DDP,Exp_Soya,Exp_Soya,,,2056,,,,,,1.0,,,,,,,,,,,,,,,,
754,1,DDP,Exp_Soya,Exp_Soya,,,2057,,,,,,1.0,,,,,,,,,,,,,,,,
754,1,DDP,Exp_Soya,Exp_Soya,,,2058,,,,,,1.0,,,,,,,,,,,,,,,,
754,1,DDP,Exp_Soya,Exp_Soya,,,2059,,,,,,1.0,,,,,,,,,,,,,,,,
754,1,DDP,Exp_Soya,Exp_Soya,,,2060,,,,,,1.0,,,,,,,,,,,,,,,,
754,1,DDP,Exp_Soya,Exp_Soya,,,2061,,,,,,1.0,,,,,,,,,,,,,,,,
754,1,DDP,Exp_Soya,Exp_Soya,,,2062,,,,,,1.0,,,,,,,,,,,,,,,,
754,1,DDP,Exp_Soya,Exp_Soya,,,2063,,,,,,1.0,,,,,,,,,,,,,,,,
754,1,DDP,Exp_Soya,Exp_Soya,,,2064,,,,,,1.0,,,,,,,,,,,,,,,,
754,1,DDP,Exp_Soya,Exp_Soya,,,2065,,,,,,1.0,,,,,,,,,,,,,,,,
754,1,DDP,Exp_Soya,Exp_Soya,,,2066,,,,,,1.0,,,,,,,,,,,,,,,,
754,1,DDP,Exp_Soya,Exp_Soya,,,2067,,,,,,1.0,,,,,,,,,,,,,,,,
754,1,DDP,Exp_Soya,Exp_Soya,,,2068,,,,,,1.0,,,,,,,,,,,,,,,,
754,1,DDP,Exp_Soya,Exp_Soya,,,2069,,,,,,1.0,,,,,,,,,,,,,,,,
754,1,DDP,Exp_Soya,Exp_Soya,,,2070,,,,,,1.0,,,,,,,,,,,,,,,,
754,1,DDP,Exp_Palmito,Exp_Palmito,,,2018,,,,,,1.0,,,,,,,,,,,,,,,,
754,1,DDP,Exp_Palmito,Exp_Palmito,,,2019,,,,,,1.0,,,,,,,,,,,,,,,,
754,1,DDP,Exp_Palmito,Exp_Palmito,,,2020,,,,,,1.0,,,,,,,,,,,,,,,,
754,1,DDP,Exp_Palmito,Exp_Palmito,,,2021,,,,,,1.0,,,,,,,,,,,,,,,,
754,1,DDP,Exp_Palmito,Exp_Palmito,,,2022,,,,,,1.0,,,,,,,,,,,,,,,,
754,1,DDP,Exp_Palmito,Exp_Palmito,,,2023,,,,,,1.0,,,,,,,,,,,,,,,,
754,1,DDP,Exp_Palmito,Exp_Palmito,,,2024,,,,,,1.0,,,,,,,,,,,,,,,,
754,1,DDP,Exp_Palmito,Exp_Palmito,,,2025,,,,,,1.0,,,,,,,,,,,,,,,,
754,1,DDP,Exp_Palmito,Exp_Palmito,,,2026,,,,,,1.0,,,,,,,,,,,,,,,,
754,1,DDP,Exp_Palmito,Exp_Palmito,,,2027,,,,,,1.0,,,,,,,,,,,,,,,,
754,1,DDP,Exp_Palmito,Exp_Palmito,,,2028,,,,,,1.0,,,,,,,,,,,,,,,,
754,1,DDP,Exp_Palmito,Exp_Palmito,,,2029,,,,,,1.0,,,,,,,,,,,,,,,,
754,1,DDP,Exp_Palmito,Exp_Palmito,,,2030,,,,,,1.0,,,,,,,,,,,,,,,,
754,1,DDP,Exp_Palmito,Exp_Palmito,,,2031,,,,,,1.0,,,,,,,,,,,,,,,,
754,1,DDP,Exp_Palmito,Exp_Palmito,,,2032,,,,,,1.0,,,,,,,,,,,,,,,,
754,1,DDP,Exp_Palmito,Exp_Palmito,,,2033,,,,,,1.0,,,,,,,,,,,,,,,,
754,1,DDP,Exp_Palmito,Exp_Palmito,,,2034,,,,,,1.0,,,,,,,,,,,,,,,,
754,1,DDP,Exp_Palmito,Exp_Palmito,,,2035,,,,,,1.0,,,,,,,,,,,,,,,,
754,1,DDP,Exp_Palmito,Exp_Palmito,,,2036,,,,,,1.0,,,,,,,,,,,,,,,,
754,1,DDP,Exp_Palmito,Exp_Palmito,,,2037,,,,,,1.0,,,,,,,,,,,,,,,,
754,1,DDP,Exp_Palmito,Exp_Palmito,,,2038,,,,,,1.0,,,,,,,,,,,,,,,,
754,1,DDP,Exp_Palmito,Exp_Palmito,,,2039,,,,,,1.0,,,,,,,,,,,,,,,,
754,1,DDP,Exp_Palmito,Exp_Palmito,,,2040,,,,,,1.0,,,,,,,,,,,,,,,,
754,1,DDP,Exp_Palmito,Exp_Palmito,,,2041,,,,,,1.0,,,,,,,,,,,,,,,,
754,1,DDP,Exp_Palmito,Exp_Palmito,,,2042,,,,,,1.0,,,,,,,,,,,,,,,,
754,1,DDP,Exp_Palmito,Exp_Palmito,,,2043,,,,,,1.0,,,,,,,,,,,,,,,,
754,1,DDP,Exp_Palmito,Exp_Palmito,,,2044,,,,,,1.0,,,,,,,,,,,,,,,,
754,1,DDP,Exp_Palmito,Exp_Palmito,,,2045,,,,,,1.0,,,,,,,,,,,,,,,,
754,1,DDP,Exp_Palmito,Exp_Palmito,,,2046,,,,,,1.0,,,,,,,,,,,,,,,,
754,1,DDP,Exp_Palmito,Exp_Palmito,,,2047,,,,,,1.0,,,,,,,,,,,,,,,,
754,1,DDP,Exp_Palmito,Exp_Palmito,,,2048,,,,,,1.0,,,,,,,,,,,,,,,,
754,1,DDP,Exp_Palmito,Exp_Palmito,,,2049,,,,,,1.0,,,,,,,,,,,,,,,,
754,1,DDP,Exp_Palmito,Exp_Palmito,,,2050,,,,,,1.0,,,,,,,,,,,,,,,,
754,1,DDP,Exp_Palmito,Exp_Palmito,,,2051,,,,,,1.0,,,,,,,,,,,,,,,,
754,1,DDP,Exp_Palmito,Exp_Palmito,,,2052,,,,,,1.0,,,,,,,,,,,,,,,,
754,1,DDP,Exp_Palmito,Exp_Palmito,,,2053,,,,,,1.0,,,,,,,,,,,,,,,,
754,1,DDP,Exp_Palmito,Exp_Palmito,,,2054,,,,,,1.0,,,,,,,,,,,,,,,,
754,1,DDP,Exp_Palmito,Exp_Palmito,,,2055,,,,,,1.0,,,,,,,,,,,,,,,,
754,1,DDP,Exp_Palmito,Exp_Palmito,,,2056,,,,,,1.0,,,,,,,,,,,,,,,,
754,1,DDP,Exp_Palmito,Exp_Palmito,,,2057,,,,,,1.0,,,,,,,,,,,,,,,,
754,1,DDP,Exp_Palmito,Exp_Palmito,,,2058,,,,,,1.0,,,,,,,,,,,,,,,,
754,1,DDP,Exp_Palmito,Exp_Palmito,,,2059,,,,,,1.0,,,,,,,,,,,,,,,,
754,1,DDP,Exp_Palmito,Exp_Palmito,,,2060,,,,,,1.0,,,,,,,,,,,,,,,,
754,1,DDP,Exp_Palmito,Exp_Palmito,,,2061,,,,,,1.0,,,,,,,,,,,,,,,,
754,1,DDP,Exp_Palmito,Exp_Palmito,,,2062,,,,,,1.0,,,,,,,,,,,,,,,,
754,1,DDP,Exp_Palmito,Exp_Palmito,,,2063,,,,,,1.0,,,,,,,,,,,,,,,,
754,1,DDP,Exp_Palmito,Exp_Palmito,,,2064,,,,,,1.0,,,,,,,,,,,,,,,,
754,1,DDP,Exp_Palmito,Exp_Palmito,,,2065,,,,,,1.0,,,,,,,,,,,,,,,,
754,1,DDP,Exp_Palmito,Exp_Palmito,,,2066,,,,,,1.0,,,,,,,,,,,,,,,,
754,1,DDP,Exp_Palmito,Exp_Palmito,,,2067,,,,,,1.0,,,,,,,,,,,,,,,,
754,1,DDP,Exp_Palmito,Exp_Palmito,,,2068,,,,,,1.0,,,,,,,,,,,,,,,,
754,1,DDP,Exp_Palmito,Exp_Palmito,,,2069,,,,,,1.0,,,,,,,,,,,,,,,,
754,1,DDP,Exp_Palmito,Exp_Palmito,,,2070,,,,,,1.0,,,,,,,,,,,,,,,,
754,1,DDP,Exp_Legumbres,Exp_Legumbres,,,2018,,,,,,1.0,,,,,,,,,,,,,,,,
754,1,DDP,Exp_Legumbres,Exp_Legumbres,,,2019,,,,,,1.0,,,,,,,,,,,,,,,,
754,1,DDP,Exp_Legumbres,Exp_Legumbres,,,2020,,,,,,1.0,,,,,,,,,,,,,,,,
754,1,DDP,Exp_Legumbres,Exp_Legumbres,,,2021,,,,,,1.0,,,,,,,,,,,,,,,,
754,1,DDP,Exp_Legumbres,Exp_Legumbres,,,2022,,,,,,1.0,,,,,,,,,,,,,,,,
754,1,DDP,Exp_Legumbres,Exp_Legumbres,,,2023,,,,,,1.0,,,,,,,,,,,,,,,,
754,1,DDP,Exp_Legumbres,Exp_Legumbres,,,2024,,,,,,1.0,,,,,,,,,,,,,,,,
754,1,DDP,Exp_Legumbres,Exp_Legumbres,,,2025,,,,,,1.0,,,,,,,,,,,,,,,,
754,1,DDP,Exp_Legumbres,Exp_Legumbres,,,2026,,,,,,1.0,,,,,,,,,,,,,,,,
754,1,DDP,Exp_Legumbres,Exp_Legumbres,,,2027,,,,,,1.0,,,,,,,,,,,,,,,,
754,1,DDP,Exp_Legumbres,Exp_Legumbres,,,2028,,,,,,1.0,,,,,,,,,,,,,,,,
754,1,DDP,Exp_Legumbres,Exp_Legumbres,,,2029,,,,,,1.0,,,,,,,,,,,,,,,,
754,1,DDP,Exp_Legumbres,Exp_Legumbres,,,2030,,,,,,1.0,,,,,,,,,,,,,,,,
754,1,DDP,Exp_Legumbres,Exp_Legumbres,,,2031,,,,,,1.0,,,,,,,,,,,,,,,,
754,1,DDP,Exp_Legumbres,Exp_Legumbres,,,2032,,,,,,1.0,,,,,,,,,,,,,,,,
754,1,DDP,Exp_Legumbres,Exp_Legumbres,,,2033,,,,,,1.0,,,,,,,,,,,,,,,,
754,1,DDP,Exp_Legumbres,Exp_Legumbres,,,2034,,,,,,1.0,,,,,,,,,,,,,,,,
754,1,DDP,Exp_Legumbres,Exp_Legumbres,,,2035,,,,,,1.0,,,,,,,,,,,,,,,,
754,1,DDP,Exp_Legumbres,Exp_Legumbres,,,2036,,,,,,1.0,,,,,,,,,,,,,,,,
754,1,DDP,Exp_Legumbres,Exp_Legumbres,,,2037,,,,,,1.0,,,,,,,,,,,,,,,,
754,1,DDP,Exp_Legumbres,Exp_Legumbres,,,2038,,,,,,1.0,,,,,,,,,,,,,,,,
754,1,DDP,Exp_Legumbres,Exp_Legumbres,,,2039,,,,,,1.0,,,,,,,,,,,,,,,,
754,1,DDP,Exp_Legumbres,Exp_Legumbres,,,2040,,,,,,1.0,,,,,,,,,,,,,,,,
754,1,DDP,Exp_Legumbres,Exp_Legumbres,,,2041,,,,,,1.0,,,,,,,,,,,,,,,,
754,1,DDP,Exp_Legumbres,Exp_Legumbres,,,2042,,,,,,1.0,,,,,,,,,,,,,,,,
754,1,DDP,Exp_Legumbres,Exp_Legumbres,,,2043,,,,,,1.0,,,,,,,,,,,,,,,,
754,1,DDP,Exp_Legumbres,Exp_Legumbres,,,2044,,,,,,1.0,,,,,,,,,,,,,,,,
754,1,DDP,Exp_Legumbres,Exp_Legumbres,,,2045,,,,,,1.0,,,,,,,,,,,,,,,,
754,1,DDP,Exp_Legumbres,Exp_Legumbres,,,2046,,,,,,1.0,,,,,,,,,,,,,,,,
754,1,DDP,Exp_Legumbres,Exp_Legumbres,,,2047,,,,,,1.0,,,,,,,,,,,,,,,,
754,1,DDP,Exp_Legumbres,Exp_Legumbres,,,2048,,,,,,1.0,,,,,,,,,,,,,,,,
754,1,DDP,Exp_Legumbres,Exp_Legumbres,,,2049,,,,,,1.0,,,,,,,,,,,,,,,,
754,1,DDP,Exp_Legumbres,Exp_Legumbres,,,2050,,,,,,1.0,,,,,,,,,,,,,,,,
754,1,DDP,Exp_Legumbres,Exp_Legumbres,,,2051,,,,,,1.0,,,,,,,,,,,,,,,,
754,1,DDP,Exp_Legumbres,Exp_Legumbres,,,2052,,,,,,1.0,,,,,,,,,,,,,,,,
754,1,DDP,Exp_Legumbres,Exp_Legumbres,,,2053,,,,,,1.0,,,,,,,,,,,,,,,,
754,1,DDP,Exp_Legumbres,Exp_Legumbres,,,2054,,,,,,1.0,,,,,,,,,,,,,,,,
754,1,DDP,Exp_Legumbres,Exp_Legumbres,,,2055,,,,,,1.0,,,,,,,,,,,,,,,,
754,1,DDP,Exp_Legumbres,Exp_Legumbres,,,2056,,,,,,1.0,,,,,,,,,,,,,,,,
754,1,DDP,Exp_Legumbres,Exp_Legumbres,,,2057,,,,,,1.0,,,,,,,,,,,,,,,,
754,1,DDP,Exp_Legumbres,Exp_Legumbres,,,2058,,,,,,1.0,,,,,,,,,,,,,,,,
754,1,DDP,Exp_Legumbres,Exp_Legumbres,,,2059,,,,,,1.0,,,,,,,,,,,,,,,,
754,1,DDP,Exp_Legumbres,Exp_Legumbres,,,2060,,,,,,1.0,,,,,,,,,,,,,,,,
754,1,DDP,Exp_Legumbres,Exp_Legumbres,,,2061,,,,,,1.0,,,,,,,,,,,,,,,,
754,1,DDP,Exp_Legumbres,Exp_Legumbres,,,2062,,,,,,1.0,,,,,,,,,,,,,,,,
754,1,DDP,Exp_Legumbres,Exp_Legumbres,,,2063,,,,,,1.0,,,,,,,,,,,,,,,,
754,1,DDP,Exp_Legumbres,Exp_Legumbres,,,2064,,,,,,1.0,,,,,,,,,,,,,,,,
754,1,DDP,Exp_Legumbres,Exp_Legumbres,,,2065,,,,,,1.0,,,,,,,,,,,,,,,,
754,1,DDP,Exp_Legumbres,Exp_Legumbres,,,2066,,,,,,1.0,,,,,,,,,,,,,,,,
754,1,DDP,Exp_Legumbres,Exp_Legumbres,,,2067,,,,,,1.0,,,,,,,,,,,,,,,,
754,1,DDP,Exp_Legumbres,Exp_Legumbres,,,2068,,,,,,1.0,,,,,,,,,,,,,,,,
754,1,DDP,Exp_Legumbres,Exp_Legumbres,,,2069,,,,,,1.0,,,,,,,,,,,,,,,,
754,1,DDP,Exp_Legumbres,Exp_Legumbres,,,2070,,,,,,1.0,,,,,,,,,,,,,,,,
754,1,DDP,Exp_Cereales,Exp_Cereales,,,2018,,,,,,1.0,,,,,,,,,,,,,,,,
754,1,DDP,Exp_Cereales,Exp_Cereales,,,2019,,,,,,1.0,,,,,,,,,,,,,,,,
754,1,DDP,Exp_Cereales,Exp_Cereales,,,2020,,,,,,1.0,,,,,,,,,,,,,,,,
754,1,DDP,Exp_Cereales,Exp_Cereales,,,2021,,,,,,1.0,,,,,,,,,,,,,,,,
754,1,DDP,Exp_Cereales,Exp_Cereales,,,2022,,,,,,1.0,,,,,,,,,,,,,,,,
754,1,DDP,Exp_Cereales,Exp_Cereales,,,2023,,,,,,1.0,,,,,,,,,,,,,,,,
754,1,DDP,Exp_Cereales,Exp_Cereales,,,2024,,,,,,1.0,,,,,,,,,,,,,,,,
754,1,DDP,Exp_Cereales,Exp_Cereales,,,2025,,,,,,1.0,,,,,,,,,,,,,,,,
754,1,DDP,Exp_Cereales,Exp_Cereales,,,2026,,,,,,1.0,,,,,,,,,,,,,,,,
754,1,DDP,Exp_Cereales,Exp_Cereales,,,2027,,,,,,1.0,,,,,,,,,,,,,,,,
754,1,DDP,Exp_Cereales,Exp_Cereales,,,2028,,,,,,1.0,,,,,,,,,,,,,,,,
754,1,DDP,Exp_Cereales,Exp_Cereales,,,2029,,,,,,1.0,,,,,,,,,,,,,,,,
754,1,DDP,Exp_Cereales,Exp_Cereales,,,2030,,,,,,1.0,,,,,,,,,,,,,,,,
754,1,DDP,Exp_Cereales,Exp_Cereales,,,2031,,,,,,1.0,,,,,,,,,,,,,,,,
754,1,DDP,Exp_Cereales,Exp_Cereales,,,2032,,,,,,1.0,,,,,,,,,,,,,,,,
754,1,DDP,Exp_Cereales,Exp_Cereales,,,2033,,,,,,1.0,,,,,,,,,,,,,,,,
754,1,DDP,Exp_Cereales,Exp_Cereales,,,2034,,,,,,1.0,,,,,,,,,,,,,,,,
754,1,DDP,Exp_Cereales,Exp_Cereales,,,2035,,,,,,1.0,,,,,,,,,,,,,,,,
754,1,DDP,Exp_Cereales,Exp_Cereales,,,2036,,,,,,1.0,,,,,,,,,,,,,,,,
754,1,DDP,Exp_Cereales,Exp_Cereales,,,2037,,,,,,1.0,,,,,,,,,,,,,,,,
754,1,DDP,Exp_Cereales,Exp_Cereales,,,2038,,,,,,1.0,,,,,,,,,,,,,,,,
754,1,DDP,Exp_Cereales,Exp_Cereales,,,2039,,,,,,1.0,,,,,,,,,,,,,,,,
754,1,DDP,Exp_Cereales,Exp_Cereales,,,2040,,,,,,1.0,,,,,,,,,,,,,,,,
754,1,DDP,Exp_Cereales,Exp_Cereales,,,2041,,,,,,1.0,,,,,,,,,,,,,,,,
754,1,DDP,Exp_Cereales,Exp_Cereales,,,2042,,,,,,1.0,,,,,,,,,,,,,,,,
754,1,DDP,Exp_Cereales,Exp_Cereales,,,2043,,,,,,1.0,,,,,,,,,,,,,,,,
754,1,DDP,Exp_Cereales,Exp_Cereales,,,2044,,,,,,1.0,,,,,,,,,,,,,,,,
754,1,DDP,Exp_Cereales,Exp_Cereales,,,2045,,,,,,1.0,,,,,,,,,,,,,,,,
754,1,DDP,Exp_Cereales,Exp_Cereales,,,2046,,,,,,1.0,,,,,,,,,,,,,,,,
754,1,DDP,Exp_Cereales,Exp_Cereales,,,2047,,,,,,1.0,,,,,,,,,,,,,,,,
754,1,DDP,Exp_Cereales,Exp_Cereales,,,2048,,,,,,1.0,,,,,,,,,,,,,,,,
754,1,DDP,Exp_Cereales,Exp_Cereales,,,2049,,,,,,1.0,,,,,,,,,,,,,,,,
754,1,DDP,Exp_Cereales,Exp_Cereales,,,2050,,,,,,1.0,,,,,,,,,,,,,,,,
754,1,DDP,Exp_Cereales,Exp_Cereales,,,2051,,,,,,1.0,,,,,,,,,,,,,,,,
754,1,DDP,Exp_Cereales,Exp_Cereales,,,2052,,,,,,1.0,,,,,,,,,,,,,,,,
754,1,DDP,Exp_Cereales,Exp_Cereales,,,2053,,,,,,1.0,,,,,,,,,,,,,,,,
754,1,DDP,Exp_Cereales,Exp_Cereales,,,2054,,,,,,1.0,,,,,,,,,,,,,,,,
754,1,DDP,Exp_Cereales,Exp_Cereales,,,2055,,,,,,1.0,,,,,,,,,,,,,,,,
754,1,DDP,Exp_Cereales,Exp_Cereales,,,2056,,,,,,1.0,,,,,,,,,,,,,,,,
754,1,DDP,Exp_Cereales,Exp_Cereales,,,2057,,,,,,1.0,,,,,,,,,,,,,,,,
754,1,DDP,Exp_Cereales,Exp_Cereales,,,2058,,,,,,1.0,,,,,,,,,,,,,,,,
754,1,DDP,Exp_Cereales,Exp_Cereales,,,2059,,,,,,1.0,,,,,,,,,,,,,,,,
754,1,DDP,Exp_Cereales,Exp_Cereales,,,2060,,,,,,1.0,,,,,,,,,,,,,,,,
754,1,DDP,Exp_Cereales,Exp_Cereales,,,2061,,,,,,1.0,,,,,,,,,,,,,,,,
754,1,DDP,Exp_Cereales,Exp_Cereales,,,2062,,,,,,1.0,,,,,,,,,,,,,,,,
754,1,DDP,Exp_Cereales,Exp_Cereales,,,2063,,,,,,1.0,,,,,,,,,,,,,,,,
754,1,DDP,Exp_Cereales,Exp_Cereales,,,2064,,,,,,1.0,,,,,,,,,,,,,,,,
754,1,DDP,Exp_Cereales,Exp_Cereales,,,2065,,,,,,1.0,,,,,,,,,,,,,,,,
754,1,DDP,Exp_Cereales,Exp_Cereales,,,2066,,,,,,1.0,,,,,,,,,,,,,,,,
754,1,DDP,Exp_Cereales,Exp_Cereales,,,2067,,,,,,1.0,,,,,,,,,,,,,,,,
754,1,DDP,Exp_Cereales,Exp_Cereales,,,2068,,,,,,1.0,,,,,,,,,,,,,,,,
754,1,DDP,Exp_Cereales,Exp_Cereales,,,2069,,,,,,1.0,,,,,,,,,,,,,,,,
754,1,DDP,Exp_Cereales,Exp_Cereales,,,2070,,,,,,1.0,,,,,,,,,,,,,,,,
754,1,DDP,Exp_Tuberculos,Exp_Tuberculos,,,2018,,,,,,1.0,,,,,,,,,,,,,,,,
754,1,DDP,Exp_Tuberculos,Exp_Tuberculos,,,2019,,,,,,1.0,,,,,,,,,,,,,,,,
754,1,DDP,Exp_Tuberculos,Exp_Tuberculos,,,2020,,,,,,1.0,,,,,,,,,,,,,,,,
754,1,DDP,Exp_Tuberculos,Exp_Tuberculos,,,2021,,,,,,1.0,,,,,,,,,,,,,,,,
754,1,DDP,Exp_Tuberculos,Exp_Tuberculos,,,2022,,,,,,1.0,,,,,,,,,,,,,,,,
754,1,DDP,Exp_Tuberculos,Exp_Tuberculos,,,2023,,,,,,1.0,,,,,,,,,,,,,,,,
754,1,DDP,Exp_Tuberculos,Exp_Tuberculos,,,2024,,,,,,1.0,,,,,,,,,,,,,,,,
754,1,DDP,Exp_Tuberculos,Exp_Tuberculos,,,2025,,,,,,1.0,,,,,,,,,,,,,,,,
754,1,DDP,Exp_Tuberculos,Exp_Tuberculos,,,2026,,,,,,1.0,,,,,,,,,,,,,,,,
754,1,DDP,Exp_Tuberculos,Exp_Tuberculos,,,2027,,,,,,1.0,,,,,,,,,,,,,,,,
754,1,DDP,Exp_Tuberculos,Exp_Tuberculos,,,2028,,,,,,1.0,,,,,,,,,,,,,,,,
754,1,DDP,Exp_Tuberculos,Exp_Tuberculos,,,2029,,,,,,1.0,,,,,,,,,,,,,,,,
754,1,DDP,Exp_Tuberculos,Exp_Tuberculos,,,2030,,,,,,1.0,,,,,,,,,,,,,,,,
754,1,DDP,Exp_Tuberculos,Exp_Tuberculos,,,2031,,,,,,1.0,,,,,,,,,,,,,,,,
754,1,DDP,Exp_Tuberculos,Exp_Tuberculos,,,2032,,,,,,1.0,,,,,,,,,,,,,,,,
754,1,DDP,Exp_Tuberculos,Exp_Tuberculos,,,2033,,,,,,1.0,,,,,,,,,,,,,,,,
754,1,DDP,Exp_Tuberculos,Exp_Tuberculos,,,2034,,,,,,1.0,,,,,,,,,,,,,,,,
754,1,DDP,Exp_Tuberculos,Exp_Tuberculos,,,2035,,,,,,1.0,,,,,,,,,,,,,,,,
754,1,DDP,Exp_Tuberculos,Exp_Tuberculos,,,2036,,,,,,1.0,,,,,,,,,,,,,,,,
754,1,DDP,Exp_Tuberculos,Exp_Tuberculos,,,2037,,,,,,1.0,,,,,,,,,,,,,,,,
754,1,DDP,Exp_Tuberculos,Exp_Tuberculos,,,2038,,,,,,1.0,,,,,,,,,,,,,,,,
754,1,DDP,Exp_Tuberculos,Exp_Tuberculos,,,2039,,,,,,1.0,,,,,,,,,,,,,,,,
754,1,DDP,Exp_Tuberculos,Exp_Tuberculos,,,2040,,,,,,1.0,,,,,,,,,,,,,,,,
754,1,DDP,Exp_Tuberculos,Exp_Tuberculos,,,2041,,,,,,1.0,,,,,,,,,,,,,,,,
754,1,DDP,Exp_Tuberculos,Exp_Tuberculos,,,2042,,,,,,1.0,,,,,,,,,,,,,,,,
754,1,DDP,Exp_Tuberculos,Exp_Tuberculos,,,2043,,,,,,1.0,,,,,,,,,,,,,,,,
754,1,DDP,Exp_Tuberculos,Exp_Tuberculos,,,2044,,,,,,1.0,,,,,,,,,,,,,,,,
754,1,DDP,Exp_Tuberculos,Exp_Tuberculos,,,2045,,,,,,1.0,,,,,,,,,,,,,,,,
754,1,DDP,Exp_Tuberculos,Exp_Tuberculos,,,2046,,,,,,1.0,,,,,,,,,,,,,,,,
754,1,DDP,Exp_Tuberculos,Exp_Tuberculos,,,2047,,,,,,1.0,,,,,,,,,,,,,,,,
754,1,DDP,Exp_Tuberculos,Exp_Tuberculos,,,2048,,,,,,1.0,,,,,,,,,,,,,,,,
754,1,DDP,Exp_Tuberculos,Exp_Tuberculos,,,2049,,,,,,1.0,,,,,,,,,,,,,,,,
754,1,DDP,Exp_Tuberculos,Exp_Tuberculos,,,2050,,,,,,1.0,,,,,,,,,,,,,,,,
754,1,DDP,Exp_Tuberculos,Exp_Tuberculos,,,2051,,,,,,1.0,,,,,,,,,,,,,,,,
754,1,DDP,Exp_Tuberculos,Exp_Tuberculos,,,2052,,,,,,1.0,,,,,,,,,,,,,,,,
754,1,DDP,Exp_Tuberculos,Exp_Tuberculos,,,2053,,,,,,1.0,,,,,,,,,,,,,,,,
754,1,DDP,Exp_Tuberculos,Exp_Tuberculos,,,2054,,,,,,1.0,,,,,,,,,,,,,,,,
754,1,DDP,Exp_Tuberculos,Exp_Tuberculos,,,2055,,,,,,1.0,,,,,,,,,,,,,,,,
754,1,DDP,Exp_Tuberculos,Exp_Tuberculos,,,2056,,,,,,1.0,,,,,,,,,,,,,,,,
754,1,DDP,Exp_Tuberculos,Exp_Tuberculos,,,2057,,,,,,1.0,,,,,,,,,,,,,,,,
754,1,DDP,Exp_Tuberculos,Exp_Tuberculos,,,2058,,,,,,1.0,,,,,,,,,,,,,,,,
754,1,DDP,Exp_Tuberculos,Exp_Tuberculos,,,2059,,,,,,1.0,,,,,,,,,,,,,,,,
754,1,DDP,Exp_Tuberculos,Exp_Tuberculos,,,2060,,,,,,1.0,,,,,,,,,,,,,,,,
754,1,DDP,Exp_Tuberculos,Exp_Tuberculos,,,2061,,,,,,1.0,,,,,,,,,,,,,,,,
754,1,DDP,Exp_Tuberculos,Exp_Tuberculos,,,2062,,,,,,1.0,,,,,,,,,,,,,,,,
754,1,DDP,Exp_Tuberculos,Exp_Tuberculos,,,2063,,,,,,1.0,,,,,,,,,,,,,,,,
754,1,DDP,Exp_Tuberculos,Exp_Tuberculos,,,2064,,,,,,1.0,,,,,,,,,,,,,,,,
754,1,DDP,Exp_Tuberculos,Exp_Tuberculos,,,2065,,,,,,1.0,,,,,,,,,,,,,,,,
754,1,DDP,Exp_Tuberculos,Exp_Tuberculos,,,2066,,,,,,1.0,,,,,,,,,,,,,,,,
754,1,DDP,Exp_Tuberculos,Exp_Tuberculos,,,2067,,,,,,1.0,,,,,,,,,,,,,,,,
754,1,DDP,Exp_Tuberculos,Exp_Tuberculos,,,2068,,,,,,1.0,,,,,,,,,,,,,,,,
754,1,DDP,Exp_Tuberculos,Exp_Tuberculos,,,2069,,,,,,1.0,,,,,,,,,,,,,,,,
754,1,DDP,Exp_Tuberculos,Exp_Tuberculos,,,2070,,,,,,1.0,,,,,,,,,,,,,,,,
754,1,DDP,Exp_Fruta,Exp_Fruta,,,2018,,,,,,1.0,,,,,,,,,,,,,,,,
754,1,DDP,Exp_Fruta,Exp_Fruta,,,2019,,,,,,1.0,,,,,,,,,,,,,,,,
754,1,DDP,Exp_Fruta,Exp_Fruta,,,2020,,,,,,1.0,,,,,,,,,,,,,,,,
754,1,DDP,Exp_Fruta,Exp_Fruta,,,2021,,,,,,1.0,,,,,,,,,,,,,,,,
754,1,DDP,Exp_Fruta,Exp_Fruta,,,2022,,,,,,1.0,,,,,,,,,,,,,,,,
754,1,DDP,Exp_Fruta,Exp_Fruta,,,2023,,,,,,1.0,,,,,,,,,,,,,,,,
754,1,DDP,Exp_Fruta,Exp_Fruta,,,2024,,,,,,1.0,,,,,,,,,,,,,,,,
754,1,DDP,Exp_Fruta,Exp_Fruta,,,2025,,,,,,1.0,,,,,,,,,,,,,,,,
754,1,DDP,Exp_Fruta,Exp_Fruta,,,2026,,,,,,1.0,,,,,,,,,,,,,,,,
754,1,DDP,Exp_Fruta,Exp_Fruta,,,2027,,,,,,1.0,,,,,,,,,,,,,,,,
754,1,DDP,Exp_Fruta,Exp_Fruta,,,2028,,,,,,1.0,,,,,,,,,,,,,,,,
754,1,DDP,Exp_Fruta,Exp_Fruta,,,2029,,,,,,1.0,,,,,,,,,,,,,,,,
754,1,DDP,Exp_Fruta,Exp_Fruta,,,2030,,,,,,1.0,,,,,,,,,,,,,,,,
754,1,DDP,Exp_Fruta,Exp_Fruta,,,2031,,,,,,1.0,,,,,,,,,,,,,,,,
754,1,DDP,Exp_Fruta,Exp_Fruta,,,2032,,,,,,1.0,,,,,,,,,,,,,,,,
754,1,DDP,Exp_Fruta,Exp_Fruta,,,2033,,,,,,1.0,,,,,,,,,,,,,,,,
754,1,DDP,Exp_Fruta,Exp_Fruta,,,2034,,,,,,1.0,,,,,,,,,,,,,,,,
754,1,DDP,Exp_Fruta,Exp_Fruta,,,2035,,,,,,1.0,,,,,,,,,,,,,,,,
754,1,DDP,Exp_Fruta,Exp_Fruta,,,2036,,,,,,1.0,,,,,,,,,,,,,,,,
754,1,DDP,Exp_Fruta,Exp_Fruta,,,2037,,,,,,1.0,,,,,,,,,,,,,,,,
754,1,DDP,Exp_Fruta,Exp_Fruta,,,2038,,,,,,1.0,,,,,,,,,,,,,,,,
754,1,DDP,Exp_Fruta,Exp_Fruta,,,2039,,,,,,1.0,,,,,,,,,,,,,,,,
754,1,DDP,Exp_Fruta,Exp_Fruta,,,2040,,,,,,1.0,,,,,,,,,,,,,,,,
754,1,DDP,Exp_Fruta,Exp_Fruta,,,2041,,,,,,1.0,,,,,,,,,,,,,,,,
754,1,DDP,Exp_Fruta,Exp_Fruta,,,2042,,,,,,1.0,,,,,,,,,,,,,,,,
754,1,DDP,Exp_Fruta,Exp_Fruta,,,2043,,,,,,1.0,,,,,,,,,,,,,,,,
754,1,DDP,Exp_Fruta,Exp_Fruta,,,2044,,,,,,1.0,,,,,,,,,,,,,,,,
754,1,DDP,Exp_Fruta,Exp_Fruta,,,2045,,,,,,1.0,,,,,,,,,,,,,,,,
754,1,DDP,Exp_Fruta,Exp_Fruta,,,2046,,,,,,1.0,,,,,,,,,,,,,,,,
754,1,DDP,Exp_Fruta,Exp_Fruta,,,2047,,,,,,1.0,,,,,,,,,,,,,,,,
754,1,DDP,Exp_Fruta,Exp_Fruta,,,2048,,,,,,1.0,,,,,,,,,,,,,,,,
754,1,DDP,Exp_Fruta,Exp_Fruta,,,2049,,,,,,1.0,,,,,,,,,,,,,,,,
754,1,DDP,Exp_Fruta,Exp_Fruta,,,2050,,,,,,1.0,,,,,,,,,,,,,,,,
754,1,DDP,Exp_Fruta,Exp_Fruta,,,2051,,,,,,1.0,,,,,,,,,,,,,,,,
754,1,DDP,Exp_Fruta,Exp_Fruta,,,2052,,,,,,1.0,,,,,,,,,,,,,,,,
754,1,DDP,Exp_Fruta,Exp_Fruta,,,2053,,,,,,1.0,,,,,,,,,,,,,,,,
754,1,DDP,Exp_Fruta,Exp_Fruta,,,2054,,,,,,1.0,,,,,,,,,,,,,,,,
754,1,DDP,Exp_Fruta,Exp_Fruta,,,2055,,,,,,1.0,,,,,,,,,,,,,,,,
754,1,DDP,Exp_Fruta,Exp_Fruta,,,2056,,,,,,1.0,,,,,,,,,,,,,,,,
754,1,DDP,Exp_Fruta,Exp_Fruta,,,2057,,,,,,1.0,,,,,,,,,,,,,,,,
754,1,DDP,Exp_Fruta,Exp_Fruta,,,2058,,,,,,1.0,,,,,,,,,,,,,,,,
754,1,DDP,Exp_Fruta,Exp_Fruta,,,2059,,,,,,1.0,,,,,,,,,,,,,,,,
754,1,DDP,Exp_Fruta,Exp_Fruta,,,2060,,,,,,1.0,,,,,,,,,,,,,,,,
754,1,DDP,Exp_Fruta,Exp_Fruta,,,2061,,,,,,1.0,,,,,,,,,,,,,,,,
754,1,DDP,Exp_Fruta,Exp_Fruta,,,2062,,,,,,1.0,,,,,,,,,,,,,,,,
754,1,DDP,Exp_Fruta,Exp_Fruta,,,2063,,,,,,1.0,,,,,,,,,,,,,,,,
754,1,DDP,Exp_Fruta,Exp_Fruta,,,2064,,,,,,1.0,,,,,,,,,,,,,,,,
754,1,DDP,Exp_Fruta,Exp_Fruta,,,2065,,,,,,1.0,,,,,,,,,,,,,,,,
754,1,DDP,Exp_Fruta,Exp_Fruta,,,2066,,,,,,1.0,,,,,,,,,,,,,,,,
754,1,DDP,Exp_Fruta,Exp_Fruta,,,2067,,,,,,1.0,,,,,,,,,,,,,,,,
754,1,DDP,Exp_Fruta,Exp_Fruta,,,2068,,,,,,1.0,,,,,,,,,,,,,,,,
754,1,DDP,Exp_Fruta,Exp_Fruta,,,2069,,,,,,1.0,,,,,,,,,,,,,,,,
754,1,DDP,Exp_Fruta,Exp_Fruta,,,2070,,,,,,1.0,,,,,,,,,,,,,,,,
754,1,DDP,Exp_Verduras,Exp_Verduras,,,2018,,,,,,1.0,,,,,,,,,,,,,,,,
754,1,DDP,Exp_Verduras,Exp_Verduras,,,2019,,,,,,1.0,,,,,,,,,,,,,,,,
754,1,DDP,Exp_Verduras,Exp_Verduras,,,2020,,,,,,1.0,,,,,,,,,,,,,,,,
754,1,DDP,Exp_Verduras,Exp_Verduras,,,2021,,,,,,1.0,,,,,,,,,,,,,,,,
754,1,DDP,Exp_Verduras,Exp_Verduras,,,2022,,,,,,1.0,,,,,,,,,,,,,,,,
754,1,DDP,Exp_Verduras,Exp_Verduras,,,2023,,,,,,1.0,,,,,,,,,,,,,,,,
754,1,DDP,Exp_Verduras,Exp_Verduras,,,2024,,,,,,1.0,,,,,,,,,,,,,,,,
754,1,DDP,Exp_Verduras,Exp_Verduras,,,2025,,,,,,1.0,,,,,,,,,,,,,,,,
754,1,DDP,Exp_Verduras,Exp_Verduras,,,2026,,,,,,1.0,,,,,,,,,,,,,,,,
754,1,DDP,Exp_Verduras,Exp_Verduras,,,2027,,,,,,1.0,,,,,,,,,,,,,,,,
754,1,DDP,Exp_Verduras,Exp_Verduras,,,2028,,,,,,1.0,,,,,,,,,,,,,,,,
754,1,DDP,Exp_Verduras,Exp_Verduras,,,2029,,,,,,1.0,,,,,,,,,,,,,,,,
754,1,DDP,Exp_Verduras,Exp_Verduras,,,2030,,,,,,1.0,,,,,,,,,,,,,,,,
754,1,DDP,Exp_Verduras,Exp_Verduras,,,2031,,,,,,1.0,,,,,,,,,,,,,,,,
754,1,DDP,Exp_Verduras,Exp_Verduras,,,2032,,,,,,1.0,,,,,,,,,,,,,,,,
754,1,DDP,Exp_Verduras,Exp_Verduras,,,2033,,,,,,1.0,,,,,,,,,,,,,,,,
754,1,DDP,Exp_Verduras,Exp_Verduras,,,2034,,,,,,1.0,,,,,,,,,,,,,,,,
754,1,DDP,Exp_Verduras,Exp_Verduras,,,2035,,,,,,1.0,,,,,,,,,,,,,,,,
754,1,DDP,Exp_Verduras,Exp_Verduras,,,2036,,,,,,1.0,,,,,,,,,,,,,,,,
754,1,DDP,Exp_Verduras,Exp_Verduras,,,2037,,,,,,1.0,,,,,,,,,,,,,,,,
754,1,DDP,Exp_Verduras,Exp_Verduras,,,2038,,,,,,1.0,,,,,,,,,,,,,,,,
754,1,DDP,Exp_Verduras,Exp_Verduras,,,2039,,,,,,1.0,,,,,,,,,,,,,,,,
754,1,DDP,Exp_Verduras,Exp_Verduras,,,2040,,,,,,1.0,,,,,,,,,,,,,,,,
754,1,DDP,Exp_Verduras,Exp_Verduras,,,2041,,,,,,1.0,,,,,,,,,,,,,,,,
754,1,DDP,Exp_Verduras,Exp_Verduras,,,2042,,,,,,1.0,,,,,,,,,,,,,,,,
754,1,DDP,Exp_Verduras,Exp_Verduras,,,2043,,,,,,1.0,,,,,,,,,,,,,,,,
754,1,DDP,Exp_Verduras,Exp_Verduras,,,2044,,,,,,1.0,,,,,,,,,,,,,,,,
754,1,DDP,Exp_Verduras,Exp_Verduras,,,2045,,,,,,1.0,,,,,,,,,,,,,,,,
754,1,DDP,Exp_Verduras,Exp_Verduras,,,2046,,,,,,1.0,,,,,,,,,,,,,,,,
754,1,DDP,Exp_Verduras,Exp_Verduras,,,2047,,,,,,1.0,,,,,,,,,,,,,,,,
754,1,DDP,Exp_Verduras,Exp_Verduras,,,2048,,,,,,1.0,,,,,,,,,,,,,,,,
754,1,DDP,Exp_Verduras,Exp_Verduras,,,2049,,,,,,1.0,,,,,,,,,,,,,,,,
754,1,DDP,Exp_Verduras,Exp_Verduras,,,2050,,,,,,1.0,,,,,,,,,,,,,,,,
754,1,DDP,Exp_Verduras,Exp_Verduras,,,2051,,,,,,1.0,,,,,,,,,,,,,,,,
754,1,DDP,Exp_Verduras,Exp_Verduras,,,2052,,,,,,1.0,,,,,,,,,,,,,,,,
754,1,DDP,Exp_Verduras,Exp_Verduras,,,2053,,,,,,1.0,,,,,,,,,,,,,,,,
754,1,DDP,Exp_Verduras,Exp_Verduras,,,2054,,,,,,1.0,,,,,,,,,,,,,,,,
754,1,DDP,Exp_Verduras,Exp_Verduras,,,2055,,,,,,1.0,,,,,,,,,,,,,,,,
754,1,DDP,Exp_Verduras,Exp_Verduras,,,2056,,,,,,1.0,,,,,,,,,,,,,,,,
754,1,DDP,Exp_Verduras,Exp_Verduras,,,2057,,,,,,1.0,,,,,,,,,,,,,,,,
754,1,DDP,Exp_Verduras,Exp_Verduras,,,2058,,,,,,1.0,,,,,,,,,,,,,,,,
754,1,DDP,Exp_Verduras,Exp_Verduras,,,2059,,,,,,1.0,,,,,,,,,,,,,,,,
754,1,DDP,Exp_Verduras,Exp_Verduras,,,2060,,,,,,1.0,,,,,,,,,,,,,,,,
754,1,DDP,Exp_Verduras,Exp_Verduras,,,2061,,,,,,1.0,,,,,,,,,,,,,,,,
754,1,DDP,Exp_Verduras,Exp_Verduras,,,2062,,,,,,1.0,,,,,,,,,,,,,,,,
754,1,DDP,Exp_Verduras,Exp_Verduras,,,2063,,,,,,1.0,,,,,,,,,,,,,,,,
754,1,DDP,Exp_Verduras,Exp_Verduras,,,2064,,,,,,1.0,,,,,,,,,,,,,,,,
754,1,DDP,Exp_Verduras,Exp_Verduras,,,2065,,,,,,1.0,,,,,,,,,,,,,,,,
754,1,DDP,Exp_Verduras,Exp_Verduras,,,2066,,,,,,1.0,,,,,,,,,,,,,,,,
754,1,DDP,Exp_Verduras,Exp_Verduras,,,2067,,,,,,1.0,,,,,,,,,,,,,,,,
754,1,DDP,Exp_Verduras,Exp_Verduras,,,2068,,,,,,1.0,,,,,,,,,,,,,,,,
754,1,DDP,Exp_Verduras,Exp_Verduras,,,2069,,,,,,1.0,,,,,,,,,,,,,,,,
754,1,DDP,Exp_Verduras,Exp_Verduras,,,2070,,,,,,1.0,,,,,,,,,,,,,,,,
754,1,DDP,Exp_Floricolas,Exp_Floricolas,,,2018,,,,,,1.0,,,,,,,,,,,,,,,,
754,1,DDP,Exp_Floricolas,Exp_Floricolas,,,2019,,,,,,1.0,,,,,,,,,,,,,,,,
754,1,DDP,Exp_Floricolas,Exp_Floricolas,,,2020,,,,,,1.0,,,,,,,,,,,,,,,,
754,1,DDP,Exp_Floricolas,Exp_Floricolas,,,2021,,,,,,1.0,,,,,,,,,,,,,,,,
754,1,DDP,Exp_Floricolas,Exp_Floricolas,,,2022,,,,,,1.0,,,,,,,,,,,,,,,,
754,1,DDP,Exp_Floricolas,Exp_Floricolas,,,2023,,,,,,1.0,,,,,,,,,,,,,,,,
754,1,DDP,Exp_Floricolas,Exp_Floricolas,,,2024,,,,,,1.0,,,,,,,,,,,,,,,,
754,1,DDP,Exp_Floricolas,Exp_Floricolas,,,2025,,,,,,1.0,,,,,,,,,,,,,,,,
754,1,DDP,Exp_Floricolas,Exp_Floricolas,,,2026,,,,,,1.0,,,,,,,,,,,,,,,,
754,1,DDP,Exp_Floricolas,Exp_Floricolas,,,2027,,,,,,1.0,,,,,,,,,,,,,,,,
754,1,DDP,Exp_Floricolas,Exp_Floricolas,,,2028,,,,,,1.0,,,,,,,,,,,,,,,,
754,1,DDP,Exp_Floricolas,Exp_Floricolas,,,2029,,,,,,1.0,,,,,,,,,,,,,,,,
754,1,DDP,Exp_Floricolas,Exp_Floricolas,,,2030,,,,,,1.0,,,,,,,,,,,,,,,,
754,1,DDP,Exp_Floricolas,Exp_Floricolas,,,2031,,,,,,1.0,,,,,,,,,,,,,,,,
754,1,DDP,Exp_Floricolas,Exp_Floricolas,,,2032,,,,,,1.0,,,,,,,,,,,,,,,,
754,1,DDP,Exp_Floricolas,Exp_Floricolas,,,2033,,,,,,1.0,,,,,,,,,,,,,,,,
754,1,DDP,Exp_Floricolas,Exp_Floricolas,,,2034,,,,,,1.0,,,,,,,,,,,,,,,,
754,1,DDP,Exp_Floricolas,Exp_Floricolas,,,2035,,,,,,1.0,,,,,,,,,,,,,,,,
754,1,DDP,Exp_Floricolas,Exp_Floricolas,,,2036,,,,,,1.0,,,,,,,,,,,,,,,,
754,1,DDP,Exp_Floricolas,Exp_Floricolas,,,2037,,,,,,1.0,,,,,,,,,,,,,,,,
754,1,DDP,Exp_Floricolas,Exp_Floricolas,,,2038,,,,,,1.0,,,,,,,,,,,,,,,,
754,1,DDP,Exp_Floricolas,Exp_Floricolas,,,2039,,,,,,1.0,,,,,,,,,,,,,,,,
754,1,DDP,Exp_Floricolas,Exp_Floricolas,,,2040,,,,,,1.0,,,,,,,,,,,,,,,,
754,1,DDP,Exp_Floricolas,Exp_Floricolas,,,2041,,,,,,1.0,,,,,,,,,,,,,,,,
754,1,DDP,Exp_Floricolas,Exp_Floricolas,,,2042,,,,,,1.0,,,,,,,,,,,,,,,,
754,1,DDP,Exp_Floricolas,Exp_Floricolas,,,2043,,,,,,1.0,,,,,,,,,,,,,,,,
754,1,DDP,Exp_Floricolas,Exp_Floricolas,,,2044,,,,,,1.0,,,,,,,,,,,,,,,,
754,1,DDP,Exp_Floricolas,Exp_Floricolas,,,2045,,,,,,1.0,,,,,,,,,,,,,,,,
754,1,DDP,Exp_Floricolas,Exp_Floricolas,,,2046,,,,,,1.0,,,,,,,,,,,,,,,,
754,1,DDP,Exp_Floricolas,Exp_Floricolas,,,2047,,,,,,1.0,,,,,,,,,,,,,,,,
754,1,DDP,Exp_Floricolas,Exp_Floricolas,,,2048,,,,,,1.0,,,,,,,,,,,,,,,,
754,1,DDP,Exp_Floricolas,Exp_Floricolas,,,2049,,,,,,1.0,,,,,,,,,,,,,,,,
754,1,DDP,Exp_Floricolas,Exp_Floricolas,,,2050,,,,,,1.0,,,,,,,,,,,,,,,,
754,1,DDP,Exp_Floricolas,Exp_Floricolas,,,2051,,,,,,1.0,,,,,,,,,,,,,,,,
754,1,DDP,Exp_Floricolas,Exp_Floricolas,,,2052,,,,,,1.0,,,,,,,,,,,,,,,,
754,1,DDP,Exp_Floricolas,Exp_Floricolas,,,2053,,,,,,1.0,,,,,,,,,,,,,,,,
754,1,DDP,Exp_Floricolas,Exp_Floricolas,,,2054,,,,,,1.0,,,,,,,,,,,,,,,,
754,1,DDP,Exp_Floricolas,Exp_Floricolas,,,2055,,,,,,1.0,,,,,,,,,,,,,,,,
754,1,DDP,Exp_Floricolas,Exp_Floricolas,,,2056,,,,,,1.0,,,,,,,,,,,,,,,,
754,1,DDP,Exp_Floricolas,Exp_Floricolas,,,2057,,,,,,1.0,,,,,,,,,,,,,,,,
754,1,DDP,Exp_Floricolas,Exp_Floricolas,,,2058,,,,,,1.0,,,,,,,,,,,,,,,,
754,1,DDP,Exp_Floricolas,Exp_Floricolas,,,2059,,,,,,1.0,,,,,,,,,,,,,,,,
754,1,DDP,Exp_Floricolas,Exp_Floricolas,,,2060,,,,,,1.0,,,,,,,,,,,,,,,,
754,1,DDP,Exp_Floricolas,Exp_Floricolas,,,2061,,,,,,1.0,,,,,,,,,,,,,,,,
754,1,DDP,Exp_Floricolas,Exp_Floricolas,,,2062,,,,,,1.0,,,,,,,,,,,,,,,,
754,1,DDP,Exp_Floricolas,Exp_Floricolas,,,2063,,,,,,1.0,,,,,,,,,,,,,,,,
754,1,DDP,Exp_Floricolas,Exp_Floricolas,,,2064,,,,,,1.0,,,,,,,,,,,,,,,,
754,1,DDP,Exp_Floricolas,Exp_Floricolas,,,2065,,,,,,1.0,,,,,,,,,,,,,,,,
754,1,DDP,Exp_Floricolas,Exp_Floricolas,,,2066,,,,,,1.0,,,,,,,,,,,,,,,,
754,1,DDP,Exp_Floricolas,Exp_Floricolas,,,2067,,,,,,1.0,,,,,,,,,,,,,,,,
754,1,DDP,Exp_Floricolas,Exp_Floricolas,,,2068,,,,,,1.0,,,,,,,,,,,,,,,,
754,1,DDP,Exp_Floricolas,Exp_Floricolas,,,2069,,,,,,1.0,,,,,,,,,,,,,,,,
754,1,DDP,Exp_Floricolas,Exp_Floricolas,,,2070,,,,,,1.0,,,,,,,,,,,,,,,,
754,1,DDP,Pasturas,Pasturas,,,2018,,,,,,1.0,,,,,,,,,,,,,,,,
754,1,DDP,Pasturas,Pasturas,,,2019,,,,,,1.0,,,,,,,,,,,,,,,,
754,1,DDP,Pasturas,Pasturas,,,2020,,,,,,1.0,,,,,,,,,,,,,,,,
754,1,DDP,Pasturas,Pasturas,,,2021,,,,,,1.0,,,,,,,,,,,,,,,,
754,1,DDP,Pasturas,Pasturas,,,2022,,,,,,1.0,,,,,,,,,,,,,,,,
754,1,DDP,Pasturas,Pasturas,,,2023,,,,,,1.0,,,,,,,,,,,,,,,,
754,1,DDP,Pasturas,Pasturas,,,2024,,,,,,1.0,,,,,,,,,,,,,,,,
754,1,DDP,Pasturas,Pasturas,,,2025,,,,,,1.0,,,,,,,,,,,,,,,,
754,1,DDP,Pasturas,Pasturas,,,2026,,,,,,1.0,,,,,,,,,,,,,,,,
754,1,DDP,Pasturas,Pasturas,,,2027,,,,,,1.0,,,,,,,,,,,,,,,,
754,1,DDP,Pasturas,Pasturas,,,2028,,,,,,1.0,,,,,,,,,,,,,,,,
754,1,DDP,Pasturas,Pasturas,,,2029,,,,,,1.0,,,,,,,,,,,,,,,,
754,1,DDP,Pasturas,Pasturas,,,2030,,,,,,1.0,,,,,,,,,,,,,,,,
754,1,DDP,Pasturas,Pasturas,,,2031,,,,,,1.0,,,,,,,,,,,,,,,,
754,1,DDP,Pasturas,Pasturas,,,2032,,,,,,1.0,,,,,,,,,,,,,,,,
754,1,DDP,Pasturas,Pasturas,,,2033,,,,,,1.0,,,,,,,,,,,,,,,,
754,1,DDP,Pasturas,Pasturas,,,2034,,,,,,1.0,,,,,,,,,,,,,,,,
754,1,DDP,Pasturas,Pasturas,,,2035,,,,,,1.0,,,,,,,,,,,,,,,,
754,1,DDP,Pasturas,Pasturas,,,2036,,,,,,1.0,,,,,,,,,,,,,,,,
754,1,DDP,Pasturas,Pasturas,,,2037,,,,,,1.0,,,,,,,,,,,,,,,,
754,1,DDP,Pasturas,Pasturas,,,2038,,,,,,1.0,,,,,,,,,,,,,,,,
754,1,DDP,Pasturas,Pasturas,,,2039,,,,,,1.0,,,,,,,,,,,,,,,,
754,1,DDP,Pasturas,Pasturas,,,2040,,,,,,1.0,,,,,,,,,,,,,,,,
754,1,DDP,Pasturas,Pasturas,,,2041,,,,,,1.0,,,,,,,,,,,,,,,,
754,1,DDP,Pasturas,Pasturas,,,2042,,,,,,1.0,,,,,,,,,,,,,,,,
754,1,DDP,Pasturas,Pasturas,,,2043,,,,,,1.0,,,,,,,,,,,,,,,,
754,1,DDP,Pasturas,Pasturas,,,2044,,,,,,1.0,,,,,,,,,,,,,,,,
754,1,DDP,Pasturas,Pasturas,,,2045,,,,,,1.0,,,,,,,,,,,,,,,,
754,1,DDP,Pasturas,Pasturas,,,2046,,,,,,1.0,,,,,,,,,,,,,,,,
754,1,DDP,Pasturas,Pasturas,,,2047,,,,,,1.0,,,,,,,,,,,,,,,,
754,1,DDP,Pasturas,Pasturas,,,2048,,,,,,1.0,,,,,,,,,,,,,,,,
754,1,DDP,Pasturas,Pasturas,,,2049,,,,,,1.0,,,,,,,,,,,,,,,,
754,1,DDP,Pasturas,Pasturas,,,2050,,,,,,1.0,,,,,,,,,,,,,,,,
754,1,DDP,Pasturas,Pasturas,,,2051,,,,,,1.0,,,,,,,,,,,,,,,,
754,1,DDP,Pasturas,Pasturas,,,2052,,,,,,1.0,,,,,,,,,,,,,,,,
754,1,DDP,Pasturas,Pasturas,,,2053,,,,,,1.0,,,,,,,,,,,,,,,,
754,1,DDP,Pasturas,Pasturas,,,2054,,,,,,1.0,,,,,,,,,,,,,,,,
754,1,DDP,Pasturas,Pasturas,,,2055,,,,,,1.0,,,,,,,,,,,,,,,,
754,1,DDP,Pasturas,Pasturas,,,2056,,,,,,1.0,,,,,,,,,,,,,,,,
754,1,DDP,Pasturas,Pasturas,,,2057,,,,,,1.0,,,,,,,,,,,,,,,,
754,1,DDP,Pasturas,Pasturas,,,2058,,,,,,1.0,,,,,,,,,,,,,,,,
754,1,DDP,Pasturas,Pasturas,,,2059,,,,,,1.0,,,,,,,,,,,,,,,,
754,1,DDP,Pasturas,Pasturas,,,2060,,,,,,1.0,,,,,,,,,,,,,,,,
754,1,DDP,Pasturas,Pasturas,,,2061,,,,,,1.0,,,,,,,,,,,,,,,,
754,1,DDP,Pasturas,Pasturas,,,2062,,,,,,1.0,,,,,,,,,,,,,,,,
754,1,DDP,Pasturas,Pasturas,,,2063,,,,,,1.0,,,,,,,,,,,,,,,,
754,1,DDP,Pasturas,Pasturas,,,2064,,,,,,1.0,,,,,,,,,,,,,,,,
754,1,DDP,Pasturas,Pasturas,,,2065,,,,,,1.0,,,,,,,,,,,,,,,,
754,1,DDP,Pasturas,Pasturas,,,2066,,,,,,1.0,,,,,,,,,,,,,,,,
754,1,DDP,Pasturas,Pasturas,,,2067,,,,,,1.0,,,,,,,,,,,,,,,,
754,1,DDP,Pasturas,Pasturas,,,2068,,,,,,1.0,,,,,,,,,,,,,,,,
754,1,DDP,Pasturas,Pasturas,,,2069,,,,,,1.0,,,,,,,,,,,,,,,,
754,1,DDP,Pasturas,Pasturas,,,2070,,,,,,1.0,,,,,,,,,,,,,,,,
754,1,DDP,Carne,Ganaderia_importada,,,2018,,,,,,0.0689729390834482,,,,,,,,,,,,,,,,
754,1,DDP,Carne,Ganaderia_importada,,,2019,,,,,,0.0788870786123777,,,,,,,,,,,,,,,,
754,1,DDP,Carne,Ganaderia_importada,,,2020,,,,,,0.0802391792692967,,,,,,,,,,,,,,,,
754,1,DDP,Carne,Ganaderia_importada,,,2021,,,,,,0.0793093155434398,,,,,,,,,,,,,,,,
754,1,DDP,Carne,Ganaderia_importada,,,2022,,,,,,0.0806832584499389,,,,,,,,,,,,,,,,
754,1,DDP,Carne,Ganaderia_importada,,,2023,,,,,,0.0752658845590486,,,,,,,,,,,,,,,,
754,1,DDP,Carne,Ganaderia_importada,,,2024,,,,,,0.0743177061665367,,,,,,,,,,,,,,,,
754,1,DDP,Carne,Ganaderia_importada,,,2025,,,,,,0.073399618145504,,,,,,,,,,,,,,,,
754,1,DDP,Carne,Ganaderia_importada,,,2026,,,,,,0.0725192212412027,,,,,,,,,,,,,,,,
754,1,DDP,Carne,Ganaderia_importada,,,2027,,,,,,0.071667558232595,,,,,,,,,,,,,,,,
754,1,DDP,Carne,Ganaderia_importada,,,2028,,,,,,0.0708421032928747,,,,,,,,,,,,,,,,
754,1,DDP,Carne,Ganaderia_importada,,,2029,,,,,,0.0700466645980127,,,,,,,,,,,,,,,,
754,1,DDP,Carne,Ganaderia_importada,,,2030,,,,,,0.0692841080627965,,,,,,,,,,,,,,,,
754,1,DDP,Carne,Ganaderia_importada,,,2031,,,,,,0.0685450760728699,,,,,,,,,,,,,,,,
754,1,DDP,Carne,Ganaderia_importada,,,2032,,,,,,0.0678351531154113,,,,,,,,,,,,,,,,
754,1,DDP,Carne,Ganaderia_importada,,,2033,,,,,,0.0671486030631089,,,,,,,,,,,,,,,,
754,1,DDP,Carne,Ganaderia_importada,,,2034,,,,,,0.0664874199789341,,,,,,,,,,,,,,,,
754,1,DDP,Carne,Ganaderia_importada,,,2035,,,,,,0.0664461317023206,,,,,,,,,,,,,,,,
754,1,DDP,Carne,Ganaderia_importada,,,2036,,,,,,0.0662928800084218,,,,,,,,,,,,,,,,
754,1,DDP,Carne,Ganaderia_importada,,,2037,,,,,,0.0661627217049427,,,,,,,,,,,,,,,,
754,1,DDP,Carne,Ganaderia_importada,,,2038,,,,,,0.0660558476587757,,,,,,,,,,,,,,,,
754,1,DDP,Carne,Ganaderia_importada,,,2039,,,,,,0.0659700872746667,,,,,,,,,,,,,,,,
754,1,DDP,Carne,Ganaderia_importada,,,2040,,,,,,0.0659065559782157,,,,,,,,,,,,,,,,
754,1,DDP,Carne,Ganaderia_importada,,,2041,,,,,,0.065864621141863,,,,,,,,,,,,,,,,
754,1,DDP,Carne,Ganaderia_importada,,,2042,,,,,,0.0658421559115979,,,,,,,,,,,,,,,,
754,1,DDP,Carne,Ganaderia_importada,,,2043,,,,,,0.065843468096504,,,,,,,,,,,,,,,,
754,1,DDP,Carne,Ganaderia_importada,,,2044,,,,,,0.0658647576508406,,,,,,,,,,,,,,,,
754,1,DDP,Carne,Ganaderia_importada,,,2045,,,,,,0.0659095612429525,,,,,,,,,,,,,,,,
754,1,DDP,Carne,Ganaderia_importada,,,2046,,,,,,0.065973826122578,,,,,,,,,,,,,,,,
754,1,DDP,Carne,Ganaderia_importada,,,2047,,,,,,0.0660590966840461,,,,,,,,,,,,,,,,
754,1,DDP,Carne,Ganaderia_importada,,,2048,,,,,,0.0661659928805595,,,,,,,,,,,,,,,,
754,1,DDP,Carne,Ganaderia_importada,,,2049,,,,,,0.0662940744640326,,,,,,,,,,,,,,,,
754,1,DDP,Carne,Ganaderia_importada,,,2050,,,,,,0.0662476599206572,,,,,,,,,,,,,,,,
754,1,DDP,Carne,Ganaderia_importada,,,2051,,,,,,0.0662276408610136,,,,,,,,,,,,,,,,
754,1,DDP,Carne,Ganaderia_importada,,,2052,,,,,,0.0662242075685938,,,,,,,,,,,,,,,,
754,1,DDP,Carne,Ganaderia_importada,,,2053,,,,,,0.0662381894343349,,,,,,,,,,,,,,,,
754,1,DDP,Carne,Ganaderia_importada,,,2054,,,,,,0.0662698584655642,,,,,,,,,,,,,,,,
754,1,DDP,Carne,Ganaderia_importada,,,2055,,,,,,0.0663190937153714,,,,,,,,,,,,,,,,
754,1,DDP,Carne,Ganaderia_importada,,,2056,,,,,,0.0663860921451158,,,,,,,,,,,,,,,,
754,1,DDP,Carne,Ganaderia_importada,,,2057,,,,,,0.0664705096394277,,,,,,,,,,,,,,,,
754,1,DDP,Carne,Ganaderia_importada,,,2058,,,,,,0.0665727469114296,,,,,,,,,,,,,,,,
754,1,DDP,Carne,Ganaderia_importada,,,2059,,,,,,0.066692911020069,,,,,,,,,,,,,,,,
754,1,DDP,Carne,Ganaderia_importada,,,2060,,,,,,0.0668310973774403,,,,,,,,,,,,,,,,
754,1,DDP,Carne,Ganaderia_importada,,,2061,,,,,,0.0669874217760704,,,,,,,,,,,,,,,,
754,1,DDP,Carne,Ganaderia_importada,,,2062,,,,,,0.0671620602966867,,,,,,,,,,,,,,,,
754,1,DDP,Carne,Ganaderia_importada,,,2063,,,,,,0.0673551932437813,,,,,,,,,,,,,,,,
754,1,DDP,Carne,Ganaderia_importada,,,2064,,,,,,0.0675670112090689,,,,,,,,,,,,,,,,
754,1,DDP,Carne,Ganaderia_importada,,,2065,,,,,,0.0677977034792192,,,,,,,,,,,,,,,,
754,1,DDP,Carne,Ganaderia_importada,,,2066,,,,,,0.0680474923340704,,,,,,,,,,,,,,,,
754,1,DDP,Carne,Ganaderia_importada,,,2067,,,,,,0.0683166106989901,,,,,,,,,,,,,,,,
754,1,DDP,Carne,Ganaderia_importada,,,2068,,,,,,0.0686053276141179,,,,,,,,,,,,,,,,
754,1,DDP,Carne,Ganaderia_importada,,,2069,,,,,,0.0689139144742143,,,,,,,,,,,,,,,,
754,1,DDP,Carne,Ganaderia_importada,,,2070,,,,,,0.069242661503771,,,,,,,,,,,,,,,,
754,1,DDP,Leche,Ganaderia_importada,,,2018,,,,,,0.603256940550655,,,,,,,,,,,,,,,,
754,1,DDP,Leche,Ganaderia_importada,,,2019,,,,,,0.6383005490227437,,,,,,,,,,,,,,,,
754,1,DDP,Leche,Ganaderia_importada,,,2020,,,,,,0.6144442553835102,,,,,,,,,,,,,,,,
754,1,DDP,Leche,Ganaderia_importada,,,2021,,,,,,0.6073236762618728,,,,,,,,,,,,,,,,
754,1,DDP,Leche,Ganaderia_importada,,,2022,,,,,,0.6178448622187975,,,,,,,,,,,,,,,,
754,1,DDP,Leche,Ganaderia_importada,,,2023,,,,,,0.5762543291194645,,,,,,,,,,,,,,,,
754,1,DDP,Leche,Ganaderia_importada,,,2024,,,,,,0.5689175235519425,,,,,,,,,,,,,,,,
754,1,DDP,Leche,Ganaderia_importada,,,2025,,,,,,0.5618387168549185,,,,,,,,,,,,,,,,
754,1,DDP,Leche,Ganaderia_importada,,,2026,,,,,,0.5550107460658897,,,,,,,,,,,,,,,,
754,1,DDP,Leche,Ganaderia_importada,,,2027,,,,,,0.5484233738298138,,,,,,,,,,,,,,,,
754,1,DDP,Leche,Ganaderia_importada,,,2028,,,,,,0.5420685814408234,,,,,,,,,,,,,,,,
754,1,DDP,Leche,Ganaderia_importada,,,2029,,,,,,0.5359356602742206,,,,,,,,,,,,,,,,
754,1,DDP,Leche,Ganaderia_importada,,,2030,,,,,,0.5300209609628687,,,,,,,,,,,,,,,,
754,1,DDP,Leche,Ganaderia_importada,,,2031,,,,,,0.5243175433437727,,,,,,,,,,,,,,,,
754,1,DDP,Leche,Ganaderia_importada,,,2032,,,,,,0.5188197470893582,,,,,,,,,,,,,,,,
754,1,DDP,Leche,Ganaderia_importada,,,2033,,,,,,0.5135228563456123,,,,,,,,,,,,,,,,
754,1,DDP,Leche,Ganaderia_importada,,,2034,,,,,,0.5084201923231074,,,,,,,,,,,,,,,,
754,1,DDP,Leche,Ganaderia_importada,,,2035,,,,,,0.5080501657809612,,,,,,,,,,,,,,,,
754,1,DDP,Leche,Ganaderia_importada,,,2036,,,,,,0.506834563937926,,,,,,,,,,,,,,,,
754,1,DDP,Leche,Ganaderia_importada,,,2037,,,,,,0.5057921545353649,,,,,,,,,,,,,,,,
754,1,DDP,Leche,Ganaderia_importada,,,2038,,,,,,0.5049206330679727,,,,,,,,,,,,,,,,
754,1,DDP,Leche,Ganaderia_importada,,,2039,,,,,,0.5042193552241782,,,,,,,,,,,,,,,,
754,1,DDP,Leche,Ganaderia_importada,,,2040,,,,,,0.5036870456351578,,,,,,,,,,,,,,,,
754,1,DDP,Leche,Ganaderia_importada,,,2041,,,,,,0.5033212414157547,,,,,,,,,,,,,,,,
754,1,DDP,Leche,Ganaderia_importada,,,2042,,,,,,0.5031206633381935,,,,,,,,,,,,,,,,
754,1,DDP,Leche,Ganaderia_importada,,,2043,,,,,,0.5030853502101611,,,,,,,,,,,,,,,,
754,1,DDP,Leche,Ganaderia_importada,,,2044,,,,,,0.5032136851557202,,,,,,,,,,,,,,,,
754,1,DDP,Leche,Ganaderia_importada,,,2045,,,,,,0.5035062378320035,,,,,,,,,,,,,,,,
754,1,DDP,Leche,Ganaderia_importada,,,2046,,,,,,0.5039620530613755,,,,,,,,,,,,,,,,
754,1,DDP,Leche,Ganaderia_importada,,,2047,,,,,,0.5045793168164744,,,,,,,,,,,,,,,,
754,1,DDP,Leche,Ganaderia_importada,,,2048,,,,,,0.5053598839835411,,,,,,,,,,,,,,,,
754,1,DDP,Leche,Ganaderia_importada,,,2049,,,,,,0.5063021809911369,,,,,,,,,,,,,,,,
754,1,DDP,Leche,Ganaderia_importada,,,2050,,,,,,0.5059714700454985,,,,,,,,,,,,,,,,
754,1,DDP,Leche,Ganaderia_importada,,,2051,,,,,,0.5057740559331406,,,,,,,,,,,,,,,,
754,1,DDP,Leche,Ganaderia_importada,,,2052,,,,,,0.5057099795537446,,,,,,,,,,,,,,,,
754,1,DDP,Leche,Ganaderia_importada,,,2053,,,,,,0.5057793899263778,,,,,,,,,,,,,,,,
754,1,DDP,Leche,Ganaderia_importada,,,2054,,,,,,0.5059825446992187,,,,,,,,,,,,,,,,
754,1,DDP,Leche,Ganaderia_importada,,,2055,,,,,,0.5063198108250386,,,,,,,,,,,,,,,,
754,1,DDP,Leche,Ganaderia_importada,,,2056,,,,,,0.5067916653924422,,,,,,,,,,,,,,,,
754,1,DDP,Leche,Ganaderia_importada,,,2057,,,,,,0.5073986966153892,,,,,,,,,,,,,,,,
754,1,DDP,Leche,Ganaderia_importada,,,2058,,,,,,0.5081416049836097,,,,,,,,,,,,,,,,
754,1,DDP,Leche,Ganaderia_importada,,,2059,,,,,,0.5090212045772304,,,,,,,,,,,,,,,,
754,1,DDP,Leche,Ganaderia_importada,,,2060,,,,,,0.5100384245489383,,,,,,,,,,,,,,,,
754,1,DDP,Leche,Ganaderia_importada,,,2061,,,,,,0.5111943107776142,,,,,,,,,,,,,,,,
754,1,DDP,Leche,Ganaderia_importada,,,2062,,,,,,0.5124900276976684,,,,,,,,,,,,,,,,
754,1,DDP,Leche,Ganaderia_importada,,,2063,,,,,,0.5139268603087382,,,,,,,,,,,,,,,,
754,1,DDP,Leche,Ganaderia_importada,,,2064,,,,,,0.5155062163708154,,,,,,,,,,,,,,,,
754,1,DDP,Leche,Ganaderia_importada,,,2065,,,,,,0.517229628790304,,,,,,,,,,,,,,,,
754,1,DDP,Leche,Ganaderia_importada,,,2066,,,,,,0.5190987582029788,,,,,,,,,,,,,,,,
754,1,DDP,Leche,Ganaderia_importada,,,2067,,,,,,0.5211153957602832,,,,,,,,,,,,,,,,
754,1,DDP,Leche,Ganaderia_importada,,,2068,,,,,,0.5232814661258985,,,,,,,,,,,,,,,,
754,1,DDP,Leche,Ganaderia_importada,,,2069,,,,,,0.5255990306900516,,,,,,,,,,,,,,,,
754,1,DDP,Leche,Ganaderia_importada,,,2070,,,,,,0.52807029100956,,,,,,,,,,,,,,,,
754,1,DDP,Carne,Ganaderia_criolla,,,2018,,,,,,0.069,,,,,,,,,,,,,,,,
754,1,DDP,Carne,Ganaderia_criolla,,,2019,,,,,,0.0789,,,,,,,,,,,,,,,,
754,1,DDP,Carne,Ganaderia_criolla,,,2020,,,,,,0.0802,,,,,,,,,,,,,,,,
754,1,DDP,Carne,Ganaderia_criolla,,,2021,,,,,,0.0793,,,,,,,,,,,,,,,,
754,1,DDP,Carne,Ganaderia_criolla,,,2022,,,,,,0.0807,,,,,,,,,,,,,,,,
754,1,DDP,Carne,Ganaderia_criolla,,,2023,,,,,,0.0753,,,,,,,,,,,,,,,,
754,1,DDP,Carne,Ganaderia_criolla,,,2024,,,,,,0.075,,,,,,,,,,,,,,,,
754,1,DDP,Carne,Ganaderia_criolla,,,2025,,,,,,0.0746,,,,,,,,,,,,,,,,
754,1,DDP,Carne,Ganaderia_criolla,,,2026,,,,,,0.0743,,,,,,,,,,,,,,,,
754,1,DDP,Carne,Ganaderia_criolla,,,2027,,,,,,0.074,,,,,,,,,,,,,,,,
754,1,DDP,Carne,Ganaderia_criolla,,,2028,,,,,,0.0737,,,,,,,,,,,,,,,,
754,1,DDP,Carne,Ganaderia_criolla,,,2029,,,,,,0.0734,,,,,,,,,,,,,,,,
754,1,DDP,Carne,Ganaderia_criolla,,,2030,,,,,,0.0731,,,,,,,,,,,,,,,,
754,1,DDP,Carne,Ganaderia_criolla,,,2031,,,,,,0.0728,,,,,,,,,,,,,,,,
754,1,DDP,Carne,Ganaderia_criolla,,,2032,,,,,,0.0725,,,,,,,,,,,,,,,,
754,1,DDP,Carne,Ganaderia_criolla,,,2033,,,,,,0.0721,,,,,,,,,,,,,,,,
754,1,DDP,Carne,Ganaderia_criolla,,,2034,,,,,,0.0718,,,,,,,,,,,,,,,,
754,1,DDP,Carne,Ganaderia_criolla,,,2035,,,,,,0.0715,,,,,,,,,,,,,,,,
754,1,DDP,Carne,Ganaderia_criolla,,,2036,,,,,,0.0712,,,,,,,,,,,,,,,,
754,1,DDP,Carne,Ganaderia_criolla,,,2037,,,,,,0.0709,,,,,,,,,,,,,,,,
754,1,DDP,Carne,Ganaderia_criolla,,,2038,,,,,,0.0706,,,,,,,,,,,,,,,,
754,1,DDP,Carne,Ganaderia_criolla,,,2039,,,,,,0.0703,,,,,,,,,,,,,,,,
754,1,DDP,Carne,Ganaderia_criolla,,,2040,,,,,,0.07,,,,,,,,,,,,,,,,
754,1,DDP,Carne,Ganaderia_criolla,,,2041,,,,,,0.0696,,,,,,,,,,,,,,,,
754,1,DDP,Carne,Ganaderia_criolla,,,2042,,,,,,0.0693,,,,,,,,,,,,,,,,
754,1,DDP,Carne,Ganaderia_criolla,,,2043,,,,,,0.069,,,,,,,,,,,,,,,,
754,1,DDP,Carne,Ganaderia_criolla,,,2044,,,,,,0.0687,,,,,,,,,,,,,,,,
754,1,DDP,Carne,Ganaderia_criolla,,,2045,,,,,,0.0684,,,,,,,,,,,,,,,,
754,1,DDP,Carne,Ganaderia_criolla,,,2046,,,,,,0.0681,,,,,,,,,,,,,,,,
754,1,DDP,Carne,Ganaderia_criolla,,,2047,,,,,,0.0678,,,,,,,,,,,,,,,,
754,1,DDP,Carne,Ganaderia_criolla,,,2048,,,,,,0.0675,,,,,,,,,,,,,,,,
754,1,DDP,Carne,Ganaderia_criolla,,,2049,,,,,,0.0671,,,,,,,,,,,,,,,,
754,1,DDP,Carne,Ganaderia_criolla,,,2050,,,,,,0.0668,,,,,,,,,,,,,,,,
754,1,DDP,Carne,Ganaderia_criolla,,,2051,,,,,,0.0665,,,,,,,,,,,,,,,,
754,1,DDP,Carne,Ganaderia_criolla,,,2052,,,,,,0.0662,,,,,,,,,,,,,,,,
754,1,DDP,Carne,Ganaderia_criolla,,,2053,,,,,,0.0659,,,,,,,,,,,,,,,,
754,1,DDP,Carne,Ganaderia_criolla,,,2054,,,,,,0.0656,,,,,,,,,,,,,,,,
754,1,DDP,Carne,Ganaderia_criolla,,,2055,,,,,,0.0653,,,,,,,,,,,,,,,,
754,1,DDP,Carne,Ganaderia_criolla,,,2056,,,,,,0.065,,,,,,,,,,,,,,,,
754,1,DDP,Carne,Ganaderia_criolla,,,2057,,,,,,0.0646,,,,,,,,,,,,,,,,
754,1,DDP,Carne,Ganaderia_criolla,,,2058,,,,,,0.0643,,,,,,,,,,,,,,,,
754,1,DDP,Carne,Ganaderia_criolla,,,2059,,,,,,0.064,,,,,,,,,,,,,,,,
754,1,DDP,Carne,Ganaderia_criolla,,,2060,,,,,,0.0637,,,,,,,,,,,,,,,,
754,1,DDP,Carne,Ganaderia_criolla,,,2061,,,,,,0.0634,,,,,,,,,,,,,,,,
754,1,DDP,Carne,Ganaderia_criolla,,,2062,,,,,,0.0631,,,,,,,,,,,,,,,,
754,1,DDP,Carne,Ganaderia_criolla,,,2063,,,,,,0.0628,,,,,,,,,,,,,,,,
754,1,DDP,Carne,Ganaderia_criolla,,,2064,,,,,,0.0625,,,,,,,,,,,,,,,,
754,1,DDP,Carne,Ganaderia_criolla,,,2065,,,,,,0.0621,,,,,,,,,,,,,,,,
754,1,DDP,Carne,Ganaderia_criolla,,,2066,,,,,,0.0618,,,,,,,,,,,,,,,,
754,1,DDP,Carne,Ganaderia_criolla,,,2067,,,,,,0.0615,,,,,,,,,,,,,,,,
754,1,DDP,Carne,Ganaderia_criolla,,,2068,,,,,,0.0612,,,,,,,,,,,,,,,,
754,1,DDP,Carne,Ganaderia_criolla,,,2069,,,,,,0.0609,,,,,,,,,,,,,,,,
754,1,DDP,Carne,Ganaderia_criolla,,,2070,,,,,,0.0606,,,,,,,,,,,,,,,,
754,1,DDP,Leche,Ganaderia_criolla,,,2018,,,,,,0.6033,,,,,,,,,,,,,,,,
754,1,DDP,Leche,Ganaderia_criolla,,,2019,,,,,,0.6383,,,,,,,,,,,,,,,,
754,1,DDP,Leche,Ganaderia_criolla,,,2020,,,,,,0.6144,,,,,,,,,,,,,,,,
754,1,DDP,Leche,Ganaderia_criolla,,,2021,,,,,,0.6073,,,,,,,,,,,,,,,,
754,1,DDP,Leche,Ganaderia_criolla,,,2022,,,,,,0.6178,,,,,,,,,,,,,,,,
754,1,DDP,Leche,Ganaderia_criolla,,,2023,,,,,,0.5763,,,,,,,,,,,,,,,,
754,1,DDP,Leche,Ganaderia_criolla,,,2024,,,,,,0.5738,,,,,,,,,,,,,,,,
754,1,DDP,Leche,Ganaderia_criolla,,,2025,,,,,,0.5714,,,,,,,,,,,,,,,,
754,1,DDP,Leche,Ganaderia_criolla,,,2026,,,,,,0.5689,,,,,,,,,,,,,,,,
754,1,DDP,Leche,Ganaderia_criolla,,,2027,,,,,,0.5665,,,,,,,,,,,,,,,,
754,1,DDP,Leche,Ganaderia_criolla,,,2028,,,,,,0.5641,,,,,,,,,,,,,,,,
754,1,DDP,Leche,Ganaderia_criolla,,,2029,,,,,,0.5616,,,,,,,,,,,,,,,,
754,1,DDP,Leche,Ganaderia_criolla,,,2030,,,,,,0.5592,,,,,,,,,,,,,,,,
754,1,DDP,Leche,Ganaderia_criolla,,,2031,,,,,,0.5567,,,,,,,,,,,,,,,,
754,1,DDP,Leche,Ganaderia_criolla,,,2032,,,,,,0.5543,,,,,,,,,,,,,,,,
754,1,DDP,Leche,Ganaderia_criolla,,,2033,,,,,,0.5519,,,,,,,,,,,,,,,,
754,1,DDP,Leche,Ganaderia_criolla,,,2034,,,,,,0.5494,,,,,,,,,,,,,,,,
754,1,DDP,Leche,Ganaderia_criolla,,,2035,,,,,,0.547,,,,,,,,,,,,,,,,
754,1,DDP,Leche,Ganaderia_criolla,,,2036,,,,,,0.5446,,,,,,,,,,,,,,,,
754,1,DDP,Leche,Ganaderia_criolla,,,2037,,,,,,0.5421,,,,,,,,,,,,,,,,
754,1,DDP,Leche,Ganaderia_criolla,,,2038,,,,,,0.5397,,,,,,,,,,,,,,,,
754,1,DDP,Leche,Ganaderia_criolla,,,2039,,,,,,0.5372,,,,,,,,,,,,,,,,
754,1,DDP,Leche,Ganaderia_criolla,,,2040,,,,,,0.5348,,,,,,,,,,,,,,,,
754,1,DDP,Leche,Ganaderia_criolla,,,2041,,,,,,0.5324,,,,,,,,,,,,,,,,
754,1,DDP,Leche,Ganaderia_criolla,,,2042,,,,,,0.5299,,,,,,,,,,,,,,,,
754,1,DDP,Leche,Ganaderia_criolla,,,2043,,,,,,0.5275,,,,,,,,,,,,,,,,
754,1,DDP,Leche,Ganaderia_criolla,,,2044,,,,,,0.5251,,,,,,,,,,,,,,,,
754,1,DDP,Leche,Ganaderia_criolla,,,2045,,,,,,0.5226,,,,,,,,,,,,,,,,
754,1,DDP,Leche,Ganaderia_criolla,,,2046,,,,,,0.5202,,,,,,,,,,,,,,,,
754,1,DDP,Leche,Ganaderia_criolla,,,2047,,,,,,0.5177,,,,,,,,,,,,,,,,
754,1,DDP,Leche,Ganaderia_criolla,,,2048,,,,,,0.5153,,,,,,,,,,,,,,,,
754,1,DDP,Leche,Ganaderia_criolla,,,2049,,,,,,0.5129,,,,,,,,,,,,,,,,
754,1,DDP,Leche,Ganaderia_criolla,,,2050,,,,,,0.5104,,,,,,,,,,,,,,,,
754,1,DDP,Leche,Ganaderia_criolla,,,2051,,,,,,0.508,,,,,,,,,,,,,,,,
754,1,DDP,Leche,Ganaderia_criolla,,,2052,,,,,,0.5055,,,,,,,,,,,,,,,,
754,1,DDP,Leche,Ganaderia_criolla,,,2053,,,,,,0.5031,,,,,,,,,,,,,,,,
754,1,DDP,Leche,Ganaderia_criolla,,,2054,,,,,,0.5007,,,,,,,,,,,,,,,,
754,1,DDP,Leche,Ganaderia_criolla,,,2055,,,,,,0.4982,,,,,,,,,,,,,,,,
754,1,DDP,Leche,Ganaderia_criolla,,,2056,,,,,,0.4958,,,,,,,,,,,,,,,,
754,1,DDP,Leche,Ganaderia_criolla,,,2057,,,,,,0.4934,,,,,,,,,,,,,,,,
754,1,DDP,Leche,Ganaderia_criolla,,,2058,,,,,,0.4909,,,,,,,,,,,,,,,,
754,1,DDP,Leche,Ganaderia_criolla,,,2059,,,,,,0.4885,,,,,,,,,,,,,,,,
754,1,DDP,Leche,Ganaderia_criolla,,,2060,,,,,,0.486,,,,,,,,,,,,,,,,
754,1,DDP,Leche,Ganaderia_criolla,,,2061,,,,,,0.4836,,,,,,,,,,,,,,,,
754,1,DDP,Leche,Ganaderia_criolla,,,2062,,,,,,0.4812,,,,,,,,,,,,,,,,
754,1,DDP,Leche,Ganaderia_criolla,,,2063,,,,,,0.4787,,,,,,,,,,,,,,,,
754,1,DDP,Leche,Ganaderia_criolla,,,2064,,,,,,0.4763,,,,,,,,,,,,,,,,
754,1,DDP,Leche,Ganaderia_criolla,,,2065,,,,,,0.4739,,,,,,,,,,,,,,,,
754,1,DDP,Leche,Ganaderia_criolla,,,2066,,,,,,0.4714,,,,,,,,,,,,,,,,
754,1,DDP,Leche,Ganaderia_criolla,,,2067,,,,,,0.469,,,,,,,,,,,,,,,,
754,1,DDP,Leche,Ganaderia_criolla,,,2068,,,,,,0.4665,,,,,,,,,,,,,,,,
754,1,DDP,Leche,Ganaderia_criolla,,,2069,,,,,,0.4641,,,,,,,,,,,,,,,,
754,1,DDP,Leche,Ganaderia_criolla,,,2070,,,,,,0.4617,,,,,,,,,,,,,,,,
754,1,DDP,Carne,Ganaderia_mestiza,,,2018,,,,,,0.069,,,,,,,,,,,,,,,,
754,1,DDP,Carne,Ganaderia_mestiza,,,2019,,,,,,0.0789,,,,,,,,,,,,,,,,
754,1,DDP,Carne,Ganaderia_mestiza,,,2020,,,,,,0.0802,,,,,,,,,,,,,,,,
754,1,DDP,Carne,Ganaderia_mestiza,,,2021,,,,,,0.0793,,,,,,,,,,,,,,,,
754,1,DDP,Carne,Ganaderia_mestiza,,,2022,,,,,,0.0807,,,,,,,,,,,,,,,,
754,1,DDP,Carne,Ganaderia_mestiza,,,2023,,,,,,0.0753,,,,,,,,,,,,,,,,
754,1,DDP,Carne,Ganaderia_mestiza,,,2024,,,,,,0.075,,,,,,,,,,,,,,,,
754,1,DDP,Carne,Ganaderia_mestiza,,,2025,,,,,,0.0746,,,,,,,,,,,,,,,,
754,1,DDP,Carne,Ganaderia_mestiza,,,2026,,,,,,0.0743,,,,,,,,,,,,,,,,
754,1,DDP,Carne,Ganaderia_mestiza,,,2027,,,,,,0.074,,,,,,,,,,,,,,,,
754,1,DDP,Carne,Ganaderia_mestiza,,,2028,,,,,,0.0737,,,,,,,,,,,,,,,,
754,1,DDP,Carne,Ganaderia_mestiza,,,2029,,,,,,0.0734,,,,,,,,,,,,,,,,
754,1,DDP,Carne,Ganaderia_mestiza,,,2030,,,,,,0.0731,,,,,,,,,,,,,,,,
754,1,DDP,Carne,Ganaderia_mestiza,,,2031,,,,,,0.0728,,,,,,,,,,,,,,,,
754,1,DDP,Carne,Ganaderia_mestiza,,,2032,,,,,,0.0725,,,,,,,,,,,,,,,,
754,1,DDP,Carne,Ganaderia_mestiza,,,2033,,,,,,0.0721,,,,,,,,,,,,,,,,
754,1,DDP,Carne,Ganaderia_mestiza,,,2034,,,,,,0.0718,,,,,,,,,,,,,,,,
754,1,DDP,Carne,Ganaderia_mestiza,,,2035,,,,,,0.0715,,,,,,,,,,,,,,,,
754,1,DDP,Carne,Ganaderia_mestiza,,,2036,,,,,,0.0712,,,,,,,,,,,,,,,,
754,1,DDP,Carne,Ganaderia_mestiza,,,2037,,,,,,0.0709,,,,,,,,,,,,,,,,
754,1,DDP,Carne,Ganaderia_mestiza,,,2038,,,,,,0.0706,,,,,,,,,,,,,,,,
754,1,DDP,Carne,Ganaderia_mestiza,,,2039,,,,,,0.0703,,,,,,,,,,,,,,,,
754,1,DDP,Carne,Ganaderia_mestiza,,,2040,,,,,,0.07,,,,,,,,,,,,,,,,
754,1,DDP,Carne,Ganaderia_mestiza,,,2041,,,,,,0.0696,,,,,,,,,,,,,,,,
754,1,DDP,Carne,Ganaderia_mestiza,,,2042,,,,,,0.0693,,,,,,,,,,,,,,,,
754,1,DDP,Carne,Ganaderia_mestiza,,,2043,,,,,,0.069,,,,,,,,,,,,,,,,
754,1,DDP,Carne,Ganaderia_mestiza,,,2044,,,,,,0.0687,,,,,,,,,,,,,,,,
754,1,DDP,Carne,Ganaderia_mestiza,,,2045,,,,,,0.0684,,,,,,,,,,,,,,,,
754,1,DDP,Carne,Ganaderia_mestiza,,,2046,,,,,,0.0681,,,,,,,,,,,,,,,,
754,1,DDP,Carne,Ganaderia_mestiza,,,2047,,,,,,0.0678,,,,,,,,,,,,,,,,
754,1,DDP,Carne,Ganaderia_mestiza,,,2048,,,,,,0.0675,,,,,,,,,,,,,,,,
754,1,DDP,Carne,Ganaderia_mestiza,,,2049,,,,,,0.0671,,,,,,,,,,,,,,,,
754,1,DDP,Carne,Ganaderia_mestiza,,,2050,,,,,,0.0668,,,,,,,,,,,,,,,,
754,1,DDP,Carne,Ganaderia_mestiza,,,2051,,,,,,0.0665,,,,,,,,,,,,,,,,
754,1,DDP,Carne,Ganaderia_mestiza,,,2052,,,,,,0.0662,,,,,,,,,,,,,,,,
754,1,DDP,Carne,Ganaderia_mestiza,,,2053,,,,,,0.0659,,,,,,,,,,,,,,,,
754,1,DDP,Carne,Ganaderia_mestiza,,,2054,,,,,,0.0656,,,,,,,,,,,,,,,,
754,1,DDP,Carne,Ganaderia_mestiza,,,2055,,,,,,0.0653,,,,,,,,,,,,,,,,
754,1,DDP,Carne,Ganaderia_mestiza,,,2056,,,,,,0.065,,,,,,,,,,,,,,,,
754,1,DDP,Carne,Ganaderia_mestiza,,,2057,,,,,,0.0646,,,,,,,,,,,,,,,,
754,1,DDP,Carne,Ganaderia_mestiza,,,2058,,,,,,0.0643,,,,,,,,,,,,,,,,
754,1,DDP,Carne,Ganaderia_mestiza,,,2059,,,,,,0.064,,,,,,,,,,,,,,,,
754,1,DDP,Carne,Ganaderia_mestiza,,,2060,,,,,,0.0637,,,,,,,,,,,,,,,,
754,1,DDP,Carne,Ganaderia_mestiza,,,2061,,,,,,0.0634,,,,,,,,,,,,,,,,
754,1,DDP,Carne,Ganaderia_mestiza,,,2062,,,,,,0.0631,,,,,,,,,,,,,,,,
754,1,DDP,Carne,Ganaderia_mestiza,,,2063,,,,,,0.0628,,,,,,,,,,,,,,,,
754,1,DDP,Carne,Ganaderia_mestiza,,,2064,,,,,,0.0625,,,,,,,,,,,,,,,,
754,1,DDP,Carne,Ganaderia_mestiza,,,2065,,,,,,0.0621,,,,,,,,,,,,,,,,
754,1,DDP,Carne,Ganaderia_mestiza,,,2066,,,,,,0.0618,,,,,,,,,,,,,,,,
754,1,DDP,Carne,Ganaderia_mestiza,,,2067,,,,,,0.0615,,,,,,,,,,,,,,,,
754,1,DDP,Carne,Ganaderia_mestiza,,,2068,,,,,,0.0612,,,,,,,,,,,,,,,,
754,1,DDP,Carne,Ganaderia_mestiza,,,2069,,,,,,0.0609,,,,,,,,,,,,,,,,
754,1,DDP,Carne,Ganaderia_mestiza,,,2070,,,,,,0.0606,,,,,,,,,,,,,,,,
754,1,DDP,Leche,Ganaderia_mestiza,,,2018,,,,,,0.6033,,,,,,,,,,,,,,,,
754,1,DDP,Leche,Ganaderia_mestiza,,,2019,,,,,,0.6383,,,,,,,,,,,,,,,,
754,1,DDP,Leche,Ganaderia_mestiza,,,2020,,,,,,0.6144,,,,,,,,,,,,,,,,
754,1,DDP,Leche,Ganaderia_mestiza,,,2021,,,,,,0.6073,,,,,,,,,,,,,,,,
754,1,DDP,Leche,Ganaderia_mestiza,,,2022,,,,,,0.6178,,,,,,,,,,,,,,,,
754,1,DDP,Leche,Ganaderia_mestiza,,,2023,,,,,,0.5763,,,,,,,,,,,,,,,,
754,1,DDP,Leche,Ganaderia_mestiza,,,2024,,,,,,0.5738,,,,,,,,,,,,,,,,
754,1,DDP,Leche,Ganaderia_mestiza,,,2025,,,,,,0.5714,,,,,,,,,,,,,,,,
754,1,DDP,Leche,Ganaderia_mestiza,,,2026,,,,,,0.5689,,,,,,,,,,,,,,,,
754,1,DDP,Leche,Ganaderia_mestiza,,,2027,,,,,,0.5665,,,,,,,,,,,,,,,,
754,1,DDP,Leche,Ganaderia_mestiza,,,2028,,,,,,0.5641,,,,,,,,,,,,,,,,
754,1,DDP,Leche,Ganaderia_mestiza,,,2029,,,,,,0.5616,,,,,,,,,,,,,,,,
754,1,DDP,Leche,Ganaderia_mestiza,,,2030,,,,,,0.5592,,,,,,,,,,,,,,,,
754,1,DDP,Leche,Ganaderia_mestiza,,,2031,,,,,,0.5567,,,,,,,,,,,,,,,,
754,1,DDP,Leche,Ganaderia_mestiza,,,2032,,,,,,0.5543,,,,,,,,,,,,,,,,
754,1,DDP,Leche,Ganaderia_mestiza,,,2033,,,,,,0.5519,,,,,,,,,,,,,,,,
754,1,DDP,Leche,Ganaderia_mestiza,,,2034,,,,,,0.5494,,,,,,,,,,,,,,,,
754,1,DDP,Leche,Ganaderia_mestiza,,,2035,,,,,,0.547,,,,,,,,,,,,,,,,
754,1,DDP,Leche,Ganaderia_mestiza,,,2036,,,,,,0.5446,,,,,,,,,,,,,,,,
754,1,DDP,Leche,Ganaderia_mestiza,,,2037,,,,,,0.5421,,,,,,,,,,,,,,,,
754,1,DDP,Leche,Ganaderia_mestiza,,,2038,,,,,,0.5397,,,,,,,,,,,,,,,,
754,1,DDP,Leche,Ganaderia_mestiza,,,2039,,,,,,0.5372,,,,,,,,,,,,,,,,
754,1,DDP,Leche,Ganaderia_mestiza,,,2040,,,,,,0.5348,,,,,,,,,,,,,,,,
754,1,DDP,Leche,Ganaderia_mestiza,,,2041,,,,,,0.5324,,,,,,,,,,,,,,,,
754,1,DDP,Leche,Ganaderia_mestiza,,,2042,,,,,,0.5299,,,,,,,,,,,,,,,,
754,1,DDP,Leche,Ganaderia_mestiza,,,2043,,,,,,0.5275,,,,,,,,,,,,,,,,
754,1,DDP,Leche,Ganaderia_mestiza,,,2044,,,,,,0.5251,,,,,,,,,,,,,,,,
754,1,DDP,Leche,Ganaderia_mestiza,,,2045,,,,,,0.5226,,,,,,,,,,,,,,,,
754,1,DDP,Leche,Ganaderia_mestiza,,,2046,,,,,,0.5202,,,,,,,,,,,,,,,,
754,1,DDP,Leche,Ganaderia_mestiza,,,2047,,,,,,0.5177,,,,,,,,,,,,,,,,
754,1,DDP,Leche,Ganaderia_mestiza,,,2048,,,,,,0.5153,,,,,,,,,,,,,,,,
754,1,DDP,Leche,Ganaderia_mestiza,,,2049,,,,,,0.5129,,,,,,,,,,,,,,,,
754,1,DDP,Leche,Ganaderia_mestiza,,,2050,,,,,,0.5104,,,,,,,,,,,,,,,,
754,1,DDP,Leche,Ganaderia_mestiza,,,2051,,,,,,0.508,,,,,,,,,,,,,,,,
754,1,DDP,Leche,Ganaderia_mestiza,,,2052,,,,,,0.5055,,,,,,,,,,,,,,,,
754,1,DDP,Leche,Ganaderia_mestiza,,,2053,,,,,,0.5031,,,,,,,,,,,,,,,,
754,1,DDP,Leche,Ganaderia_mestiza,,,2054,,,,,,0.5007,,,,,,,,,,,,,,,,
754,1,DDP,Leche,Ganaderia_mestiza,,,2055,,,,,,0.4982,,,,,,,,,,,,,,,,
754,1,DDP,Leche,Ganaderia_mestiza,,,2056,,,,,,0.4958,,,,,,,,,,,,,,,,
754,1,DDP,Leche,Ganaderia_mestiza,,,2057,,,,,,0.4934,,,,,,,,,,,,,,,,
754,1,DDP,Leche,Ganaderia_mestiza,,,2058,,,,,,0.4909,,,,,,,,,,,,,,,,
754,1,DDP,Leche,Ganaderia_mestiza,,,2059,,,,,,0.4885,,,,,,,,,,,,,,,,
754,1,DDP,Leche,Ganaderia_mestiza,,,2060,,,,,,0.486,,,,,,,,,,,,,,,,
754,1,DDP,Leche,Ganaderia_mestiza,,,2061,,,,,,0.4836,,,,,,,,,,,,,,,,
754,1,DDP,Leche,Ganaderia_mestiza,,,2062,,,,,,0.4812,,,,,,,,,,,,,,,,
754,1,DDP,Leche,Ganaderia_mestiza,,,2063,,,,,,0.4787,,,,,,,,,,,,,,,,
754,1,DDP,Leche,Ganaderia_mestiza,,,2064,,,,,,0.4763,,,,,,,,,,,,,,,,
754,1,DDP,Leche,Ganaderia_mestiza,,,2065,,,,,,0.4739,,,,,,,,,,,,,,,,
754,1,DDP,Leche,Ganaderia_mestiza,,,2066,,,,,,0.4714,,,,,,,,,,,,,,,,
754,1,DDP,Leche,Ganaderia_mestiza,,,2067,,,,,,0.469,,,,,,,,,,,,,,,,
754,1,DDP,Leche,Ganaderia_mestiza,,,2068,,,,,,0.4665,,,,,,,,,,,,,,,,
754,1,DDP,Leche,Ganaderia_mestiza,,,2069,,,,,,0.4641,,,,,,,,,,,,,,,,
754,1,DDP,Leche,Ganaderia_mestiza,,,2070,,,,,,0.4617,,,,,,,,,,,,,,,,
754,1,DDP,Dem_Carne,Imp_Carne,,,2018,,,,,,1.0,,,,,,,,,,,,,,,,
754,1,DDP,Dem_Carne,Imp_Carne,,,2019,,,,,,1.0,,,,,,,,,,,,,,,,
754,1,DDP,Dem_Carne,Imp_Carne,,,2020,,,,,,1.0,,,,,,,,,,,,,,,,
754,1,DDP,Dem_Carne,Imp_Carne,,,2021,,,,,,1.0,,,,,,,,,,,,,,,,
754,1,DDP,Dem_Carne,Imp_Carne,,,2022,,,,,,1.0,,,,,,,,,,,,,,,,
754,1,DDP,Dem_Carne,Imp_Carne,,,2023,,,,,,1.0,,,,,,,,,,,,,,,,
754,1,DDP,Dem_Carne,Imp_Carne,,,2024,,,,,,1.0,,,,,,,,,,,,,,,,
754,1,DDP,Dem_Carne,Imp_Carne,,,2025,,,,,,1.0,,,,,,,,,,,,,,,,
754,1,DDP,Dem_Carne,Imp_Carne,,,2026,,,,,,1.0,,,,,,,,,,,,,,,,
754,1,DDP,Dem_Carne,Imp_Carne,,,2027,,,,,,1.0,,,,,,,,,,,,,,,,
754,1,DDP,Dem_Carne,Imp_Carne,,,2028,,,,,,1.0,,,,,,,,,,,,,,,,
754,1,DDP,Dem_Carne,Imp_Carne,,,2029,,,,,,1.0,,,,,,,,,,,,,,,,
754,1,DDP,Dem_Carne,Imp_Carne,,,2030,,,,,,1.0,,,,,,,,,,,,,,,,
754,1,DDP,Dem_Carne,Imp_Carne,,,2031,,,,,,1.0,,,,,,,,,,,,,,,,
754,1,DDP,Dem_Carne,Imp_Carne,,,2032,,,,,,1.0,,,,,,,,,,,,,,,,
754,1,DDP,Dem_Carne,Imp_Carne,,,2033,,,,,,1.0,,,,,,,,,,,,,,,,
754,1,DDP,Dem_Carne,Imp_Carne,,,2034,,,,,,1.0,,,,,,,,,,,,,,,,
754,1,DDP,Dem_Carne,Imp_Carne,,,2035,,,,,,1.0,,,,,,,,,,,,,,,,
754,1,DDP,Dem_Carne,Imp_Carne,,,2036,,,,,,1.0,,,,,,,,,,,,,,,,
754,1,DDP,Dem_Carne,Imp_Carne,,,2037,,,,,,1.0,,,,,,,,,,,,,,,,
754,1,DDP,Dem_Carne,Imp_Carne,,,2038,,,,,,1.0,,,,,,,,,,,,,,,,
754,1,DDP,Dem_Carne,Imp_Carne,,,2039,,,,,,1.0,,,,,,,,,,,,,,,,
754,1,DDP,Dem_Carne,Imp_Carne,,,2040,,,,,,1.0,,,,,,,,,,,,,,,,
754,1,DDP,Dem_Carne,Imp_Carne,,,2041,,,,,,1.0,,,,,,,,,,,,,,,,
754,1,DDP,Dem_Carne,Imp_Carne,,,2042,,,,,,1.0,,,,,,,,,,,,,,,,
754,1,DDP,Dem_Carne,Imp_Carne,,,2043,,,,,,1.0,,,,,,,,,,,,,,,,
754,1,DDP,Dem_Carne,Imp_Carne,,,2044,,,,,,1.0,,,,,,,,,,,,,,,,
754,1,DDP,Dem_Carne,Imp_Carne,,,2045,,,,,,1.0,,,,,,,,,,,,,,,,
754,1,DDP,Dem_Carne,Imp_Carne,,,2046,,,,,,1.0,,,,,,,,,,,,,,,,
754,1,DDP,Dem_Carne,Imp_Carne,,,2047,,,,,,1.0,,,,,,,,,,,,,,,,
754,1,DDP,Dem_Carne,Imp_Carne,,,2048,,,,,,1.0,,,,,,,,,,,,,,,,
754,1,DDP,Dem_Carne,Imp_Carne,,,2049,,,,,,1.0,,,,,,,,,,,,,,,,
754,1,DDP,Dem_Carne,Imp_Carne,,,2050,,,,,,1.0,,,,,,,,,,,,,,,,
754,1,DDP,Dem_Carne,Imp_Carne,,,2051,,,,,,1.0,,,,,,,,,,,,,,,,
754,1,DDP,Dem_Carne,Imp_Carne,,,2052,,,,,,1.0,,,,,,,,,,,,,,,,
754,1,DDP,Dem_Carne,Imp_Carne,,,2053,,,,,,1.0,,,,,,,,,,,,,,,,
754,1,DDP,Dem_Carne,Imp_Carne,,,2054,,,,,,1.0,,,,,,,,,,,,,,,,
754,1,DDP,Dem_Carne,Imp_Carne,,,2055,,,,,,1.0,,,,,,,,,,,,,,,,
754,1,DDP,Dem_Carne,Imp_Carne,,,2056,,,,,,1.0,,,,,,,,,,,,,,,,
754,1,DDP,Dem_Carne,Imp_Carne,,,2057,,,,,,1.0,,,,,,,,,,,,,,,,
754,1,DDP,Dem_Carne,Imp_Carne,,,2058,,,,,,1.0,,,,,,,,,,,,,,,,
754,1,DDP,Dem_Carne,Imp_Carne,,,2059,,,,,,1.0,,,,,,,,,,,,,,,,
754,1,DDP,Dem_Carne,Imp_Carne,,,2060,,,,,,1.0,,,,,,,,,,,,,,,,
754,1,DDP,Dem_Carne,Imp_Carne,,,2061,,,,,,1.0,,,,,,,,,,,,,,,,
754,1,DDP,Dem_Carne,Imp_Carne,,,2062,,,,,,1.0,,,,,,,,,,,,,,,,
754,1,DDP,Dem_Carne,Imp_Carne,,,2063,,,,,,1.0,,,,,,,,,,,,,,,,
754,1,DDP,Dem_Carne,Imp_Carne,,,2064,,,,,,1.0,,,,,,,,,,,,,,,,
754,1,DDP,Dem_Carne,Imp_Carne,,,2065,,,,,,1.0,,,,,,,,,,,,,,,,
754,1,DDP,Dem_Carne,Imp_Carne,,,2066,,,,,,1.0,,,,,,,,,,,,,,,,
754,1,DDP,Dem_Carne,Imp_Carne,,,2067,,,,,,1.0,,,,,,,,,,,,,,,,
754,1,DDP,Dem_Carne,Imp_Carne,,,2068,,,,,,1.0,,,,,,,,,,,,,,,,
754,1,DDP,Dem_Carne,Imp_Carne,,,2069,,,,,,1.0,,,,,,,,,,,,,,,,
754,1,DDP,Dem_Carne,Imp_Carne,,,2070,,,,,,1.0,,,,,,,,,,,,,,,,
754,1,DDP,Dem_Leche,Imp_Leche,,,2018,,,,,,1.0,,,,,,,,,,,,,,,,
754,1,DDP,Dem_Leche,Imp_Leche,,,2019,,,,,,1.0,,,,,,,,,,,,,,,,
754,1,DDP,Dem_Leche,Imp_Leche,,,2020,,,,,,1.0,,,,,,,,,,,,,,,,
754,1,DDP,Dem_Leche,Imp_Leche,,,2021,,,,,,1.0,,,,,,,,,,,,,,,,
754,1,DDP,Dem_Leche,Imp_Leche,,,2022,,,,,,1.0,,,,,,,,,,,,,,,,
754,1,DDP,Dem_Leche,Imp_Leche,,,2023,,,,,,1.0,,,,,,,,,,,,,,,,
754,1,DDP,Dem_Leche,Imp_Leche,,,2024,,,,,,1.0,,,,,,,,,,,,,,,,
754,1,DDP,Dem_Leche,Imp_Leche,,,2025,,,,,,1.0,,,,,,,,,,,,,,,,
754,1,DDP,Dem_Leche,Imp_Leche,,,2026,,,,,,1.0,,,,,,,,,,,,,,,,
754,1,DDP,Dem_Leche,Imp_Leche,,,2027,,,,,,1.0,,,,,,,,,,,,,,,,
754,1,DDP,Dem_Leche,Imp_Leche,,,2028,,,,,,1.0,,,,,,,,,,,,,,,,
754,1,DDP,Dem_Leche,Imp_Leche,,,2029,,,,,,1.0,,,,,,,,,,,,,,,,
754,1,DDP,Dem_Leche,Imp_Leche,,,2030,,,,,,1.0,,,,,,,,,,,,,,,,
754,1,DDP,Dem_Leche,Imp_Leche,,,2031,,,,,,1.0,,,,,,,,,,,,,,,,
754,1,DDP,Dem_Leche,Imp_Leche,,,2032,,,,,,1.0,,,,,,,,,,,,,,,,
754,1,DDP,Dem_Leche,Imp_Leche,,,2033,,,,,,1.0,,,,,,,,,,,,,,,,
754,1,DDP,Dem_Leche,Imp_Leche,,,2034,,,,,,1.0,,,,,,,,,,,,,,,,
754,1,DDP,Dem_Leche,Imp_Leche,,,2035,,,,,,1.0,,,,,,,,,,,,,,,,
754,1,DDP,Dem_Leche,Imp_Leche,,,2036,,,,,,1.0,,,,,,,,,,,,,,,,
754,1,DDP,Dem_Leche,Imp_Leche,,,2037,,,,,,1.0,,,,,,,,,,,,,,,,
754,1,DDP,Dem_Leche,Imp_Leche,,,2038,,,,,,1.0,,,,,,,,,,,,,,,,
754,1,DDP,Dem_Leche,Imp_Leche,,,2039,,,,,,1.0,,,,,,,,,,,,,,,,
754,1,DDP,Dem_Leche,Imp_Leche,,,2040,,,,,,1.0,,,,,,,,,,,,,,,,
754,1,DDP,Dem_Leche,Imp_Leche,,,2041,,,,,,1.0,,,,,,,,,,,,,,,,
754,1,DDP,Dem_Leche,Imp_Leche,,,2042,,,,,,1.0,,,,,,,,,,,,,,,,
754,1,DDP,Dem_Leche,Imp_Leche,,,2043,,,,,,1.0,,,,,,,,,,,,,,,,
754,1,DDP,Dem_Leche,Imp_Leche,,,2044,,,,,,1.0,,,,,,,,,,,,,,,,
754,1,DDP,Dem_Leche,Imp_Leche,,,2045,,,,,,1.0,,,,,,,,,,,,,,,,
754,1,DDP,Dem_Leche,Imp_Leche,,,2046,,,,,,1.0,,,,,,,,,,,,,,,,
754,1,DDP,Dem_Leche,Imp_Leche,,,2047,,,,,,1.0,,,,,,,,,,,,,,,,
754,1,DDP,Dem_Leche,Imp_Leche,,,2048,,,,,,1.0,,,,,,,,,,,,,,,,
754,1,DDP,Dem_Leche,Imp_Leche,,,2049,,,,,,1.0,,,,,,,,,,,,,,,,
754,1,DDP,Dem_Leche,Imp_Leche,,,2050,,,,,,1.0,,,,,,,,,,,,,,,,
754,1,DDP,Dem_Leche,Imp_Leche,,,2051,,,,,,1.0,,,,,,,,,,,,,,,,
754,1,DDP,Dem_Leche,Imp_Leche,,,2052,,,,,,1.0,,,,,,,,,,,,,,,,
754,1,DDP,Dem_Leche,Imp_Leche,,,2053,,,,,,1.0,,,,,,,,,,,,,,,,
754,1,DDP,Dem_Leche,Imp_Leche,,,2054,,,,,,1.0,,,,,,,,,,,,,,,,
754,1,DDP,Dem_Leche,Imp_Leche,,,2055,,,,,,1.0,,,,,,,,,,,,,,,,
754,1,DDP,Dem_Leche,Imp_Leche,,,2056,,,,,,1.0,,,,,,,,,,,,,,,,
754,1,DDP,Dem_Leche,Imp_Leche,,,2057,,,,,,1.0,,,,,,,,,,,,,,,,
754,1,DDP,Dem_Leche,Imp_Leche,,,2058,,,,,,1.0,,,,,,,,,,,,,,,,
754,1,DDP,Dem_Leche,Imp_Leche,,,2059,,,,,,1.0,,,,,,,,,,,,,,,,
754,1,DDP,Dem_Leche,Imp_Leche,,,2060,,,,,,1.0,,,,,,,,,,,,,,,,
754,1,DDP,Dem_Leche,Imp_Leche,,,2061,,,,,,1.0,,,,,,,,,,,,,,,,
754,1,DDP,Dem_Leche,Imp_Leche,,,2062,,,,,,1.0,,,,,,,,,,,,,,,,
754,1,DDP,Dem_Leche,Imp_Leche,,,2063,,,,,,1.0,,,,,,,,,,,,,,,,
754,1,DDP,Dem_Leche,Imp_Leche,,,2064,,,,,,1.0,,,,,,,,,,,,,,,,
754,1,DDP,Dem_Leche,Imp_Leche,,,2065,,,,,,1.0,,,,,,,,,,,,,,,,
754,1,DDP,Dem_Leche,Imp_Leche,,,2066,,,,,,1.0,,,,,,,,,,,,,,,,
754,1,DDP,Dem_Leche,Imp_Leche,,,2067,,,,,,1.0,,,,,,,,,,,,,,,,
754,1,DDP,Dem_Leche,Imp_Leche,,,2068,,,,,,1.0,,,,,,,,,,,,,,,,
754,1,DDP,Dem_Leche,Imp_Leche,,,2069,,,,,,1.0,,,,,,,,,,,,,,,,
754,1,DDP,Dem_Leche,Imp_Leche,,,2070,,,,,,1.0,,,,,,,,,,,,,,,,
754,1,DDP,Exp_Carne,Exp_Carne,,,2018,,,,,,1.0,,,,,,,,,,,,,,,,
754,1,DDP,Exp_Carne,Exp_Carne,,,2019,,,,,,1.0,,,,,,,,,,,,,,,,
754,1,DDP,Exp_Carne,Exp_Carne,,,2020,,,,,,1.0,,,,,,,,,,,,,,,,
754,1,DDP,Exp_Carne,Exp_Carne,,,2021,,,,,,1.0,,,,,,,,,,,,,,,,
754,1,DDP,Exp_Carne,Exp_Carne,,,2022,,,,,,1.0,,,,,,,,,,,,,,,,
754,1,DDP,Exp_Carne,Exp_Carne,,,2023,,,,,,1.0,,,,,,,,,,,,,,,,
754,1,DDP,Exp_Carne,Exp_Carne,,,2024,,,,,,1.0,,,,,,,,,,,,,,,,
754,1,DDP,Exp_Carne,Exp_Carne,,,2025,,,,,,1.0,,,,,,,,,,,,,,,,
754,1,DDP,Exp_Carne,Exp_Carne,,,2026,,,,,,1.0,,,,,,,,,,,,,,,,
754,1,DDP,Exp_Carne,Exp_Carne,,,2027,,,,,,1.0,,,,,,,,,,,,,,,,
754,1,DDP,Exp_Carne,Exp_Carne,,,2028,,,,,,1.0,,,,,,,,,,,,,,,,
754,1,DDP,Exp_Carne,Exp_Carne,,,2029,,,,,,1.0,,,,,,,,,,,,,,,,
754,1,DDP,Exp_Carne,Exp_Carne,,,2030,,,,,,1.0,,,,,,,,,,,,,,,,
754,1,DDP,Exp_Carne,Exp_Carne,,,2031,,,,,,1.0,,,,,,,,,,,,,,,,
754,1,DDP,Exp_Carne,Exp_Carne,,,2032,,,,,,1.0,,,,,,,,,,,,,,,,
754,1,DDP,Exp_Carne,Exp_Carne,,,2033,,,,,,1.0,,,,,,,,,,,,,,,,
754,1,DDP,Exp_Carne,Exp_Carne,,,2034,,,,,,1.0,,,,,,,,,,,,,,,,
754,1,DDP,Exp_Carne,Exp_Carne,,,2035,,,,,,1.0,,,,,,,,,,,,,,,,
754,1,DDP,Exp_Carne,Exp_Carne,,,2036,,,,,,1.0,,,,,,,,,,,,,,,,
754,1,DDP,Exp_Carne,Exp_Carne,,,2037,,,,,,1.0,,,,,,,,,,,,,,,,
754,1,DDP,Exp_Carne,Exp_Carne,,,2038,,,,,,1.0,,,,,,,,,,,,,,,,
754,1,DDP,Exp_Carne,Exp_Carne,,,2039,,,,,,1.0,,,,,,,,,,,,,,,,
754,1,DDP,Exp_Carne,Exp_Carne,,,2040,,,,,,1.0,,,,,,,,,,,,,,,,
754,1,DDP,Exp_Carne,Exp_Carne,,,2041,,,,,,1.0,,,,,,,,,,,,,,,,
754,1,DDP,Exp_Carne,Exp_Carne,,,2042,,,,,,1.0,,,,,,,,,,,,,,,,
754,1,DDP,Exp_Carne,Exp_Carne,,,2043,,,,,,1.0,,,,,,,,,,,,,,,,
754,1,DDP,Exp_Carne,Exp_Carne,,,2044,,,,,,1.0,,,,,,,,,,,,,,,,
754,1,DDP,Exp_Carne,Exp_Carne,,,2045,,,,,,1.0,,,,,,,,,,,,,,,,
754,1,DDP,Exp_Carne,Exp_Carne,,,2046,,,,,,1.0,,,,,,,,,,,,,,,,
754,1,DDP,Exp_Carne,Exp_Carne,,,2047,,,,,,1.0,,,,,,,,,,,,,,,,
754,1,DDP,Exp_Carne,Exp_Carne,,,2048,,,,,,1.0,,,,,,,,,,,,,,,,
754,1,DDP,Exp_Carne,Exp_Carne,,,2049,,,,,,1.0,,,,,,,,,,,,,,,,
754,1,DDP,Exp_Carne,Exp_Carne,,,2050,,,,,,1.0,,,,,,,,,,,,,,,,
754,1,DDP,Exp_Carne,Exp_Carne,,,2051,,,,,,1.0,,,,,,,,,,,,,,,,
754,1,DDP,Exp_Carne,Exp_Carne,,,2052,,,,,,1.0,,,,,,,,,,,,,,,,
754,1,DDP,Exp_Carne,Exp_Carne,,,2053,,,,,,1.0,,,,,,,,,,,,,,,,
754,1,DDP,Exp_Carne,Exp_Carne,,,2054,,,,,,1.0,,,,,,,,,,,,,,,,
754,1,DDP,Exp_Carne,Exp_Carne,,,2055,,,,,,1.0,,,,,,,,,,,,,,,,
754,1,DDP,Exp_Carne,Exp_Carne,,,2056,,,,,,1.0,,,,,,,,,,,,,,,,
754,1,DDP,Exp_Carne,Exp_Carne,,,2057,,,,,,1.0,,,,,,,,,,,,,,,,
754,1,DDP,Exp_Carne,Exp_Carne,,,2058,,,,,,1.0,,,,,,,,,,,,,,,,
754,1,DDP,Exp_Carne,Exp_Carne,,,2059,,,,,,1.0,,,,,,,,,,,,,,,,
754,1,DDP,Exp_Carne,Exp_Carne,,,2060,,,,,,1.0,,,,,,,,,,,,,,,,
754,1,DDP,Exp_Carne,Exp_Carne,,,2061,,,,,,1.0,,,,,,,,,,,,,,,,
754,1,DDP,Exp_Carne,Exp_Carne,,,2062,,,,,,1.0,,,,,,,,,,,,,,,,
754,1,DDP,Exp_Carne,Exp_Carne,,,2063,,,,,,1.0,,,,,,,,,,,,,,,,
754,1,DDP,Exp_Carne,Exp_Carne,,,2064,,,,,,1.0,,,,,,,,,,,,,,,,
754,1,DDP,Exp_Carne,Exp_Carne,,,2065,,,,,,1.0,,,,,,,,,,,,,,,,
754,1,DDP,Exp_Carne,Exp_Carne,,,2066,,,,,,1.0,,,,,,,,,,,,,,,,
754,1,DDP,Exp_Carne,Exp_Carne,,,2067,,,,,,1.0,,,,,,,,,,,,,,,,
754,1,DDP,Exp_Carne,Exp_Carne,,,2068,,,,,,1.0,,,,,,,,,,,,,,,,
754,1,DDP,Exp_Carne,Exp_Carne,,,2069,,,,,,1.0,,,,,,,,,,,,,,,,
754,1,DDP,Exp_Carne,Exp_Carne,,,2070,,,,,,1.0,,,,,,,,,,,,,,,,
754,1,DDP,Exp_Leche,Exp_Leche,,,2018,,,,,,1.0,,,,,,,,,,,,,,,,
754,1,DDP,Exp_Leche,Exp_Leche,,,2019,,,,,,1.0,,,,,,,,,,,,,,,,
754,1,DDP,Exp_Leche,Exp_Leche,,,2020,,,,,,1.0,,,,,,,,,,,,,,,,
754,1,DDP,Exp_Leche,Exp_Leche,,,2021,,,,,,1.0,,,,,,,,,,,,,,,,
754,1,DDP,Exp_Leche,Exp_Leche,,,2022,,,,,,1.0,,,,,,,,,,,,,,,,
754,1,DDP,Exp_Leche,Exp_Leche,,,2023,,,,,,1.0,,,,,,,,,,,,,,,,
754,1,DDP,Exp_Leche,Exp_Leche,,,2024,,,,,,1.0,,,,,,,,,,,,,,,,
754,1,DDP,Exp_Leche,Exp_Leche,,,2025,,,,,,1.0,,,,,,,,,,,,,,,,
754,1,DDP,Exp_Leche,Exp_Leche,,,2026,,,,,,1.0,,,,,,,,,,,,,,,,
754,1,DDP,Exp_Leche,Exp_Leche,,,2027,,,,,,1.0,,,,,,,,,,,,,,,,
754,1,DDP,Exp_Leche,Exp_Leche,,,2028,,,,,,1.0,,,,,,,,,,,,,,,,
754,1,DDP,Exp_Leche,Exp_Leche,,,2029,,,,,,1.0,,,,,,,,,,,,,,,,
754,1,DDP,Exp_Leche,Exp_Leche,,,2030,,,,,,1.0,,,,,,,,,,,,,,,,
754,1,DDP,Exp_Leche,Exp_Leche,,,2031,,,,,,1.0,,,,,,,,,,,,,,,,
754,1,DDP,Exp_Leche,Exp_Leche,,,2032,,,,,,1.0,,,,,,,,,,,,,,,,
754,1,DDP,Exp_Leche,Exp_Leche,,,2033,,,,,,1.0,,,,,,,,,,,,,,,,
754,1,DDP,Exp_Leche,Exp_Leche,,,2034,,,,,,1.0,,,,,,,,,,,,,,,,
754,1,DDP,Exp_Leche,Exp_Leche,,,2035,,,,,,1.0,,,,,,,,,,,,,,,,
754,1,DDP,Exp_Leche,Exp_Leche,,,2036,,,,,,1.0,,,,,,,,,,,,,,,,
754,1,DDP,Exp_Leche,Exp_Leche,,,2037,,,,,,1.0,,,,,,,,,,,,,,,,
754,1,DDP,Exp_Leche,Exp_Leche,,,2038,,,,,,1.0,,,,,,,,,,,,,,,,
754,1,DDP,Exp_Leche,Exp_Leche,,,2039,,,,,,1.0,,,,,,,,,,,,,,,,
754,1,DDP,Exp_Leche,Exp_Leche,,,2040,,,,,,1.0,,,,,,,,,,,,,,,,
754,1,DDP,Exp_Leche,Exp_Leche,,,2041,,,,,,1.0,,,,,,,,,,,,,,,,
754,1,DDP,Exp_Leche,Exp_Leche,,,2042,,,,,,1.0,,,,,,,,,,,,,,,,
754,1,DDP,Exp_Leche,Exp_Leche,,,2043,,,,,,1.0,,,,,,,,,,,,,,,,
754,1,DDP,Exp_Leche,Exp_Leche,,,2044,,,,,,1.0,,,,,,,,,,,,,,,,
754,1,DDP,Exp_Leche,Exp_Leche,,,2045,,,,,,1.0,,,,,,,,,,,,,,,,
754,1,DDP,Exp_Leche,Exp_Leche,,,2046,,,,,,1.0,,,,,,,,,,,,,,,,
754,1,DDP,Exp_Leche,Exp_Leche,,,2047,,,,,,1.0,,,,,,,,,,,,,,,,
754,1,DDP,Exp_Leche,Exp_Leche,,,2048,,,,,,1.0,,,,,,,,,,,,,,,,
754,1,DDP,Exp_Leche,Exp_Leche,,,2049,,,,,,1.0,,,,,,,,,,,,,,,,
754,1,DDP,Exp_Leche,Exp_Leche,,,2050,,,,,,1.0,,,,,,,,,,,,,,,,
754,1,DDP,Exp_Leche,Exp_Leche,,,2051,,,,,,1.0,,,,,,,,,,,,,,,,
754,1,DDP,Exp_Leche,Exp_Leche,,,2052,,,,,,1.0,,,,,,,,,,,,,,,,
754,1,DDP,Exp_Leche,Exp_Leche,,,2053,,,,,,1.0,,,,,,,,,,,,,,,,
754,1,DDP,Exp_Leche,Exp_Leche,,,2054,,,,,,1.0,,,,,,,,,,,,,,,,
754,1,DDP,Exp_Leche,Exp_Leche,,,2055,,,,,,1.0,,,,,,,,,,,,,,,,
754,1,DDP,Exp_Leche,Exp_Leche,,,2056,,,,,,1.0,,,,,,,,,,,,,,,,
754,1,DDP,Exp_Leche,Exp_Leche,,,2057,,,,,,1.0,,,,,,,,,,,,,,,,
754,1,DDP,Exp_Leche,Exp_Leche,,,2058,,,,,,1.0,,,,,,,,,,,,,,,,
754,1,DDP,Exp_Leche,Exp_Leche,,,2059,,,,,,1.0,,,,,,,,,,,,,,,,
754,1,DDP,Exp_Leche,Exp_Leche,,,2060,,,,,,1.0,,,,,,,,,,,,,,,,
754,1,DDP,Exp_Leche,Exp_Leche,,,2061,,,,,,1.0,,,,,,,,,,,,,,,,
754,1,DDP,Exp_Leche,Exp_Leche,,,2062,,,,,,1.0,,,,,,,,,,,,,,,,
754,1,DDP,Exp_Leche,Exp_Leche,,,2063,,,,,,1.0,,,,,,,,,,,,,,,,
754,1,DDP,Exp_Leche,Exp_Leche,,,2064,,,,,,1.0,,,,,,,,,,,,,,,,
754,1,DDP,Exp_Leche,Exp_Leche,,,2065,,,,,,1.0,,,,,,,,,,,,,,,,
754,1,DDP,Exp_Leche,Exp_Leche,,,2066,,,,,,1.0,,,,,,,,,,,,,,,,
754,1,DDP,Exp_Leche,Exp_Leche,,,2067,,,,,,1.0,,,,,,,,,,,,,,,,
754,1,DDP,Exp_Leche,Exp_Leche,,,2068,,,,,,1.0,,,,,,,,,,,,,,,,
754,1,DDP,Exp_Leche,Exp_Leche,,,2069,,,,,,1.0,,,,,,,,,,,,,,,,
754,1,DDP,Exp_Leche,Exp_Leche,,,2070,,,,,,1.0,,,,,,,,,,,,,,,,
754,1,DDP,Dem_Carne,Dem_Carne,,,2018,,,,,,1.0,,,,,,,,,,,,,,,,
754,1,DDP,Dem_Carne,Dem_Carne,,,2019,,,,,,1.0,,,,,,,,,,,,,,,,
754,1,DDP,Dem_Carne,Dem_Carne,,,2020,,,,,,1.0,,,,,,,,,,,,,,,,
754,1,DDP,Dem_Carne,Dem_Carne,,,2021,,,,,,1.0,,,,,,,,,,,,,,,,
754,1,DDP,Dem_Carne,Dem_Carne,,,2022,,,,,,1.0,,,,,,,,,,,,,,,,
754,1,DDP,Dem_Carne,Dem_Carne,,,2023,,,,,,1.0,,,,,,,,,,,,,,,,
754,1,DDP,Dem_Carne,Dem_Carne,,,2024,,,,,,1.0,,,,,,,,,,,,,,,,
754,1,DDP,Dem_Carne,Dem_Carne,,,2025,,,,,,1.0,,,,,,,,,,,,,,,,
754,1,DDP,Dem_Carne,Dem_Carne,,,2026,,,,,,1.0,,,,,,,,,,,,,,,,
754,1,DDP,Dem_Carne,Dem_Carne,,,2027,,,,,,1.0,,,,,,,,,,,,,,,,
754,1,DDP,Dem_Carne,Dem_Carne,,,2028,,,,,,1.0,,,,,,,,,,,,,,,,
754,1,DDP,Dem_Carne,Dem_Carne,,,2029,,,,,,1.0,,,,,,,,,,,,,,,,
754,1,DDP,Dem_Carne,Dem_Carne,,,2030,,,,,,1.0,,,,,,,,,,,,,,,,
754,1,DDP,Dem_Carne,Dem_Carne,,,2031,,,,,,1.0,,,,,,,,,,,,,,,,
754,1,DDP,Dem_Carne,Dem_Carne,,,2032,,,,,,1.0,,,,,,,,,,,,,,,,
754,1,DDP,Dem_Carne,Dem_Carne,,,2033,,,,,,1.0,,,,,,,,,,,,,,,,
754,1,DDP,Dem_Carne,Dem_Carne,,,2034,,,,,,1.0,,,,,,,,,,,,,,,,
754,1,DDP,Dem_Carne,Dem_Carne,,,2035,,,,,,1.0,,,,,,,,,,,,,,,,
754,1,DDP,Dem_Carne,Dem_Carne,,,2036,,,,,,1.0,,,,,,,,,,,,,,,,
754,1,DDP,Dem_Carne,Dem_Carne,,,2037,,,,,,1.0,,,,,,,,,,,,,,,,
754,1,DDP,Dem_Carne,Dem_Carne,,,2038,,,,,,1.0,,,,,,,,,,,,,,,,
754,1,DDP,Dem_Carne,Dem_Carne,,,2039,,,,,,1.0,,,,,,,,,,,,,,,,
754,1,DDP,Dem_Carne,Dem_Carne,,,2040,,,,,,1.0,,,,,,,,,,,,,,,,
754,1,DDP,Dem_Carne,Dem_Carne,,,2041,,,,,,1.0,,,,,,,,,,,,,,,,
754,1,DDP,Dem_Carne,Dem_Carne,,,2042,,,,,,1.0,,,,,,,,,,,,,,,,
754,1,DDP,Dem_Carne,Dem_Carne,,,2043,,,,,,1.0,,,,,,,,,,,,,,,,
754,1,DDP,Dem_Carne,Dem_Carne,,,2044,,,,,,1.0,,,,,,,,,,,,,,,,
754,1,DDP,Dem_Carne,Dem_Carne,,,2045,,,,,,1.0,,,,,,,,,,,,,,,,
754,1,DDP,Dem_Carne,Dem_Carne,,,2046,,,,,,1.0,,,,,,,,,,,,,,,,
754,1,DDP,Dem_Carne,Dem_Carne,,,2047,,,,,,1.0,,,,,,,,,,,,,,,,
754,1,DDP,Dem_Carne,Dem_Carne,,,2048,,,,,,1.0,,,,,,,,,,,,,,,,
754,1,DDP,Dem_Carne,Dem_Carne,,,2049,,,,,,1.0,,,,,,,,,,,,,,,,
754,1,DDP,Dem_Carne,Dem_Carne,,,2050,,,,,,1.0,,,,,,,,,,,,,,,,
754,1,DDP,Dem_Carne,Dem_Carne,,,2051,,,,,,1.0,,,,,,,,,,,,,,,,
754,1,DDP,Dem_Carne,Dem_Carne,,,2052,,,,,,1.0,,,,,,,,,,,,,,,,
754,1,DDP,Dem_Carne,Dem_Carne,,,2053,,,,,,1.0,,,,,,,,,,,,,,,,
754,1,DDP,Dem_Carne,Dem_Carne,,,2054,,,,,,1.0,,,,,,,,,,,,,,,,
754,1,DDP,Dem_Carne,Dem_Carne,,,2055,,,,,,1.0,,,,,,,,,,,,,,,,
754,1,DDP,Dem_Carne,Dem_Carne,,,2056,,,,,,1.0,,,,,,,,,,,,,,,,
754,1,DDP,Dem_Carne,Dem_Carne,,,2057,,,,,,1.0,,,,,,,,,,,,,,,,
754,1,DDP,Dem_Carne,Dem_Carne,,,2058,,,,,,1.0,,,,,,,,,,,,,,,,
754,1,DDP,Dem_Carne,Dem_Carne,,,2059,,,,,,1.0,,,,,,,,,,,,,,,,
754,1,DDP,Dem_Carne,Dem_Carne,,,2060,,,,,,1.0,,,,,,,,,,,,,,,,
754,1,DDP,Dem_Carne,Dem_Carne,,,2061,,,,,,1.0,,,,,,,,,,,,,,,,
754,1,DDP,Dem_Carne,Dem_Carne,,,2062,,,,,,1.0,,,,,,,,,,,,,,,,
754,1,DDP,Dem_Carne,Dem_Carne,,,2063,,,,,,1.0,,,,,,,,,,,,,,,,
754,1,DDP,Dem_Carne,Dem_Carne,,,2064,,,,,,1.0,,,,,,,,,,,,,,,,
754,1,DDP,Dem_Carne,Dem_Carne,,,2065,,,,,,1.0,,,,,,,,,,,,,,,,
754,1,DDP,Dem_Carne,Dem_Carne,,,2066,,,,,,1.0,,,,,,,,,,,,,,,,
754,1,DDP,Dem_Carne,Dem_Carne,,,2067,,,,,,1.0,,,,,,,,,,,,,,,,
754,1,DDP,Dem_Carne,Dem_Carne,,,2068,,,,,,1.0,,,,,,,,,,,,,,,,
754,1,DDP,Dem_Carne,Dem_Carne,,,2069,,,,,,1.0,,,,,,,,,,,,,,,,
754,1,DDP,Dem_Carne,Dem_Carne,,,2070,,,,,,1.0,,,,,,,,,,,,,,,,
754,1,DDP,Dem_Leche,Dem_Leche,,,2018,,,,,,1.0,,,,,,,,,,,,,,,,
754,1,DDP,Dem_Leche,Dem_Leche,,,2019,,,,,,1.0,,,,,,,,,,,,,,,,
754,1,DDP,Dem_Leche,Dem_Leche,,,2020,,,,,,1.0,,,,,,,,,,,,,,,,
754,1,DDP,Dem_Leche,Dem_Leche,,,2021,,,,,,1.0,,,,,,,,,,,,,,,,
754,1,DDP,Dem_Leche,Dem_Leche,,,2022,,,,,,1.0,,,,,,,,,,,,,,,,
754,1,DDP,Dem_Leche,Dem_Leche,,,2023,,,,,,1.0,,,,,,,,,,,,,,,,
754,1,DDP,Dem_Leche,Dem_Leche,,,2024,,,,,,1.0,,,,,,,,,,,,,,,,
754,1,DDP,Dem_Leche,Dem_Leche,,,2025,,,,,,1.0,,,,,,,,,,,,,,,,
754,1,DDP,Dem_Leche,Dem_Leche,,,2026,,,,,,1.0,,,,,,,,,,,,,,,,
754,1,DDP,Dem_Leche,Dem_Leche,,,2027,,,,,,1.0,,,,,,,,,,,,,,,,
754,1,DDP,Dem_Leche,Dem_Leche,,,2028,,,,,,1.0,,,,,,,,,,,,,,,,
754,1,DDP,Dem_Leche,Dem_Leche,,,2029,,,,,,1.0,,,,,,,,,,,,,,,,
754,1,DDP,Dem_Leche,Dem_Leche,,,2030,,,,,,1.0,,,,,,,,,,,,,,,,
754,1,DDP,Dem_Leche,Dem_Leche,,,2031,,,,,,1.0,,,,,,,,,,,,,,,,
754,1,DDP,Dem_Leche,Dem_Leche,,,2032,,,,,,1.0,,,,,,,,,,,,,,,,
754,1,DDP,Dem_Leche,Dem_Leche,,,2033,,,,,,1.0,,,,,,,,,,,,,,,,
754,1,DDP,Dem_Leche,Dem_Leche,,,2034,,,,,,1.0,,,,,,,,,,,,,,,,
754,1,DDP,Dem_Leche,Dem_Leche,,,2035,,,,,,1.0,,,,,,,,,,,,,,,,
754,1,DDP,Dem_Leche,Dem_Leche,,,2036,,,,,,1.0,,,,,,,,,,,,,,,,
754,1,DDP,Dem_Leche,Dem_Leche,,,2037,,,,,,1.0,,,,,,,,,,,,,,,,
754,1,DDP,Dem_Leche,Dem_Leche,,,2038,,,,,,1.0,,,,,,,,,,,,,,,,
754,1,DDP,Dem_Leche,Dem_Leche,,,2039,,,,,,1.0,,,,,,,,,,,,,,,,
754,1,DDP,Dem_Leche,Dem_Leche,,,2040,,,,,,1.0,,,,,,,,,,,,,,,,
754,1,DDP,Dem_Leche,Dem_Leche,,,2041,,,,,,1.0,,,,,,,,,,,,,,,,
754,1,DDP,Dem_Leche,Dem_Leche,,,2042,,,,,,1.0,,,,,,,,,,,,,,,,
754,1,DDP,Dem_Leche,Dem_Leche,,,2043,,,,,,1.0,,,,,,,,,,,,,,,,
754,1,DDP,Dem_Leche,Dem_Leche,,,2044,,,,,,1.0,,,,,,,,,,,,,,,,
754,1,DDP,Dem_Leche,Dem_Leche,,,2045,,,,,,1.0,,,,,,,,,,,,,,,,
754,1,DDP,Dem_Leche,Dem_Leche,,,2046,,,,,,1.0,,,,,,,,,,,,,,,,
754,1,DDP,Dem_Leche,Dem_Leche,,,2047,,,,,,1.0,,,,,,,,,,,,,,,,
754,1,DDP,Dem_Leche,Dem_Leche,,,2048,,,,,,1.0,,,,,,,,,,,,,,,,
754,1,DDP,Dem_Leche,Dem_Leche,,,2049,,,,,,1.0,,,,,,,,,,,,,,,,
754,1,DDP,Dem_Leche,Dem_Leche,,,2050,,,,,,1.0,,,,,,,,,,,,,,,,
754,1,DDP,Dem_Leche,Dem_Leche,,,2051,,,,,,1.0,,,,,,,,,,,,,,,,
754,1,DDP,Dem_Leche,Dem_Leche,,,2052,,,,,,1.0,,,,,,,,,,,,,,,,
754,1,DDP,Dem_Leche,Dem_Leche,,,2053,,,,,,1.0,,,,,,,,,,,,,,,,
754,1,DDP,Dem_Leche,Dem_Leche,,,2054,,,,,,1.0,,,,,,,,,,,,,,,,
754,1,DDP,Dem_Leche,Dem_Leche,,,2055,,,,,,1.0,,,,,,,,,,,,,,,,
754,1,DDP,Dem_Leche,Dem_Leche,,,2056,,,,,,1.0,,,,,,,,,,,,,,,,
754,1,DDP,Dem_Leche,Dem_Leche,,,2057,,,,,,1.0,,,,,,,,,,,,,,,,
754,1,DDP,Dem_Leche,Dem_Leche,,,2058,,,,,,1.0,,,,,,,,,,,,,,,,
754,1,DDP,Dem_Leche,Dem_Leche,,,2059,,,,,,1.0,,,,,,,,,,,,,,,,
754,1,DDP,Dem_Leche,Dem_Leche,,,2060,,,,,,1.0,,,,,,,,,,,,,,,,
754,1,DDP,Dem_Leche,Dem_Leche,,,2061,,,,,,1.0,,,,,,,,,,,,,,,,
754,1,DDP,Dem_Leche,Dem_Leche,,,2062,,,,,,1.0,,,,,,,,,,,,,,,,
754,1,DDP,Dem_Leche,Dem_Leche,,,2063,,,,,,1.0,,,,,,,,,,,,,,,,
754,1,DDP,Dem_Leche,Dem_Leche,,,2064,,,,,,1.0,,,,,,,,,,,,,,,,
754,1,DDP,Dem_Leche,Dem_Leche,,,2065,,,,,,1.0,,,,,,,,,,,,,,,,
754,1,DDP,Dem_Leche,Dem_Leche,,,2066,,,,,,1.0,,,,,,,,,,,,,,,,
754,1,DDP,Dem_Leche,Dem_Leche,,,2067,,,,,,1.0,,,,,,,,,,,,,,,,
754,1,DDP,Dem_Leche,Dem_Leche,,,2068,,,,,,1.0,,,,,,,,,,,,,,,,
754,1,DDP,Dem_Leche,Dem_Leche,,,2069,,,,,,1.0,,,,,,,,,,,,,,,,
754,1,DDP,Dem_Leche,Dem_Leche,,,2070,,,,,,1.0,,,,,,,,,,,,,,,,
754,1,DDP,area_restaurada,area_restaurada,,,2018,,,,,,1.0,,,,,,,,,,,,,,,,
754,1,DDP,area_restaurada,area_restaurada,,,2019,,,,,,1.0,,,,,,,,,,,,,,,,
754,1,DDP,area_restaurada,area_restaurada,,,2020,,,,,,1.0,,,,,,,,,,,,,,,,
754,1,DDP,area_restaurada,area_restaurada,,,2021,,,,,,1.0,,,,,,,,,,,,,,,,
754,1,DDP,area_restaurada,area_restaurada,,,2022,,,,,,1.0,,,,,,,,,,,,,,,,
754,1,DDP,area_restaurada,area_restaurada,,,2023,,,,,,1.0,,,,,,,,,,,,,,,,
754,1,DDP,area_restaurada,area_restaurada,,,2024,,,,,,1.0,,,,,,,,,,,,,,,,
754,1,DDP,area_restaurada,area_restaurada,,,2025,,,,,,1.0,,,,,,,,,,,,,,,,
754,1,DDP,area_restaurada,area_restaurada,,,2026,,,,,,1.0,,,,,,,,,,,,,,,,
754,1,DDP,area_restaurada,area_restaurada,,,2027,,,,,,1.0,,,,,,,,,,,,,,,,
754,1,DDP,area_restaurada,area_restaurada,,,2028,,,,,,1.0,,,,,,,,,,,,,,,,
754,1,DDP,area_restaurada,area_restaurada,,,2029,,,,,,1.0,,,,,,,,,,,,,,,,
754,1,DDP,area_restaurada,area_restaurada,,,2030,,,,,,1.0,,,,,,,,,,,,,,,,
754,1,DDP,area_restaurada,area_restaurada,,,2031,,,,,,1.0,,,,,,,,,,,,,,,,
754,1,DDP,area_restaurada,area_restaurada,,,2032,,,,,,1.0,,,,,,,,,,,,,,,,
754,1,DDP,area_restaurada,area_restaurada,,,2033,,,,,,1.0,,,,,,,,,,,,,,,,
754,1,DDP,area_restaurada,area_restaurada,,,2034,,,,,,1.0,,,,,,,,,,,,,,,,
754,1,DDP,area_restaurada,area_restaurada,,,2035,,,,,,1.0,,,,,,,,,,,,,,,,
754,1,DDP,area_restaurada,area_restaurada,,,2036,,,,,,1.0,,,,,,,,,,,,,,,,
754,1,DDP,area_restaurada,area_restaurada,,,2037,,,,,,1.0,,,,,,,,,,,,,,,,
754,1,DDP,area_restaurada,area_restaurada,,,2038,,,,,,1.0,,,,,,,,,,,,,,,,
754,1,DDP,area_restaurada,area_restaurada,,,2039,,,,,,1.0,,,,,,,,,,,,,,,,
754,1,DDP,area_restaurada,area_restaurada,,,2040,,,,,,1.0,,,,,,,,,,,,,,,,
754,1,DDP,area_restaurada,area_restaurada,,,2041,,,,,,1.0,,,,,,,,,,,,,,,,
754,1,DDP,area_restaurada,area_restaurada,,,2042,,,,,,1.0,,,,,,,,,,,,,,,,
754,1,DDP,area_restaurada,area_restaurada,,,2043,,,,,,1.0,,,,,,,,,,,,,,,,
754,1,DDP,area_restaurada,area_restaurada,,,2044,,,,,,1.0,,,,,,,,,,,,,,,,
754,1,DDP,area_restaurada,area_restaurada,,,2045,,,,,,1.0,,,,,,,,,,,,,,,,
754,1,DDP,area_restaurada,area_restaurada,,,2046,,,,,,1.0,,,,,,,,,,,,,,,,
754,1,DDP,area_restaurada,area_restaurada,,,2047,,,,,,1.0,,,,,,,,,,,,,,,,
754,1,DDP,area_restaurada,area_restaurada,,,2048,,,,,,1.0,,,,,,,,,,,,,,,,
754,1,DDP,area_restaurada,area_restaurada,,,2049,,,,,,1.0,,,,,,,,,,,,,,,,
754,1,DDP,area_restaurada,area_restaurada,,,2050,,,,,,1.0,,,,,,,,,,,,,,,,
754,1,DDP,area_restaurada,area_restaurada,,,2051,,,,,,1.0,,,,,,,,,,,,,,,,
754,1,DDP,area_restaurada,area_restaurada,,,2052,,,,,,1.0,,,,,,,,,,,,,,,,
754,1,DDP,area_restaurada,area_restaurada,,,2053,,,,,,1.0,,,,,,,,,,,,,,,,
754,1,DDP,area_restaurada,area_restaurada,,,2054,,,,,,1.0,,,,,,,,,,,,,,,,
754,1,DDP,area_restaurada,area_restaurada,,,2055,,,,,,1.0,,,,,,,,,,,,,,,,
754,1,DDP,area_restaurada,area_restaurada,,,2056,,,,,,1.0,,,,,,,,,,,,,,,,
754,1,DDP,area_restaurada,area_restaurada,,,2057,,,,,,1.0,,,,,,,,,,,,,,,,
754,1,DDP,area_restaurada,area_restaurada,,,2058,,,,,,1.0,,,,,,,,,,,,,,,,
754,1,DDP,area_restaurada,area_restaurada,,,2059,,,,,,1.0,,,,,,,,,,,,,,,,
754,1,DDP,area_restaurada,area_restaurada,,,2060,,,,,,1.0,,,,,,,,,,,,,,,,
754,1,DDP,area_restaurada,area_restaurada,,,2061,,,,,,1.0,,,,,,,,,,,,,,,,
754,1,DDP,area_restaurada,area_restaurada,,,2062,,,,,,1.0,,,,,,,,,,,,,,,,
754,1,DDP,area_restaurada,area_restaurada,,,2063,,,,,,1.0,,,,,,,,,,,,,,,,
754,1,DDP,area_restaurada,area_restaurada,,,2064,,,,,,1.0,,,,,,,,,,,,,,,,
754,1,DDP,area_restaurada,area_restaurada,,,2065,,,,,,1.0,,,,,,,,,,,,,,,,
754,1,DDP,area_restaurada,area_restaurada,,,2066,,,,,,1.0,,,,,,,,,,,,,,,,
754,1,DDP,area_restaurada,area_restaurada,,,2067,,,,,,1.0,,,,,,,,,,,,,,,,
754,1,DDP,area_restaurada,area_restaurada,,,2068,,,,,,1.0,,,,,,,,,,,,,,,,
754,1,DDP,area_restaurada,area_restaurada,,,2069,,,,,,1.0,,,,,,,,,,,,,,,,
754,1,DDP,area_restaurada,area_restaurada,,,2070,,,,,,1.0,,,,,,,,,,,,,,,,
754,1,DDP,,Ganaderia_importada,co2_ferm,,2018,,,,,,,2.7076236032045866,,,,,,,,,,,,,,,
754,1,DDP,,Ganaderia_importada,co2_ferm,,2019,,,,,,,3.173473006065824,,,,,,,,,,,,,,,
754,1,DDP,,Ganaderia_importada,co2_ferm,,2020,,,,,,,3.1477185471354687,,,,,,,,,,,,,,,
754,1,DDP,,Ganaderia_importada,co2_ferm,,2021,,,,,,,2.789855104848661,,,,,,,,,,,,,,,
754,1,DDP,,Ganaderia_importada,co2_ferm,,2022,,,,,,,2.789855104848661,,,,,,,,,,,,,,,
754,1,DDP,,Ganaderia_importada,co2_ferm,,2023,,,,,,,2.7452174231710824,,,,,,,,,,,,,,,
754,1,DDP,,Ganaderia_importada,co2_ferm,,2024,,,,,,,2.7228985823322933,,,,,,,,,,,,,,,
754,1,DDP,,Ganaderia_importada,co2_ferm,,2025,,,,,,,2.7005797414935038,,,,,,,,,,,,,,,
754,1,DDP,,Ganaderia_importada,co2_ferm,,2026,,,,,,,2.6782609006547147,,,,,,,,,,,,,,,
754,1,DDP,,Ganaderia_importada,co2_ferm,,2027,,,,,,,2.655942059815925,,,,,,,,,,,,,,,
754,1,DDP,,Ganaderia_importada,co2_ferm,,2028,,,,,,,2.633623218977136,,,,,,,,,,,,,,,
754,1,DDP,,Ganaderia_importada,co2_ferm,,2029,,,,,,,2.6113043781383465,,,,,,,,,,,,,,,
754,1,DDP,,Ganaderia_importada,co2_ferm,,2030,,,,,,,2.5889855372995574,,,,,,,,,,,,,,,
754,1,DDP,,Ganaderia_importada,co2_ferm,,2031,,,,,,,2.5666666964607683,,,,,,,,,,,,,,,
754,1,DDP,,Ganaderia_importada,co2_ferm,,2032,,,,,,,2.544347855621979,,,,,,,,,,,,,,,
754,1,DDP,,Ganaderia_importada,co2_ferm,,2033,,,,,,,2.5220290147831896,,,,,,,,,,,,,,,
754,1,DDP,,Ganaderia_importada,co2_ferm,,2034,,,,,,,2.4997101739444005,,,,,,,,,,,,,,,
754,1,DDP,,Ganaderia_importada,co2_ferm,,2035,,,,,,,2.477391333105611,,,,,,,,,,,,,,,
754,1,DDP,,Ganaderia_importada,co2_ferm,,2036,,,,,,,2.455072492266822,,,,,,,,,,,,,,,
754,1,DDP,,Ganaderia_importada,co2_ferm,,2037,,,,,,,2.4327536514280323,,,,,,,,,,,,,,,
754,1,DDP,,Ganaderia_importada,co2_ferm,,2038,,,,,,,2.4104348105892432,,,,,,,,,,,,,,,
754,1,DDP,,Ganaderia_importada,co2_ferm,,2039,,,,,,,2.3881159697504537,,,,,,,,,,,,,,,
754,1,DDP,,Ganaderia_importada,co2_ferm,,2040,,,,,,,2.3657971289116646,,,,,,,,,,,,,,,
754,1,DDP,,Ganaderia_importada,co2_ferm,,2041,,,,,,,2.343478288072875,,,,,,,,,,,,,,,
754,1,DDP,,Ganaderia_importada,co2_ferm,,2042,,,,,,,2.321159447234086,,,,,,,,,,,,,,,
754,1,DDP,,Ganaderia_importada,co2_ferm,,2043,,,,,,,2.2988406063952964,,,,,,,,,,,,,,,
754,1,DDP,,Ganaderia_importada,co2_ferm,,2044,,,,,,,2.2765217655565073,,,,,,,,,,,,,,,
754,1,DDP,,Ganaderia_importada,co2_ferm,,2045,,,,,,,2.2542029247177178,,,,,,,,,,,,,,,
754,1,DDP,,Ganaderia_importada,co2_ferm,,2046,,,,,,,2.2318840838789287,,,,,,,,,,,,,,,
754,1,DDP,,Ganaderia_importada,co2_ferm,,2047,,,,,,,2.2095652430401396,,,,,,,,,,,,,,,
754,1,DDP,,Ganaderia_importada,co2_ferm,,2048,,,,,,,2.18724640220135,,,,,,,,,,,,,,,
754,1,DDP,,Ganaderia_importada,co2_ferm,,2049,,,,,,,2.164927561362561,,,,,,,,,,,,,,,
754,1,DDP,,Ganaderia_importada,co2_ferm,,2050,,,,,,,2.1426087205237714,,,,,,,,,,,,,,,
754,1,DDP,,Ganaderia_importada,co2_ferm,,2051,,,,,,,2.1202898796849823,,,,,,,,,,,,,,,
754,1,DDP,,Ganaderia_importada,co2_ferm,,2052,,,,,,,2.0979710388461927,,,,,,,,,,,,,,,
754,1,DDP,,Ganaderia_importada,co2_ferm,,2053,,,,,,,2.0756521980074036,,,,,,,,,,,,,,,
754,1,DDP,,Ganaderia_importada,co2_ferm,,2054,,,,,,,2.053333357168614,,,,,,,,,,,,,,,
754,1,DDP,,Ganaderia_importada,co2_ferm,,2055,,,,,,,2.031014516329825,,,,,,,,,,,,,,,
754,1,DDP,,Ganaderia_importada,co2_ferm,,2056,,,,,,,2.0086956754910354,,,,,,,,,,,,,,,
754,1,DDP,,Ganaderia_importada,co2_ferm,,2057,,,,,,,1.9863768346522463,,,,,,,,,,,,,,,
754,1,DDP,,Ganaderia_importada,co2_ferm,,2058,,,,,,,1.964057993813457,,,,,,,,,,,,,,,
754,1,DDP,,Ganaderia_importada,co2_ferm,,2059,,,,,,,1.9417391529746677,,,,,,,,,,,,,,,
754,1,DDP,,Ganaderia_importada,co2_ferm,,2060,,,,,,,1.9194203121358784,,,,,,,,,,,,,,,
754,1,DDP,,Ganaderia_importada,co2_ferm,,2061,,,,,,,1.8971014712970893,,,,,,,,,,,,,,,
754,1,DDP,,Ganaderia_importada,co2_ferm,,2062,,,,,,,1.8747826304583,,,,,,,,,,,,,,,
754,1,DDP,,Ganaderia_importada,co2_ferm,,2063,,,,,,,1.8524637896195106,,,,,,,,,,,,,,,
754,1,DDP,,Ganaderia_importada,co2_ferm,,2064,,,,,,,1.8301449487807213,,,,,,,,,,,,,,,
754,1,DDP,,Ganaderia_importada,co2_ferm,,2065,,,,,,,1.8078261079419322,,,,,,,,,,,,,,,
754,1,DDP,,Ganaderia_importada,co2_ferm,,2066,,,,,,,1.7855072671031431,,,,,,,,,,,,,,,
754,1,DDP,,Ganaderia_importada,co2_ferm,,2067,,,,,,,1.7631884262643538,,,,,,,,,,,,,,,
754,1,DDP,,Ganaderia_importada,co2_ferm,,2068,,,,,,,1.740869585425565,,,,,,,,,,,,,,,
754,1,DDP,,Ganaderia_importada,co2_ferm,,2069,,,,,,,1.7185507445867756,,,,,,,,,,,,,,,
754,1,DDP,,Ganaderia_importada,co2_ferm,,2070,,,,,,,1.6962319037479863,,,,,,,,,,,,,,,
754,1,DDP,,Ganaderia_importada,co2_estiercol,,2018,,,,,,,0.036805713380829,,,,,,,,,,,,,,,
754,1,DDP,,Ganaderia_importada,co2_estiercol,,2019,,,,,,,0.0429599904285507,,,,,,,,,,,,,,,
754,1,DDP,,Ganaderia_importada,co2_estiercol,,2020,,,,,,,0.0426735192661686,,,,,,,,,,,,,,,
754,1,DDP,,Ganaderia_importada,co2_estiercol,,2021,,,,,,,0.0379051560861352,,,,,,,,,,,,,,,
754,1,DDP,,Ganaderia_importada,co2_estiercol,,2022,,,,,,,0.0379051560861352,,,,,,,,,,,,,,,
754,1,DDP,,Ganaderia_importada,co2_estiercol,,2023,,,,,,,0.037298673588757,,,,,,,,,,,,,,,
754,1,DDP,,Ganaderia_importada,co2_estiercol,,2024,,,,,,,0.0369954323400679,,,,,,,,,,,,,,,
754,1,DDP,,Ganaderia_importada,co2_estiercol,,2025,,,,,,,0.0366921910913789,,,,,,,,,,,,,,,
754,1,DDP,,Ganaderia_importada,co2_estiercol,,2026,,,,,,,0.0363889498426898,,,,,,,,,,,,,,,
754,1,DDP,,Ganaderia_importada,co2_estiercol,,2027,,,,,,,0.0360857085940007,,,,,,,,,,,,,,,
754,1,DDP,,Ganaderia_importada,co2_estiercol,,2028,,,,,,,0.0357824673453116,,,,,,,,,,,,,,,
754,1,DDP,,Ganaderia_importada,co2_estiercol,,2029,,,,,,,0.0354792260966225,,,,,,,,,,,,,,,
754,1,DDP,,Ganaderia_importada,co2_estiercol,,2030,,,,,,,0.0351759848479335,,,,,,,,,,,,,,,
754,1,DDP,,Ganaderia_importada,co2_estiercol,,2031,,,,,,,0.0348727435992444,,,,,,,,,,,,,,,
754,1,DDP,,Ganaderia_importada,co2_estiercol,,2032,,,,,,,0.0345695023505553,,,,,,,,,,,,,,,
754,1,DDP,,Ganaderia_importada,co2_estiercol,,2033,,,,,,,0.0342662611018662,,,,,,,,,,,,,,,
754,1,DDP,,Ganaderia_importada,co2_estiercol,,2034,,,,,,,0.0339630198531771,,,,,,,,,,,,,,,
754,1,DDP,,Ganaderia_importada,co2_estiercol,,2035,,,,,,,0.0336597786044881,,,,,,,,,,,,,,,
754,1,DDP,,Ganaderia_importada,co2_estiercol,,2036,,,,,,,0.033356537355799,,,,,,,,,,,,,,,
754,1,DDP,,Ganaderia_importada,co2_estiercol,,2037,,,,,,,0.0330532961071099,,,,,,,,,,,,,,,
754,1,DDP,,Ganaderia_importada,co2_estiercol,,2038,,,,,,,0.0327500548584208,,,,,,,,,,,,,,,
754,1,DDP,,Ganaderia_importada,co2_estiercol,,2039,,,,,,,0.0324468136097317,,,,,,,,,,,,,,,
754,1,DDP,,Ganaderia_importada,co2_estiercol,,2040,,,,,,,0.0321435723610426,,,,,,,,,,,,,,,
754,1,DDP,,Ganaderia_importada,co2_estiercol,,2041,,,,,,,0.0318403311123536,,,,,,,,,,,,,,,
754,1,DDP,,Ganaderia_importada,co2_estiercol,,2042,,,,,,,0.0315370898636645,,,,,,,,,,,,,,,
754,1,DDP,,Ganaderia_importada,co2_estiercol,,2043,,,,,,,0.0312338486149754,,,,,,,,,,,,,,,
754,1,DDP,,Ganaderia_importada,co2_estiercol,,2044,,,,,,,0.0309306073662863,,,,,,,,,,,,,,,
754,1,DDP,,Ganaderia_importada,co2_estiercol,,2045,,,,,,,0.0306273661175972,,,,,,,,,,,,,,,
754,1,DDP,,Ganaderia_importada,co2_estiercol,,2046,,,,,,,0.0303241248689082,,,,,,,,,,,,,,,
754,1,DDP,,Ganaderia_importada,co2_estiercol,,2047,,,,,,,0.0300208836202191,,,,,,,,,,,,,,,
754,1,DDP,,Ganaderia_importada,co2_estiercol,,2048,,,,,,,0.02971764237153,,,,,,,,,,,,,,,
754,1,DDP,,Ganaderia_importada,co2_estiercol,,2049,,,,,,,0.0294144011228409,,,,,,,,,,,,,,,
754,1,DDP,,Ganaderia_importada,co2_estiercol,,2050,,,,,,,0.0291111598741518,,,,,,,,,,,,,,,
754,1,DDP,,Ganaderia_importada,co2_estiercol,,2051,,,,,,,0.0288079186254627,,,,,,,,,,,,,,,
754,1,DDP,,Ganaderia_importada,co2_estiercol,,2052,,,,,,,0.0285046773767737,,,,,,,,,,,,,,,
754,1,DDP,,Ganaderia_importada,co2_estiercol,,2053,,,,,,,0.0282014361280846,,,,,,,,,,,,,,,
754,1,DDP,,Ganaderia_importada,co2_estiercol,,2054,,,,,,,0.0278981948793955,,,,,,,,,,,,,,,
754,1,DDP,,Ganaderia_importada,co2_estiercol,,2055,,,,,,,0.0275949536307064,,,,,,,,,,,,,,,
754,1,DDP,,Ganaderia_importada,co2_estiercol,,2056,,,,,,,0.0272917123820173,,,,,,,,,,,,,,,
754,1,DDP,,Ganaderia_importada,co2_estiercol,,2057,,,,,,,0.0269884711333283,,,,,,,,,,,,,,,
754,1,DDP,,Ganaderia_importada,co2_estiercol,,2058,,,,,,,0.0266852298846392,,,,,,,,,,,,,,,
754,1,DDP,,Ganaderia_importada,co2_estiercol,,2059,,,,,,,0.0263819886359501,,,,,,,,,,,,,,,
754,1,DDP,,Ganaderia_importada,co2_estiercol,,2060,,,,,,,0.026078747387261,,,,,,,,,,,,,,,
754,1,DDP,,Ganaderia_importada,co2_estiercol,,2061,,,,,,,0.0257755061385719,,,,,,,,,,,,,,,
754,1,DDP,,Ganaderia_importada,co2_estiercol,,2062,,,,,,,0.0254722648898828,,,,,,,,,,,,,,,
754,1,DDP,,Ganaderia_importada,co2_estiercol,,2063,,,,,,,0.0251690236411938,,,,,,,,,,,,,,,
754,1,DDP,,Ganaderia_importada,co2_estiercol,,2064,,,,,,,0.0248657823925047,,,,,,,,,,,,,,,
754,1,DDP,,Ganaderia_importada,co2_estiercol,,2065,,,,,,,0.0245625411438156,,,,,,,,,,,,,,,
754,1,DDP,,Ganaderia_importada,co2_estiercol,,2066,,,,,,,0.0242592998951265,,,,,,,,,,,,,,,
754,1,DDP,,Ganaderia_importada,co2_estiercol,,2067,,,,,,,0.0239560586464374,,,,,,,,,,,,,,,
754,1,DDP,,Ganaderia_importada,co2_estiercol,,2068,,,,,,,0.0236528173977484,,,,,,,,,,,,,,,
754,1,DDP,,Ganaderia_importada,co2_estiercol,,2069,,,,,,,0.0233495761490593,,,,,,,,,,,,,,,
754,1,DDP,,Ganaderia_importada,co2_estiercol,,2070,,,,,,,0.0230463349003702,,,,,,,,,,,,,,,
754,1,DDP,,Ganaderia_criolla,co2_ferm,,2018,,,,,,,2.7076236032045866,,,,,,,,,,,,,,,
754,1,DDP,,Ganaderia_criolla,co2_ferm,,2019,,,,,,,3.173473006065824,,,,,,,,,,,,,,,
754,1,DDP,,Ganaderia_criolla,co2_ferm,,2020,,,,,,,3.1477185471354687,,,,,,,,,,,,,,,
754,1,DDP,,Ganaderia_criolla,co2_ferm,,2021,,,,,,,2.789855104848661,,,,,,,,,,,,,,,
754,1,DDP,,Ganaderia_criolla,co2_ferm,,2022,,,,,,,2.789855104848661,,,,,,,,,,,,,,,
754,1,DDP,,Ganaderia_criolla,co2_ferm,,2023,,,,,,,2.7452174231710824,,,,,,,,,,,,,,,
754,1,DDP,,Ganaderia_criolla,co2_ferm,,2024,,,,,,,2.7228985823322933,,,,,,,,,,,,,,,
754,1,DDP,,Ganaderia_criolla,co2_ferm,,2025,,,,,,,2.7005797414935038,,,,,,,,,,,,,,,
754,1,DDP,,Ganaderia_criolla,co2_ferm,,2026,,,,,,,2.6782609006547147,,,,,,,,,,,,,,,
754,1,DDP,,Ganaderia_criolla,co2_ferm,,2027,,,,,,,2.655942059815925,,,,,,,,,,,,,,,
754,1,DDP,,Ganaderia_criolla,co2_ferm,,2028,,,,,,,2.633623218977136,,,,,,,,,,,,,,,
754,1,DDP,,Ganaderia_criolla,co2_ferm,,2029,,,,,,,2.6113043781383465,,,,,,,,,,,,,,,
754,1,DDP,,Ganaderia_criolla,co2_ferm,,2030,,,,,,,2.5889855372995574,,,,,,,,,,,,,,,
754,1,DDP,,Ganaderia_criolla,co2_ferm,,2031,,,,,,,2.5666666964607683,,,,,,,,,,,,,,,
754,1,DDP,,Ganaderia_criolla,co2_ferm,,2032,,,,,,,2.544347855621979,,,,,,,,,,,,,,,
754,1,DDP,,Ganaderia_criolla,co2_ferm,,2033,,,,,,,2.5220290147831896,,,,,,,,,,,,,,,
754,1,DDP,,Ganaderia_criolla,co2_ferm,,2034,,,,,,,2.4997101739444005,,,,,,,,,,,,,,,
754,1,DDP,,Ganaderia_criolla,co2_ferm,,2035,,,,,,,2.477391333105611,,,,,,,,,,,,,,,
754,1,DDP,,Ganaderia_criolla,co2_ferm,,2036,,,,,,,2.455072492266822,,,,,,,,,,,,,,,
754,1,DDP,,Ganaderia_criolla,co2_ferm,,2037,,,,,,,2.4327536514280323,,,,,,,,,,,,,,,
754,1,DDP,,Ganaderia_criolla,co2_ferm,,2038,,,,,,,2.4104348105892432,,,,,,,,,,,,,,,
754,1,DDP,,Ganaderia_criolla,co2_ferm,,2039,,,,,,,2.3881159697504537,,,,,,,,,,,,,,,
754,1,DDP,,Ganaderia_criolla,co2_ferm,,2040,,,,,,,2.3657971289116646,,,,,,,,,,,,,,,
754,1,DDP,,Ganaderia_criolla,co2_ferm,,2041,,,,,,,2.343478288072875,,,,,,,,,,,,,,,
754,1,DDP,,Ganaderia_criolla,co2_ferm,,2042,,,,,,,2.321159447234086,,,,,,,,,,,,,,,
754,1,DDP,,Ganaderia_criolla,co2_ferm,,2043,,,,,,,2.2988406063952964,,,,,,,,,,,,,,,
754,1,DDP,,Ganaderia_criolla,co2_ferm,,2044,,,,,,,2.2765217655565073,,,,,,,,,,,,,,,
754,1,DDP,,Ganaderia_criolla,co2_ferm,,2045,,,,,,,2.2542029247177178,,,,,,,,,,,,,,,
754,1,DDP,,Ganaderia_criolla,co2_ferm,,2046,,,,,,,2.2318840838789287,,,,,,,,,,,,,,,
754,1,DDP,,Ganaderia_criolla,co2_ferm,,2047,,,,,,,2.2095652430401396,,,,,,,,,,,,,,,
754,1,DDP,,Ganaderia_criolla,co2_ferm,,2048,,,,,,,2.18724640220135,,,,,,,,,,,,,,,
754,1,DDP,,Ganaderia_criolla,co2_ferm,,2049,,,,,,,2.164927561362561,,,,,,,,,,,,,,,
754,1,DDP,,Ganaderia_criolla,co2_ferm,,2050,,,,,,,2.1426087205237714,,,,,,,,,,,,,,,
754,1,DDP,,Ganaderia_criolla,co2_ferm,,2051,,,,,,,2.1202898796849823,,,,,,,,,,,,,,,
754,1,DDP,,Ganaderia_criolla,co2_ferm,,2052,,,,,,,2.0979710388461927,,,,,,,,,,,,,,,
754,1,DDP,,Ganaderia_criolla,co2_ferm,,2053,,,,,,,2.0756521980074036,,,,,,,,,,,,,,,
754,1,DDP,,Ganaderia_criolla,co2_ferm,,2054,,,,,,,2.053333357168614,,,,,,,,,,,,,,,
754,1,DDP,,Ganaderia_criolla,co2_ferm,,2055,,,,,,,2.031014516329825,,,,,,,,,,,,,,,
754,1,DDP,,Ganaderia_criolla,co2_ferm,,2056,,,,,,,2.0086956754910354,,,,,,,,,,,,,,,
754,1,DDP,,Ganaderia_criolla,co2_ferm,,2057,,,,,,,1.9863768346522463,,,,,,,,,,,,,,,
754,1,DDP,,Ganaderia_criolla,co2_ferm,,2058,,,,,,,1.964057993813457,,,,,,,,,,,,,,,
754,1,DDP,,Ganaderia_criolla,co2_ferm,,2059,,,,,,,1.9417391529746677,,,,,,,,,,,,,,,
754,1,DDP,,Ganaderia_criolla,co2_ferm,,2060,,,,,,,1.9194203121358784,,,,,,,,,,,,,,,
754,1,DDP,,Ganaderia_criolla,co2_ferm,,2061,,,,,,,1.8971014712970893,,,,,,,,,,,,,,,
754,1,DDP,,Ganaderia_criolla,co2_ferm,,2062,,,,,,,1.8747826304583,,,,,,,,,,,,,,,
754,1,DDP,,Ganaderia_criolla,co2_ferm,,2063,,,,,,,1.8524637896195106,,,,,,,,,,,,,,,
754,1,DDP,,Ganaderia_criolla,co2_ferm,,2064,,,,,,,1.8301449487807213,,,,,,,,,,,,,,,
754,1,DDP,,Ganaderia_criolla,co2_ferm,,2065,,,,,,,1.8078261079419322,,,,,,,,,,,,,,,
754,1,DDP,,Ganaderia_criolla,co2_ferm,,2066,,,,,,,1.7855072671031431,,,,,,,,,,,,,,,
754,1,DDP,,Ganaderia_criolla,co2_ferm,,2067,,,,,,,1.7631884262643538,,,,,,,,,,,,,,,
754,1,DDP,,Ganaderia_criolla,co2_ferm,,2068,,,,,,,1.740869585425565,,,,,,,,,,,,,,,
754,1,DDP,,Ganaderia_criolla,co2_ferm,,2069,,,,,,,1.7185507445867756,,,,,,,,,,,,,,,
754,1,DDP,,Ganaderia_criolla,co2_ferm,,2070,,,,,,,1.6962319037479863,,,,,,,,,,,,,,,
754,1,DDP,,Ganaderia_criolla,co2_estiercol,,2018,,,,,,,0.036805713380829,,,,,,,,,,,,,,,
754,1,DDP,,Ganaderia_criolla,co2_estiercol,,2019,,,,,,,0.0429599904285507,,,,,,,,,,,,,,,
754,1,DDP,,Ganaderia_criolla,co2_estiercol,,2020,,,,,,,0.0426735192661686,,,,,,,,,,,,,,,
754,1,DDP,,Ganaderia_criolla,co2_estiercol,,2021,,,,,,,0.0379051560861352,,,,,,,,,,,,,,,
754,1,DDP,,Ganaderia_criolla,co2_estiercol,,2022,,,,,,,0.0379051560861352,,,,,,,,,,,,,,,
754,1,DDP,,Ganaderia_criolla,co2_estiercol,,2023,,,,,,,0.037298673588757,,,,,,,,,,,,,,,
754,1,DDP,,Ganaderia_criolla,co2_estiercol,,2024,,,,,,,0.0369954323400679,,,,,,,,,,,,,,,
754,1,DDP,,Ganaderia_criolla,co2_estiercol,,2025,,,,,,,0.0366921910913789,,,,,,,,,,,,,,,
754,1,DDP,,Ganaderia_criolla,co2_estiercol,,2026,,,,,,,0.0363889498426898,,,,,,,,,,,,,,,
754,1,DDP,,Ganaderia_criolla,co2_estiercol,,2027,,,,,,,0.0360857085940007,,,,,,,,,,,,,,,
754,1,DDP,,Ganaderia_criolla,co2_estiercol,,2028,,,,,,,0.0357824673453116,,,,,,,,,,,,,,,
754,1,DDP,,Ganaderia_criolla,co2_estiercol,,2029,,,,,,,0.0354792260966225,,,,,,,,,,,,,,,
754,1,DDP,,Ganaderia_criolla,co2_estiercol,,2030,,,,,,,0.0351759848479335,,,,,,,,,,,,,,,
754,1,DDP,,Ganaderia_criolla,co2_estiercol,,2031,,,,,,,0.0348727435992444,,,,,,,,,,,,,,,
754,1,DDP,,Ganaderia_criolla,co2_estiercol,,2032,,,,,,,0.0345695023505553,,,,,,,,,,,,,,,
754,1,DDP,,Ganaderia_criolla,co2_estiercol,,2033,,,,,,,0.0342662611018662,,,,,,,,,,,,,,,
754,1,DDP,,Ganaderia_criolla,co2_estiercol,,2034,,,,,,,0.0339630198531771,,,,,,,,,,,,,,,
754,1,DDP,,Ganaderia_criolla,co2_estiercol,,2035,,,,,,,0.0336597786044881,,,,,,,,,,,,,,,
754,1,DDP,,Ganaderia_criolla,co2_estiercol,,2036,,,,,,,0.033356537355799,,,,,,,,,,,,,,,
754,1,DDP,,Ganaderia_criolla,co2_estiercol,,2037,,,,,,,0.0330532961071099,,,,,,,,,,,,,,,
754,1,DDP,,Ganaderia_criolla,co2_estiercol,,2038,,,,,,,0.0327500548584208,,,,,,,,,,,,,,,
754,1,DDP,,Ganaderia_criolla,co2_estiercol,,2039,,,,,,,0.0324468136097317,,,,,,,,,,,,,,,
754,1,DDP,,Ganaderia_criolla,co2_estiercol,,2040,,,,,,,0.0321435723610426,,,,,,,,,,,,,,,
754,1,DDP,,Ganaderia_criolla,co2_estiercol,,2041,,,,,,,0.0318403311123536,,,,,,,,,,,,,,,
754,1,DDP,,Ganaderia_criolla,co2_estiercol,,2042,,,,,,,0.0315370898636645,,,,,,,,,,,,,,,
754,1,DDP,,Ganaderia_criolla,co2_estiercol,,2043,,,,,,,0.0312338486149754,,,,,,,,,,,,,,,
754,1,DDP,,Ganaderia_criolla,co2_estiercol,,2044,,,,,,,0.0309306073662863,,,,,,,,,,,,,,,
754,1,DDP,,Ganaderia_criolla,co2_estiercol,,2045,,,,,,,0.0306273661175972,,,,,,,,,,,,,,,
754,1,DDP,,Ganaderia_criolla,co2_estiercol,,2046,,,,,,,0.0303241248689082,,,,,,,,,,,,,,,
754,1,DDP,,Ganaderia_criolla,co2_estiercol,,2047,,,,,,,0.0300208836202191,,,,,,,,,,,,,,,
754,1,DDP,,Ganaderia_criolla,co2_estiercol,,2048,,,,,,,0.02971764237153,,,,,,,,,,,,,,,
754,1,DDP,,Ganaderia_criolla,co2_estiercol,,2049,,,,,,,0.0294144011228409,,,,,,,,,,,,,,,
754,1,DDP,,Ganaderia_criolla,co2_estiercol,,2050,,,,,,,0.0291111598741518,,,,,,,,,,,,,,,
754,1,DDP,,Ganaderia_criolla,co2_estiercol,,2051,,,,,,,0.0288079186254627,,,,,,,,,,,,,,,
754,1,DDP,,Ganaderia_criolla,co2_estiercol,,2052,,,,,,,0.0285046773767737,,,,,,,,,,,,,,,
754,1,DDP,,Ganaderia_criolla,co2_estiercol,,2053,,,,,,,0.0282014361280846,,,,,,,,,,,,,,,
754,1,DDP,,Ganaderia_criolla,co2_estiercol,,2054,,,,,,,0.0278981948793955,,,,,,,,,,,,,,,
754,1,DDP,,Ganaderia_criolla,co2_estiercol,,2055,,,,,,,0.0275949536307064,,,,,,,,,,,,,,,
754,1,DDP,,Ganaderia_criolla,co2_estiercol,,2056,,,,,,,0.0272917123820173,,,,,,,,,,,,,,,
754,1,DDP,,Ganaderia_criolla,co2_estiercol,,2057,,,,,,,0.0269884711333283,,,,,,,,,,,,,,,
754,1,DDP,,Ganaderia_criolla,co2_estiercol,,2058,,,,,,,0.0266852298846392,,,,,,,,,,,,,,,
754,1,DDP,,Ganaderia_criolla,co2_estiercol,,2059,,,,,,,0.0263819886359501,,,,,,,,,,,,,,,
754,1,DDP,,Ganaderia_criolla,co2_estiercol,,2060,,,,,,,0.026078747387261,,,,,,,,,,,,,,,
754,1,DDP,,Ganaderia_criolla,co2_estiercol,,2061,,,,,,,0.0257755061385719,,,,,,,,,,,,,,,
754,1,DDP,,Ganaderia_criolla,co2_estiercol,,2062,,,,,,,0.0254722648898828,,,,,,,,,,,,,,,
754,1,DDP,,Ganaderia_criolla,co2_estiercol,,2063,,,,,,,0.0251690236411938,,,,,,,,,,,,,,,
754,1,DDP,,Ganaderia_criolla,co2_estiercol,,2064,,,,,,,0.0248657823925047,,,,,,,,,,,,,,,
754,1,DDP,,Ganaderia_criolla,co2_estiercol,,2065,,,,,,,0.0245625411438156,,,,,,,,,,,,,,,
754,1,DDP,,Ganaderia_criolla,co2_estiercol,,2066,,,,,,,0.0242592998951265,,,,,,,,,,,,,,,
754,1,DDP,,Ganaderia_criolla,co2_estiercol,,2067,,,,,,,0.0239560586464374,,,,,,,,,,,,,,,
754,1,DDP,,Ganaderia_criolla,co2_estiercol,,2068,,,,,,,0.0236528173977484,,,,,,,,,,,,,,,
754,1,DDP,,Ganaderia_criolla,co2_estiercol,,2069,,,,,,,0.0233495761490593,,,,,,,,,,,,,,,
754,1,DDP,,Ganaderia_criolla,co2_estiercol,,2070,,,,,,,0.0230463349003702,,,,,,,,,,,,,,,
754,1,DDP,,Ganaderia_mestiza,co2_ferm,,2018,,,,,,,2.7076236032045866,,,,,,,,,,,,,,,
754,1,DDP,,Ganaderia_mestiza,co2_ferm,,2019,,,,,,,3.173473006065824,,,,,,,,,,,,,,,
754,1,DDP,,Ganaderia_mestiza,co2_ferm,,2020,,,,,,,3.1477185471354687,,,,,,,,,,,,,,,
754,1,DDP,,Ganaderia_mestiza,co2_ferm,,2021,,,,,,,2.789855104848661,,,,,,,,,,,,,,,
754,1,DDP,,Ganaderia_mestiza,co2_ferm,,2022,,,,,,,2.789855104848661,,,,,,,,,,,,,,,
754,1,DDP,,Ganaderia_mestiza,co2_ferm,,2023,,,,,,,2.7452174231710824,,,,,,,,,,,,,,,
754,1,DDP,,Ganaderia_mestiza,co2_ferm,,2024,,,,,,,2.7228985823322933,,,,,,,,,,,,,,,
754,1,DDP,,Ganaderia_mestiza,co2_ferm,,2025,,,,,,,2.7005797414935038,,,,,,,,,,,,,,,
754,1,DDP,,Ganaderia_mestiza,co2_ferm,,2026,,,,,,,2.6782609006547147,,,,,,,,,,,,,,,
754,1,DDP,,Ganaderia_mestiza,co2_ferm,,2027,,,,,,,2.655942059815925,,,,,,,,,,,,,,,
754,1,DDP,,Ganaderia_mestiza,co2_ferm,,2028,,,,,,,2.633623218977136,,,,,,,,,,,,,,,
754,1,DDP,,Ganaderia_mestiza,co2_ferm,,2029,,,,,,,2.6113043781383465,,,,,,,,,,,,,,,
754,1,DDP,,Ganaderia_mestiza,co2_ferm,,2030,,,,,,,2.5889855372995574,,,,,,,,,,,,,,,
754,1,DDP,,Ganaderia_mestiza,co2_ferm,,2031,,,,,,,2.5666666964607683,,,,,,,,,,,,,,,
754,1,DDP,,Ganaderia_mestiza,co2_ferm,,2032,,,,,,,2.544347855621979,,,,,,,,,,,,,,,
754,1,DDP,,Ganaderia_mestiza,co2_ferm,,2033,,,,,,,2.5220290147831896,,,,,,,,,,,,,,,
754,1,DDP,,Ganaderia_mestiza,co2_ferm,,2034,,,,,,,2.4997101739444005,,,,,,,,,,,,,,,
754,1,DDP,,Ganaderia_mestiza,co2_ferm,,2035,,,,,,,2.477391333105611,,,,,,,,,,,,,,,
754,1,DDP,,Ganaderia_mestiza,co2_ferm,,2036,,,,,,,2.455072492266822,,,,,,,,,,,,,,,
754,1,DDP,,Ganaderia_mestiza,co2_ferm,,2037,,,,,,,2.4327536514280323,,,,,,,,,,,,,,,
754,1,DDP,,Ganaderia_mestiza,co2_ferm,,2038,,,,,,,2.4104348105892432,,,,,,,,,,,,,,,
754,1,DDP,,Ganaderia_mestiza,co2_ferm,,2039,,,,,,,2.3881159697504537,,,,,,,,,,,,,,,
754,1,DDP,,Ganaderia_mestiza,co2_ferm,,2040,,,,,,,2.3657971289116646,,,,,,,,,,,,,,,
754,1,DDP,,Ganaderia_mestiza,co2_ferm,,2041,,,,,,,2.343478288072875,,,,,,,,,,,,,,,
754,1,DDP,,Ganaderia_mestiza,co2_ferm,,2042,,,,,,,2.321159447234086,,,,,,,,,,,,,,,
754,1,DDP,,Ganaderia_mestiza,co2_ferm,,2043,,,,,,,2.2988406063952964,,,,,,,,,,,,,,,
754,1,DDP,,Ganaderia_mestiza,co2_ferm,,2044,,,,,,,2.2765217655565073,,,,,,,,,,,,,,,
754,1,DDP,,Ganaderia_mestiza,co2_ferm,,2045,,,,,,,2.2542029247177178,,,,,,,,,,,,,,,
754,1,DDP,,Ganaderia_mestiza,co2_ferm,,2046,,,,,,,2.2318840838789287,,,,,,,,,,,,,,,
754,1,DDP,,Ganaderia_mestiza,co2_ferm,,2047,,,,,,,2.2095652430401396,,,,,,,,,,,,,,,
754,1,DDP,,Ganaderia_mestiza,co2_ferm,,2048,,,,,,,2.18724640220135,,,,,,,,,,,,,,,
754,1,DDP,,Ganaderia_mestiza,co2_ferm,,2049,,,,,,,2.164927561362561,,,,,,,,,,,,,,,
754,1,DDP,,Ganaderia_mestiza,co2_ferm,,2050,,,,,,,2.1426087205237714,,,,,,,,,,,,,,,
754,1,DDP,,Ganaderia_mestiza,co2_ferm,,2051,,,,,,,2.1202898796849823,,,,,,,,,,,,,,,
754,1,DDP,,Ganaderia_mestiza,co2_ferm,,2052,,,,,,,2.0979710388461927,,,,,,,,,,,,,,,
754,1,DDP,,Ganaderia_mestiza,co2_ferm,,2053,,,,,,,2.0756521980074036,,,,,,,,,,,,,,,
754,1,DDP,,Ganaderia_mestiza,co2_ferm,,2054,,,,,,,2.053333357168614,,,,,,,,,,,,,,,
754,1,DDP,,Ganaderia_mestiza,co2_ferm,,2055,,,,,,,2.031014516329825,,,,,,,,,,,,,,,
754,1,DDP,,Ganaderia_mestiza,co2_ferm,,2056,,,,,,,2.0086956754910354,,,,,,,,,,,,,,,
754,1,DDP,,Ganaderia_mestiza,co2_ferm,,2057,,,,,,,1.9863768346522463,,,,,,,,,,,,,,,
754,1,DDP,,Ganaderia_mestiza,co2_ferm,,2058,,,,,,,1.964057993813457,,,,,,,,,,,,,,,
754,1,DDP,,Ganaderia_mestiza,co2_ferm,,2059,,,,,,,1.9417391529746677,,,,,,,,,,,,,,,
754,1,DDP,,Ganaderia_mestiza,co2_ferm,,2060,,,,,,,1.9194203121358784,,,,,,,,,,,,,,,
754,1,DDP,,Ganaderia_mestiza,co2_ferm,,2061,,,,,,,1.8971014712970893,,,,,,,,,,,,,,,
754,1,DDP,,Ganaderia_mestiza,co2_ferm,,2062,,,,,,,1.8747826304583,,,,,,,,,,,,,,,
754,1,DDP,,Ganaderia_mestiza,co2_ferm,,2063,,,,,,,1.8524637896195106,,,,,,,,,,,,,,,
754,1,DDP,,Ganaderia_mestiza,co2_ferm,,2064,,,,,,,1.8301449487807213,,,,,,,,,,,,,,,
754,1,DDP,,Ganaderia_mestiza,co2_ferm,,2065,,,,,,,1.8078261079419322,,,,,,,,,,,,,,,
754,1,DDP,,Ganaderia_mestiza,co2_ferm,,2066,,,,,,,1.7855072671031431,,,,,,,,,,,,,,,
754,1,DDP,,Ganaderia_mestiza,co2_ferm,,2067,,,,,,,1.7631884262643538,,,,,,,,,,,,,,,
754,1,DDP,,Ganaderia_mestiza,co2_ferm,,2068,,,,,,,1.740869585425565,,,,,,,,,,,,,,,
754,1,DDP,,Ganaderia_mestiza,co2_ferm,,2069,,,,,,,1.7185507445867756,,,,,,,,,,,,,,,
754,1,DDP,,Ganaderia_mestiza,co2_ferm,,2070,,,,,,,1.6962319037479863,,,,,,,,,,,,,,,
754,1,DDP,,Ganaderia_mestiza,co2_estiercol,,2018,,,,,,,0.036805713380829,,,,,,,,,,,,,,,
754,1,DDP,,Ganaderia_mestiza,co2_estiercol,,2019,,,,,,,0.0429599904285507,,,,,,,,,,,,,,,
754,1,DDP,,Ganaderia_mestiza,co2_estiercol,,2020,,,,,,,0.0426735192661686,,,,,,,,,,,,,,,
754,1,DDP,,Ganaderia_mestiza,co2_estiercol,,2021,,,,,,,0.0379051560861352,,,,,,,,,,,,,,,
754,1,DDP,,Ganaderia_mestiza,co2_estiercol,,2022,,,,,,,0.0379051560861352,,,,,,,,,,,,,,,
754,1,DDP,,Ganaderia_mestiza,co2_estiercol,,2023,,,,,,,0.037298673588757,,,,,,,,,,,,,,,
754,1,DDP,,Ganaderia_mestiza,co2_estiercol,,2024,,,,,,,0.0369954323400679,,,,,,,,,,,,,,,
754,1,DDP,,Ganaderia_mestiza,co2_estiercol,,2025,,,,,,,0.0366921910913789,,,,,,,,,,,,,,,
754,1,DDP,,Ganaderia_mestiza,co2_estiercol,,2026,,,,,,,0.0363889498426898,,,,,,,,,,,,,,,
754,1,DDP,,Ganaderia_mestiza,co2_estiercol,,2027,,,,,,,0.0360857085940007,,,,,,,,,,,,,,,
754,1,DDP,,Ganaderia_mestiza,co2_estiercol,,2028,,,,,,,0.0357824673453116,,,,,,,,,,,,,,,
754,1,DDP,,Ganaderia_mestiza,co2_estiercol,,2029,,,,,,,0.0354792260966225,,,,,,,,,,,,,,,
754,1,DDP,,Ganaderia_mestiza,co2_estiercol,,2030,,,,,,,0.0351759848479335,,,,,,,,,,,,,,,
754,1,DDP,,Ganaderia_mestiza,co2_estiercol,,2031,,,,,,,0.0348727435992444,,,,,,,,,,,,,,,
754,1,DDP,,Ganaderia_mestiza,co2_estiercol,,2032,,,,,,,0.0345695023505553,,,,,,,,,,,,,,,
754,1,DDP,,Ganaderia_mestiza,co2_estiercol,,2033,,,,,,,0.0342662611018662,,,,,,,,,,,,,,,
754,1,DDP,,Ganaderia_mestiza,co2_estiercol,,2034,,,,,,,0.0339630198531771,,,,,,,,,,,,,,,
754,1,DDP,,Ganaderia_mestiza,co2_estiercol,,2035,,,,,,,0.0336597786044881,,,,,,,,,,,,,,,
754,1,DDP,,Ganaderia_mestiza,co2_estiercol,,2036,,,,,,,0.033356537355799,,,,,,,,,,,,,,,
754,1,DDP,,Ganaderia_mestiza,co2_estiercol,,2037,,,,,,,0.0330532961071099,,,,,,,,,,,,,,,
754,1,DDP,,Ganaderia_mestiza,co2_estiercol,,2038,,,,,,,0.0327500548584208,,,,,,,,,,,,,,,
754,1,DDP,,Ganaderia_mestiza,co2_estiercol,,2039,,,,,,,0.0324468136097317,,,,,,,,,,,,,,,
754,1,DDP,,Ganaderia_mestiza,co2_estiercol,,2040,,,,,,,0.0321435723610426,,,,,,,,,,,,,,,
754,1,DDP,,Ganaderia_mestiza,co2_estiercol,,2041,,,,,,,0.0318403311123536,,,,,,,,,,,,,,,
754,1,DDP,,Ganaderia_mestiza,co2_estiercol,,2042,,,,,,,0.0315370898636645,,,,,,,,,,,,,,,
754,1,DDP,,Ganaderia_mestiza,co2_estiercol,,2043,,,,,,,0.0312338486149754,,,,,,,,,,,,,,,
754,1,DDP,,Ganaderia_mestiza,co2_estiercol,,2044,,,,,,,0.0309306073662863,,,,,,,,,,,,,,,
754,1,DDP,,Ganaderia_mestiza,co2_estiercol,,2045,,,,,,,0.0306273661175972,,,,,,,,,,,,,,,
754,1,DDP,,Ganaderia_mestiza,co2_estiercol,,2046,,,,,,,0.0303241248689082,,,,,,,,,,,,,,,
754,1,DDP,,Ganaderia_mestiza,co2_estiercol,,2047,,,,,,,0.0300208836202191,,,,,,,,,,,,,,,
754,1,DDP,,Ganaderia_mestiza,co2_estiercol,,2048,,,,,,,0.02971764237153,,,,,,,,,,,,,,,
754,1,DDP,,Ganaderia_mestiza,co2_estiercol,,2049,,,,,,,0.0294144011228409,,,,,,,,,,,,,,,
754,1,DDP,,Ganaderia_mestiza,co2_estiercol,,2050,,,,,,,0.0291111598741518,,,,,,,,,,,,,,,
754,1,DDP,,Ganaderia_mestiza,co2_estiercol,,2051,,,,,,,0.0288079186254627,,,,,,,,,,,,,,,
754,1,DDP,,Ganaderia_mestiza,co2_estiercol,,2052,,,,,,,0.0285046773767737,,,,,,,,,,,,,,,
754,1,DDP,,Ganaderia_mestiza,co2_estiercol,,2053,,,,,,,0.0282014361280846,,,,,,,,,,,,,,,
754,1,DDP,,Ganaderia_mestiza,co2_estiercol,,2054,,,,,,,0.0278981948793955,,,,,,,,,,,,,,,
754,1,DDP,,Ganaderia_mestiza,co2_estiercol,,2055,,,,,,,0.0275949536307064,,,,,,,,,,,,,,,
754,1,DDP,,Ganaderia_mestiza,co2_estiercol,,2056,,,,,,,0.0272917123820173,,,,,,,,,,,,,,,
754,1,DDP,,Ganaderia_mestiza,co2_estiercol,,2057,,,,,,,0.0269884711333283,,,,,,,,,,,,,,,
754,1,DDP,,Ganaderia_mestiza,co2_estiercol,,2058,,,,,,,0.0266852298846392,,,,,,,,,,,,,,,
754,1,DDP,,Ganaderia_mestiza,co2_estiercol,,2059,,,,,,,0.0263819886359501,,,,,,,,,,,,,,,
754,1,DDP,,Ganaderia_mestiza,co2_estiercol,,2060,,,,,,,0.026078747387261,,,,,,,,,,,,,,,
754,1,DDP,,Ganaderia_mestiza,co2_estiercol,,2061,,,,,,,0.0257755061385719,,,,,,,,,,,,,,,
754,1,DDP,,Ganaderia_mestiza,co2_estiercol,,2062,,,,,,,0.0254722648898828,,,,,,,,,,,,,,,
754,1,DDP,,Ganaderia_mestiza,co2_estiercol,,2063,,,,,,,0.0251690236411938,,,,,,,,,,,,,,,
754,1,DDP,,Ganaderia_mestiza,co2_estiercol,,2064,,,,,,,0.0248657823925047,,,,,,,,,,,,,,,
754,1,DDP,,Ganaderia_mestiza,co2_estiercol,,2065,,,,,,,0.0245625411438156,,,,,,,,,,,,,,,
754,1,DDP,,Ganaderia_mestiza,co2_estiercol,,2066,,,,,,,0.0242592998951265,,,,,,,,,,,,,,,
754,1,DDP,,Ganaderia_mestiza,co2_estiercol,,2067,,,,,,,0.0239560586464374,,,,,,,,,,,,,,,
754,1,DDP,,Ganaderia_mestiza,co2_estiercol,,2068,,,,,,,0.0236528173977484,,,,,,,,,,,,,,,
754,1,DDP,,Ganaderia_mestiza,co2_estiercol,,2069,,,,,,,0.0233495761490593,,,,,,,,,,,,,,,
754,1,DDP,,Ganaderia_mestiza,co2_estiercol,,2070,,,,,,,0.0230463349003702,,,,,,,,,,,,,,,
754,1,DDP,,Arroz,co2_arroz,,2018,,,,,,,1.8975,,,,,,,,,,,,,,,
754,1,DDP,,Arroz,co2_arroz,,2019,,,,,,,1.8974999999999995,,,,,,,,,,,,,,,
754,1,DDP,,Arroz,co2_arroz,,2020,,,,,,,1.8974999999999997,,,,,,,,,,,,,,,
754,1,DDP,,Arroz,co2_arroz,,2021,,,,,,,1.8974999999999997,,,,,,,,,,,,,,,
754,1,DDP,,Arroz,co2_arroz,,2022,,,,,,,1.907516789071196,,,,,,,,,,,,,,,
754,1,DDP,,Arroz,co2_arroz,,2023,,,,,,,1.869366453289772,,,,,,,,,,,,,,,
754,1,DDP,,Arroz,co2_arroz,,2024,,,,,,,1.85029128539906,,,,,,,,,,,,,,,
754,1,DDP,,Arroz,co2_arroz,,2025,,,,,,,1.8312161175083481,,,,,,,,,,,,,,,
754,1,DDP,,Arroz,co2_arroz,,2026,,,,,,,1.812140949617636,,,,,,,,,,,,,,,
754,1,DDP,,Arroz,co2_arroz,,2027,,,,,,,1.793065781726924,,,,,,,,,,,,,,,
754,1,DDP,,Arroz,co2_arroz,,2028,,,,,,,1.773990613836212,,,,,,,,,,,,,,,
754,1,DDP,,Arroz,co2_arroz,,2029,,,,,,,1.7549154459455003,,,,,,,,,,,,,,,
754,1,DDP,,Arroz,co2_arroz,,2030,,,,,,,1.7358402780547884,,,,,,,,,,,,,,,
754,1,DDP,,Arroz,co2_arroz,,2031,,,,,,,1.7167651101640764,,,,,,,,,,,,,,,
754,1,DDP,,Arroz,co2_arroz,,2032,,,,,,,1.6976899422733644,,,,,,,,,,,,,,,
754,1,DDP,,Arroz,co2_arroz,,2033,,,,,,,1.6786147743826525,,,,,,,,,,,,,,,
754,1,DDP,,Arroz,co2_arroz,,2034,,,,,,,1.6595396064919405,,,,,,,,,,,,,,,
754,1,DDP,,Arroz,co2_arroz,,2035,,,,,,,1.6404644386012284,,,,,,,,,,,,,,,
754,1,DDP,,Arroz,co2_arroz,,2036,,,,,,,1.6213892707105164,,,,,,,,,,,,,,,
754,1,DDP,,Arroz,co2_arroz,,2037,,,,,,,1.6023141028198045,,,,,,,,,,,,,,,
754,1,DDP,,Arroz,co2_arroz,,2038,,,,,,,1.5832389349290925,,,,,,,,,,,,,,,
754,1,DDP,,Arroz,co2_arroz,,2039,,,,,,,1.5641637670383808,,,,,,,,,,,,,,,
754,1,DDP,,Arroz,co2_arroz,,2040,,,,,,,1.5450885991476688,,,,,,,,,,,,,,,
754,1,DDP,,Arroz,co2_arroz,,2041,,,,,,,1.5260134312569569,,,,,,,,,,,,,,,
754,1,DDP,,Arroz,co2_arroz,,2042,,,,,,,1.506938263366245,,,,,,,,,,,,,,,
754,1,DDP,,Arroz,co2_arroz,,2043,,,,,,,1.487863095475533,,,,,,,,,,,,,,,
754,1,DDP,,Arroz,co2_arroz,,2044,,,,,,,1.4687879275848208,,,,,,,,,,,,,,,
754,1,DDP,,Arroz,co2_arroz,,2045,,,,,,,1.4497127596941088,,,,,,,,,,,,,,,
754,1,DDP,,Arroz,co2_arroz,,2046,,,,,,,1.430637591803397,,,,,,,,,,,,,,,
754,1,DDP,,Arroz,co2_arroz,,2047,,,,,,,1.411562423912685,,,,,,,,,,,,,,,
754,1,DDP,,Arroz,co2_arroz,,2048,,,,,,,1.392487256021973,,,,,,,,,,,,,,,
754,1,DDP,,Arroz,co2_arroz,,2049,,,,,,,1.373412088131261,,,,,,,,,,,,,,,
754,1,DDP,,Arroz,co2_arroz,,2050,,,,,,,1.354336920240549,,,,,,,,,,,,,,,
754,1,DDP,,Arroz,co2_arroz,,2051,,,,,,,1.3352617523498371,,,,,,,,,,,,,,,
754,1,DDP,,Arroz,co2_arroz,,2052,,,,,,,1.3161865844591252,,,,,,,,,,,,,,,
754,1,DDP,,Arroz,co2_arroz,,2053,,,,,,,1.2971114165684132,,,,,,,,,,,,,,,
754,1,DDP,,Arroz,co2_arroz,,2054,,,,,,,1.278036248677701,,,,,,,,,,,,,,,
754,1,DDP,,Arroz,co2_arroz,,2055,,,,,,,1.258961080786989,,,,,,,,,,,,,,,
754,1,DDP,,Arroz,co2_arroz,,2056,,,,,,,1.2398859128962774,,,,,,,,,,,,,,,
754,1,DDP,,Arroz,co2_arroz,,2057,,,,,,,1.2208107450055654,,,,,,,,,,,,,,,
754,1,DDP,,Arroz,co2_arroz,,2058,,,,,,,1.2017355771148535,,,,,,,,,,,,,,,
754,1,DDP,,Arroz,co2_arroz,,2059,,,,,,,1.1826604092241415,,,,,,,,,,,,,,,
754,1,DDP,,Arroz,co2_arroz,,2060,,,,,,,1.1635852413334296,,,,,,,,,,,,,,,
754,1,DDP,,Arroz,co2_arroz,,2061,,,,,,,1.1445100734427176,,,,,,,,,,,,,,,
754,1,DDP,,Arroz,co2_arroz,,2062,,,,,,,1.1254349055520056,,,,,,,,,,,,,,,
754,1,DDP,,Arroz,co2_arroz,,2063,,,,,,,1.1063597376612937,,,,,,,,,,,,,,,
754,1,DDP,,Arroz,co2_arroz,,2064,,,,,,,1.0872845697705817,,,,,,,,,,,,,,,
754,1,DDP,,Arroz,co2_arroz,,2065,,,,,,,1.0682094018798698,,,,,,,,,,,,,,,
754,1,DDP,,Arroz,co2_arroz,,2066,,,,,,,1.0491342339891578,,,,,,,,,,,,,,,
754,1,DDP,,Arroz,co2_arroz,,2067,,,,,,,1.0300590660984459,,,,,,,,,,,,,,,
754,1,DDP,,Arroz,co2_arroz,,2068,,,,,,,1.010983898207734,,,,,,,,,,,,,,,
754,1,DDP,,Arroz,co2_arroz,,2069,,,,,,,0.9919087303170219,,,,,,,,,,,,,,,
754,1,DDP,,Arroz,co2_arroz,,2070,,,,,,,0.9728335624263099,,,,,,,,,,,,,,,
754,1,DDP,,Gallinas_campos,co2_gallinas,,2018,,,,,,,0.0005,,,,,,,,,,,,,,,
754,1,DDP,,Gallinas_campos,co2_gallinas,,2019,,,,,,,0.0005,,,,,,,,,,,,,,,
754,1,DDP,,Gallinas_campos,co2_gallinas,,2020,,,,,,,0.0004607159119963,,,,,,,,,,,,,,,
754,1,DDP,,Gallinas_campos,co2_gallinas,,2021,,,,,,,0.0003905448215233,,,,,,,,,,,,,,,
754,1,DDP,,Gallinas_campos,co2_gallinas,,2022,,,,,,,0.0003905448215233,,,,,,,,,,,,,,,
754,1,DDP,,Gallinas_campos,co2_gallinas,,2023,,,,,,,0.0003905448215233,,,,,,,,,,,,,,,
754,1,DDP,,Gallinas_campos,co2_gallinas,,2024,,,,,,,0.0003905448215233,,,,,,,,,,,,,,,
754,1,DDP,,Gallinas_campos,co2_gallinas,,2025,,,,,,,0.0003905448215233,,,,,,,,,,,,,,,
754,1,DDP,,Gallinas_campos,co2_gallinas,,2026,,,,,,,0.0003905448215233,,,,,,,,,,,,,,,
754,1,DDP,,Gallinas_campos,co2_gallinas,,2027,,,,,,,0.0003905448215233,,,,,,,,,,,,,,,
754,1,DDP,,Gallinas_campos,co2_gallinas,,2028,,,,,,,0.0003905448215233,,,,,,,,,,,,,,,
754,1,DDP,,Gallinas_campos,co2_gallinas,,2029,,,,,,,0.0003905448215233,,,,,,,,,,,,,,,
754,1,DDP,,Gallinas_campos,co2_gallinas,,2030,,,,,,,0.0003905448215233,,,,,,,,,,,,,,,
754,1,DDP,,Gallinas_campos,co2_gallinas,,2031,,,,,,,0.0003905448215233,,,,,,,,,,,,,,,
754,1,DDP,,Gallinas_campos,co2_gallinas,,2032,,,,,,,0.0003905448215233,,,,,,,,,,,,,,,
754,1,DDP,,Gallinas_campos,co2_gallinas,,2033,,,,,,,0.0003905448215233,,,,,,,,,,,,,,,
754,1,DDP,,Gallinas_campos,co2_gallinas,,2034,,,,,,,0.0003905448215233,,,,,,,,,,,,,,,
754,1,DDP,,Gallinas_campos,co2_gallinas,,2035,,,,,,,0.0003905448215233,,,,,,,,,,,,,,,
754,1,DDP,,Gallinas_campos,co2_gallinas,,2036,,,,,,,0.0003905448215233,,,,,,,,,,,,,,,
754,1,DDP,,Gallinas_campos,co2_gallinas,,2037,,,,,,,0.0003905448215233,,,,,,,,,,,,,,,
754,1,DDP,,Gallinas_campos,co2_gallinas,,2038,,,,,,,0.0003905448215233,,,,,,,,,,,,,,,
754,1,DDP,,Gallinas_campos,co2_gallinas,,2039,,,,,,,0.0003905448215233,,,,,,,,,,,,,,,
754,1,DDP,,Gallinas_campos,co2_gallinas,,2040,,,,,,,0.0003905448215233,,,,,,,,,,,,,,,
754,1,DDP,,Gallinas_campos,co2_gallinas,,2041,,,,,,,0.0003905448215233,,,,,,,,,,,,,,,
754,1,DDP,,Gallinas_campos,co2_gallinas,,2042,,,,,,,0.0003905448215233,,,,,,,,,,,,,,,
754,1,DDP,,Gallinas_campos,co2_gallinas,,2043,,,,,,,0.0003905448215233,,,,,,,,,,,,,,,
754,1,DDP,,Gallinas_campos,co2_gallinas,,2044,,,,,,,0.0003905448215233,,,,,,,,,,,,,,,
754,1,DDP,,Gallinas_campos,co2_gallinas,,2045,,,,,,,0.0003905448215233,,,,,,,,,,,,,,,
754,1,DDP,,Gallinas_campos,co2_gallinas,,2046,,,,,,,0.0003905448215233,,,,,,,,,,,,,,,
754,1,DDP,,Gallinas_campos,co2_gallinas,,2047,,,,,,,0.0003905448215233,,,,,,,,,,,,,,,
754,1,DDP,,Gallinas_campos,co2_gallinas,,2048,,,,,,,0.0003905448215233,,,,,,,,,,,,,,,
754,1,DDP,,Gallinas_campos,co2_gallinas,,2049,,,,,,,0.0003905448215233,,,,,,,,,,,,,,,
754,1,DDP,,Gallinas_campos,co2_gallinas,,2050,,,,,,,0.0003905448215233,,,,,,,,,,,,,,,
754,1,DDP,,Gallinas_campos,co2_gallinas,,2051,,,,,,,0.0003905448215233,,,,,,,,,,,,,,,
754,1,DDP,,Gallinas_campos,co2_gallinas,,2052,,,,,,,0.0003905448215233,,,,,,,,,,,,,,,
754,1,DDP,,Gallinas_campos,co2_gallinas,,2053,,,,,,,0.0003905448215233,,,,,,,,,,,,,,,
754,1,DDP,,Gallinas_campos,co2_gallinas,,2054,,,,,,,0.0003905448215233,,,,,,,,,,,,,,,
754,1,DDP,,Gallinas_campos,co2_gallinas,,2055,,,,,,,0.0003905448215233,,,,,,,,,,,,,,,
754,1,DDP,,Gallinas_campos,co2_gallinas,,2056,,,,,,,0.0003905448215233,,,,,,,,,,,,,,,
754,1,DDP,,Gallinas_campos,co2_gallinas,,2057,,,,,,,0.0003905448215233,,,,,,,,,,,,,,,
754,1,DDP,,Gallinas_campos,co2_gallinas,,2058,,,,,,,0.0003905448215233,,,,,,,,,,,,,,,
754,1,DDP,,Gallinas_campos,co2_gallinas,,2059,,,,,,,0.0003905448215233,,,,,,,,,,,,,,,
754,1,DDP,,Gallinas_campos,co2_gallinas,,2060,,,,,,,0.0003905448215233,,,,,,,,,,,,,,,
754,1,DDP,,Gallinas_campos,co2_gallinas,,2061,,,,,,,0.0003905448215233,,,,,,,,,,,,,,,
754,1,DDP,,Gallinas_campos,co2_gallinas,,2062,,,,,,,0.0003905448215233,,,,,,,,,,,,,,,
754,1,DDP,,Gallinas_campos,co2_gallinas,,2063,,,,,,,0.0003905448215233,,,,,,,,,,,,,,,
754,1,DDP,,Gallinas_campos,co2_gallinas,,2064,,,,,,,0.0003905448215233,,,,,,,,,,,,,,,
754,1,DDP,,Gallinas_campos,co2_gallinas,,2065,,,,,,,0.0003905448215233,,,,,,,,,,,,,,,
754,1,DDP,,Gallinas_campos,co2_gallinas,,2066,,,,,,,0.0003905448215233,,,,,,,,,,,,,,,
754,1,DDP,,Gallinas_campos,co2_gallinas,,2067,,,,,,,0.0003905448215233,,,,,,,,,,,,,,,
754,1,DDP,,Gallinas_campos,co2_gallinas,,2068,,,,,,,0.0003905448215233,,,,,,,,,,,,,,,
754,1,DDP,,Gallinas_campos,co2_gallinas,,2069,,,,,,,0.0003905448215233,,,,,,,,,,,,,,,
754,1,DDP,,Gallinas_campos,co2_gallinas,,2070,,,,,,,0.0003905448215233,,,,,,,,,,,,,,,
754,1,DDP,,Gallinas_planteles,co2_gallinas,,2018,,,,,,,0.0005,,,,,,,,,,,,,,,
754,1,DDP,,Gallinas_planteles,co2_gallinas,,2019,,,,,,,0.0005,,,,,,,,,,,,,,,
754,1,DDP,,Gallinas_planteles,co2_gallinas,,2020,,,,,,,0.0004607159119963,,,,,,,,,,,,,,,
754,1,DDP,,Gallinas_planteles,co2_gallinas,,2021,,,,,,,0.0003905448215233,,,,,,,,,,,,,,,
754,1,DDP,,Gallinas_planteles,co2_gallinas,,2022,,,,,,,0.0003905448215233,,,,,,,,,,,,,,,
754,1,DDP,,Gallinas_planteles,co2_gallinas,,2023,,,,,,,0.0003905448215233,,,,,,,,,,,,,,,
754,1,DDP,,Gallinas_planteles,co2_gallinas,,2024,,,,,,,0.0003905448215233,,,,,,,,,,,,,,,
754,1,DDP,,Gallinas_planteles,co2_gallinas,,2025,,,,,,,0.0003905448215233,,,,,,,,,,,,,,,
754,1,DDP,,Gallinas_planteles,co2_gallinas,,2026,,,,,,,0.0003905448215233,,,,,,,,,,,,,,,
754,1,DDP,,Gallinas_planteles,co2_gallinas,,2027,,,,,,,0.0003905448215233,,,,,,,,,,,,,,,
754,1,DDP,,Gallinas_planteles,co2_gallinas,,2028,,,,,,,0.0003905448215233,,,,,,,,,,,,,,,
754,1,DDP,,Gallinas_planteles,co2_gallinas,,2029,,,,,,,0.0003905448215233,,,,,,,,,,,,,,,
754,1,DDP,,Gallinas_planteles,co2_gallinas,,2030,,,,,,,0.0003905448215233,,,,,,,,,,,,,,,
754,1,DDP,,Gallinas_planteles,co2_gallinas,,2031,,,,,,,0.0003905448215233,,,,,,,,,,,,,,,
754,1,DDP,,Gallinas_planteles,co2_gallinas,,2032,,,,,,,0.0003905448215233,,,,,,,,,,,,,,,
754,1,DDP,,Gallinas_planteles,co2_gallinas,,2033,,,,,,,0.0003905448215233,,,,,,,,,,,,,,,
754,1,DDP,,Gallinas_planteles,co2_gallinas,,2034,,,,,,,0.0003905448215233,,,,,,,,,,,,,,,
754,1,DDP,,Gallinas_planteles,co2_gallinas,,2035,,,,,,,0.0003905448215233,,,,,,,,,,,,,,,
754,1,DDP,,Gallinas_planteles,co2_gallinas,,2036,,,,,,,0.0003905448215233,,,,,,,,,,,,,,,
754,1,DDP,,Gallinas_planteles,co2_gallinas,,2037,,,,,,,0.0003905448215233,,,,,,,,,,,,,,,
754,1,DDP,,Gallinas_planteles,co2_gallinas,,2038,,,,,,,0.0003905448215233,,,,,,,,,,,,,,,
754,1,DDP,,Gallinas_planteles,co2_gallinas,,2039,,,,,,,0.0003905448215233,,,,,,,,,,,,,,,
754,1,DDP,,Gallinas_planteles,co2_gallinas,,2040,,,,,,,0.0003905448215233,,,,,,,,,,,,,,,
754,1,DDP,,Gallinas_planteles,co2_gallinas,,2041,,,,,,,0.0003905448215233,,,,,,,,,,,,,,,
754,1,DDP,,Gallinas_planteles,co2_gallinas,,2042,,,,,,,0.0003905448215233,,,,,,,,,,,,,,,
754,1,DDP,,Gallinas_planteles,co2_gallinas,,2043,,,,,,,0.0003905448215233,,,,,,,,,,,,,,,
754,1,DDP,,Gallinas_planteles,co2_gallinas,,2044,,,,,,,0.0003905448215233,,,,,,,,,,,,,,,
754,1,DDP,,Gallinas_planteles,co2_gallinas,,2045,,,,,,,0.0003905448215233,,,,,,,,,,,,,,,
754,1,DDP,,Gallinas_planteles,co2_gallinas,,2046,,,,,,,0.0003905448215233,,,,,,,,,,,,,,,
754,1,DDP,,Gallinas_planteles,co2_gallinas,,2047,,,,,,,0.0003905448215233,,,,,,,,,,,,,,,
754,1,DDP,,Gallinas_planteles,co2_gallinas,,2048,,,,,,,0.0003905448215233,,,,,,,,,,,,,,,
754,1,DDP,,Gallinas_planteles,co2_gallinas,,2049,,,,,,,0.0003905448215233,,,,,,,,,,,,,,,
754,1,DDP,,Gallinas_planteles,co2_gallinas,,2050,,,,,,,0.0003905448215233,,,,,,,,,,,,,,,
754,1,DDP,,Gallinas_planteles,co2_gallinas,,2051,,,,,,,0.0003905448215233,,,,,,,,,,,,,,,
754,1,DDP,,Gallinas_planteles,co2_gallinas,,2052,,,,,,,0.0003905448215233,,,,,,,,,,,,,,,
754,1,DDP,,Gallinas_planteles,co2_gallinas,,2053,,,,,,,0.0003905448215233,,,,,,,,,,,,,,,
754,1,DDP,,Gallinas_planteles,co2_gallinas,,2054,,,,,,,0.0003905448215233,,,,,,,,,,,,,,,
754,1,DDP,,Gallinas_planteles,co2_gallinas,,2055,,,,,,,0.0003905448215233,,,,,,,,,,,,,,,
754,1,DDP,,Gallinas_planteles,co2_gallinas,,2056,,,,,,,0.0003905448215233,,,,,,,,,,,,,,,
754,1,DDP,,Gallinas_planteles,co2_gallinas,,2057,,,,,,,0.0003905448215233,,,,,,,,,,,,,,,
754,1,DDP,,Gallinas_planteles,co2_gallinas,,2058,,,,,,,0.0003905448215233,,,,,,,,,,,,,,,
754,1,DDP,,Gallinas_planteles,co2_gallinas,,2059,,,,,,,0.0003905448215233,,,,,,,,,,,,,,,
754,1,DDP,,Gallinas_planteles,co2_gallinas,,2060,,,,,,,0.0003905448215233,,,,,,,,,,,,,,,
754,1,DDP,,Gallinas_planteles,co2_gallinas,,2061,,,,,,,0.0003905448215233,,,,,,,,,,,,,,,
754,1,DDP,,Gallinas_planteles,co2_gallinas,,2062,,,,,,,0.0003905448215233,,,,,,,,,,,,,,,
754,1,DDP,,Gallinas_planteles,co2_gallinas,,2063,,,,,,,0.0003905448215233,,,,,,,,,,,,,,,
754,1,DDP,,Gallinas_planteles,co2_gallinas,,2064,,,,,,,0.0003905448215233,,,,,,,,,,,,,,,
754,1,DDP,,Gallinas_planteles,co2_gallinas,,2065,,,,,,,0.0003905448215233,,,,,,,,,,,,,,,
754,1,DDP,,Gallinas_planteles,co2_gallinas,,2066,,,,,,,0.0003905448215233,,,,,,,,,,,,,,,
754,1,DDP,,Gallinas_planteles,co2_gallinas,,2067,,,,,,,0.0003905448215233,,,,,,,,,,,,,,,
754,1,DDP,,Gallinas_planteles,co2_gallinas,,2068,,,,,,,0.0003905448215233,,,,,,,,,,,,,,,
754,1,DDP,,Gallinas_planteles,co2_gallinas,,2069,,,,,,,0.0003905448215233,,,,,,,,,,,,,,,
754,1,DDP,,Gallinas_planteles,co2_gallinas,,2070,,,,,,,0.0003905448215233,,,,,,,,,,,,,,,
754,1,DDP,,Banano,co2_cultivos,,2018,,,,,,,4.078853177297251,,,,,,,,,,,,,,,
754,1,DDP,,Banano,co2_cultivos,,2019,,,,,,,2.8975261932573,,,,,,,,,,,,,,,
754,1,DDP,,Banano,co2_cultivos,,2020,,,,,,,4.164337216861129,,,,,,,,,,,,,,,
754,1,DDP,,Banano,co2_cultivos,,2021,,,,,,,5.075323520842667,,,,,,,,,,,,,,,
754,1,DDP,,Banano,co2_cultivos,,2022,,,,,,,5.250109136849908,,,,,,,,,,,,,,,
754,1,DDP,,Banano,co2_cultivos,,2023,,,,,,,5.14510695411291,,,,,,,,,,,,,,,
754,1,DDP,,Banano,co2_cultivos,,2024,,,,,,,5.092605862744411,,,,,,,,,,,,,,,
754,1,DDP,,Banano,co2_cultivos,,2025,,,,,,,5.040104771375912,,,,,,,,,,,,,,,
754,1,DDP,,Banano,co2_cultivos,,2026,,,,,,,4.987603680007413,,,,,,,,,,,,,,,
754,1,DDP,,Banano,co2_cultivos,,2027,,,,,,,4.935102588638913,,,,,,,,,,,,,,,
754,1,DDP,,Banano,co2_cultivos,,2028,,,,,,,4.882601497270414,,,,,,,,,,,,,,,
754,1,DDP,,Banano,co2_cultivos,,2029,,,,,,,4.830100405901916,,,,,,,,,,,,,,,
754,1,DDP,,Banano,co2_cultivos,,2030,,,,,,,4.777599314533417,,,,,,,,,,,,,,,
754,1,DDP,,Banano,co2_cultivos,,2031,,,,,,,4.725098223164918,,,,,,,,,,,,,,,
754,1,DDP,,Banano,co2_cultivos,,2032,,,,,,,4.672597131796419,,,,,,,,,,,,,,,
754,1,DDP,,Banano,co2_cultivos,,2033,,,,,,,4.62009604042792,,,,,,,,,,,,,,,
754,1,DDP,,Banano,co2_cultivos,,2034,,,,,,,4.56759494905942,,,,,,,,,,,,,,,
754,1,DDP,,Banano,co2_cultivos,,2035,,,,,,,4.515093857690921,,,,,,,,,,,,,,,
754,1,DDP,,Banano,co2_cultivos,,2036,,,,,,,4.462592766322422,,,,,,,,,,,,,,,
754,1,DDP,,Banano,co2_cultivos,,2037,,,,,,,4.4100916749539225,,,,,,,,,,,,,,,
754,1,DDP,,Banano,co2_cultivos,,2038,,,,,,,4.357590583585424,,,,,,,,,,,,,,,
754,1,DDP,,Banano,co2_cultivos,,2039,,,,,,,4.305089492216926,,,,,,,,,,,,,,,
754,1,DDP,,Banano,co2_cultivos,,2040,,,,,,,4.252588400848426,,,,,,,,,,,,,,,
754,1,DDP,,Banano,co2_cultivos,,2041,,,,,,,4.200087309479927,,,,,,,,,,,,,,,
754,1,DDP,,Banano,co2_cultivos,,2042,,,,,,,4.147586218111428,,,,,,,,,,,,,,,
754,1,DDP,,Banano,co2_cultivos,,2043,,,,,,,4.095085126742929,,,,,,,,,,,,,,,
754,1,DDP,,Banano,co2_cultivos,,2044,,,,,,,4.042584035374429,,,,,,,,,,,,,,,
754,1,DDP,,Banano,co2_cultivos,,2045,,,,,,,3.9900829440059304,,,,,,,,,,,,,,,
754,1,DDP,,Banano,co2_cultivos,,2046,,,,,,,3.9375818526374315,,,,,,,,,,,,,,,
754,1,DDP,,Banano,co2_cultivos,,2047,,,,,,,3.885080761268932,,,,,,,,,,,,,,,
754,1,DDP,,Banano,co2_cultivos,,2048,,,,,,,3.832579669900433,,,,,,,,,,,,,,,
754,1,DDP,,Banano,co2_cultivos,,2049,,,,,,,3.780078578531934,,,,,,,,,,,,,,,
754,1,DDP,,Banano,co2_cultivos,,2050,,,,,,,3.7275774871634346,,,,,,,,,,,,,,,
754,1,DDP,,Banano,co2_cultivos,,2051,,,,,,,3.6750763957949357,,,,,,,,,,,,,,,
754,1,DDP,,Banano,co2_cultivos,,2052,,,,,,,3.6225753044264364,,,,,,,,,,,,,,,
754,1,DDP,,Banano,co2_cultivos,,2053,,,,,,,3.5700742130579375,,,,,,,,,,,,,,,
754,1,DDP,,Banano,co2_cultivos,,2054,,,,,,,3.517573121689438,,,,,,,,,,,,,,,
754,1,DDP,,Banano,co2_cultivos,,2055,,,,,,,3.4650720303209392,,,,,,,,,,,,,,,
754,1,DDP,,Banano,co2_cultivos,,2056,,,,,,,3.412570938952441,,,,,,,,,,,,,,,
754,1,DDP,,Banano,co2_cultivos,,2057,,,,,,,3.3600698475839414,,,,,,,,,,,,,,,
754,1,DDP,,Banano,co2_cultivos,,2058,,,,,,,3.3075687562154426,,,,,,,,,,,,,,,
754,1,DDP,,Banano,co2_cultivos,,2059,,,,,,,3.255067664846943,,,,,,,,,,,,,,,
754,1,DDP,,Banano,co2_cultivos,,2060,,,,,,,3.202566573478444,,,,,,,,,,,,,,,
754,1,DDP,,Banano,co2_cultivos,,2061,,,,,,,3.150065482109945,,,,,,,,,,,,,,,
754,1,DDP,,Banano,co2_cultivos,,2062,,,,,,,3.0975643907414465,,,,,,,,,,,,,,,
754,1,DDP,,Banano,co2_cultivos,,2063,,,,,,,3.045063299372947,,,,,,,,,,,,,,,
754,1,DDP,,Banano,co2_cultivos,,2064,,,,,,,2.9925622080044483,,,,,,,,,,,,,,,
754,1,DDP,,Banano,co2_cultivos,,2065,,,,,,,2.940061116635949,,,,,,,,,,,,,,,
754,1,DDP,,Banano,co2_cultivos,,2066,,,,,,,2.88756002526745,,,,,,,,,,,,,,,
754,1,DDP,,Banano,co2_cultivos,,2067,,,,,,,2.8350589338989507,,,,,,,,,,,,,,,
754,1,DDP,,Banano,co2_cultivos,,2068,,,,,,,2.782557842530452,,,,,,,,,,,,,,,
754,1,DDP,,Banano,co2_cultivos,,2069,,,,,,,2.7300567511619525,,,,,,,,,,,,,,,
754,1,DDP,,Banano,co2_cultivos,,2070,,,,,,,2.6775556597934536,,,,,,,,,,,,,,,
754,1,DDP,,Arroz,co2_cultivos,,2018,,,,,,,0.868828706351715,,,,,,,,,,,,,,,
754,1,DDP,,Arroz,co2_cultivos,,2019,,,,,,,0.9954343362897484,,,,,,,,,,,,,,,
754,1,DDP,,Arroz,co2_cultivos,,2020,,,,,,,0.9728736866447504,,,,,,,,,,,,,,,
754,1,DDP,,Arroz,co2_cultivos,,2021,,,,,,,0.7619447156001742,,,,,,,,,,,,,,,
754,1,DDP,,Arroz,co2_cultivos,,2022,,,,,,,0.8281554747009876,,,,,,,,,,,,,,,
754,1,DDP,,Arroz,co2_cultivos,,2023,,,,,,,0.8115923652069679,,,,,,,,,,,,,,,
754,1,DDP,,Arroz,co2_cultivos,,2024,,,,,,,0.803310810459958,,,,,,,,,,,,,,,
754,1,DDP,,Arroz,co2_cultivos,,2025,,,,,,,0.795029255712948,,,,,,,,,,,,,,,
754,1,DDP,,Arroz,co2_cultivos,,2026,,,,,,,0.7867477009659382,,,,,,,,,,,,,,,
754,1,DDP,,Arroz,co2_cultivos,,2027,,,,,,,0.7784661462189283,,,,,,,,,,,,,,,
754,1,DDP,,Arroz,co2_cultivos,,2028,,,,,,,0.7701845914719184,,,,,,,,,,,,,,,
754,1,DDP,,Arroz,co2_cultivos,,2029,,,,,,,0.7619030367249087,,,,,,,,,,,,,,,
754,1,DDP,,Arroz,co2_cultivos,,2030,,,,,,,0.7536214819778988,,,,,,,,,,,,,,,
754,1,DDP,,Arroz,co2_cultivos,,2031,,,,,,,0.7453399272308888,,,,,,,,,,,,,,,
754,1,DDP,,Arroz,co2_cultivos,,2032,,,,,,,0.737058372483879,,,,,,,,,,,,,,,
754,1,DDP,,Arroz,co2_cultivos,,2033,,,,,,,0.7287768177368691,,,,,,,,,,,,,,,
754,1,DDP,,Arroz,co2_cultivos,,2034,,,,,,,0.7204952629898592,,,,,,,,,,,,,,,
754,1,DDP,,Arroz,co2_cultivos,,2035,,,,,,,0.7122137082428494,,,,,,,,,,,,,,,
754,1,DDP,,Arroz,co2_cultivos,,2036,,,,,,,0.7039321534958395,,,,,,,,,,,,,,,
754,1,DDP,,Arroz,co2_cultivos,,2037,,,,,,,0.6956505987488295,,,,,,,,,,,,,,,
754,1,DDP,,Arroz,co2_cultivos,,2038,,,,,,,0.6873690440018196,,,,,,,,,,,,,,,
754,1,DDP,,Arroz,co2_cultivos,,2039,,,,,,,0.6790874892548099,,,,,,,,,,,,,,,
754,1,DDP,,Arroz,co2_cultivos,,2040,,,,,,,0.6708059345078,,,,,,,,,,,,,,,
754,1,DDP,,Arroz,co2_cultivos,,2041,,,,,,,0.6625243797607901,,,,,,,,,,,,,,,
754,1,DDP,,Arroz,co2_cultivos,,2042,,,,,,,0.6542428250137803,,,,,,,,,,,,,,,
754,1,DDP,,Arroz,co2_cultivos,,2043,,,,,,,0.6459612702667703,,,,,,,,,,,,,,,
754,1,DDP,,Arroz,co2_cultivos,,2044,,,,,,,0.6376797155197604,,,,,,,,,,,,,,,
754,1,DDP,,Arroz,co2_cultivos,,2045,,,,,,,0.6293981607727506,,,,,,,,,,,,,,,
754,1,DDP,,Arroz,co2_cultivos,,2046,,,,,,,0.6211166060257407,,,,,,,,,,,,,,,
754,1,DDP,,Arroz,co2_cultivos,,2047,,,,,,,0.6128350512787308,,,,,,,,,,,,,,,
754,1,DDP,,Arroz,co2_cultivos,,2048,,,,,,,0.604553496531721,,,,,,,,,,,,,,,
754,1,DDP,,Arroz,co2_cultivos,,2049,,,,,,,0.5962719417847111,,,,,,,,,,,,,,,
754,1,DDP,,Arroz,co2_cultivos,,2050,,,,,,,0.5879903870377011,,,,,,,,,,,,,,,
754,1,DDP,,Arroz,co2_cultivos,,2051,,,,,,,0.5797088322906913,,,,,,,,,,,,,,,
754,1,DDP,,Arroz,co2_cultivos,,2052,,,,,,,0.5714272775436814,,,,,,,,,,,,,,,
754,1,DDP,,Arroz,co2_cultivos,,2053,,,,,,,0.5631457227966715,,,,,,,,,,,,,,,
754,1,DDP,,Arroz,co2_cultivos,,2054,,,,,,,0.5548641680496617,,,,,,,,,,,,,,,
754,1,DDP,,Arroz,co2_cultivos,,2055,,,,,,,0.5465826133026518,,,,,,,,,,,,,,,
754,1,DDP,,Arroz,co2_cultivos,,2056,,,,,,,0.5383010585556419,,,,,,,,,,,,,,,
754,1,DDP,,Arroz,co2_cultivos,,2057,,,,,,,0.530019503808632,,,,,,,,,,,,,,,
754,1,DDP,,Arroz,co2_cultivos,,2058,,,,,,,0.5217379490616222,,,,,,,,,,,,,,,
754,1,DDP,,Arroz,co2_cultivos,,2059,,,,,,,0.5134563943146123,,,,,,,,,,,,,,,
754,1,DDP,,Arroz,co2_cultivos,,2060,,,,,,,0.5051748395676025,,,,,,,,,,,,,,,
754,1,DDP,,Arroz,co2_cultivos,,2061,,,,,,,0.4968932848205925,,,,,,,,,,,,,,,
754,1,DDP,,Arroz,co2_cultivos,,2062,,,,,,,0.4886117300735828,,,,,,,,,,,,,,,
754,1,DDP,,Arroz,co2_cultivos,,2063,,,,,,,0.4803301753265729,,,,,,,,,,,,,,,
754,1,DDP,,Arroz,co2_cultivos,,2064,,,,,,,0.472048620579563,,,,,,,,,,,,,,,
754,1,DDP,,Arroz,co2_cultivos,,2065,,,,,,,0.4637670658325531,,,,,,,,,,,,,,,
754,1,DDP,,Arroz,co2_cultivos,,2066,,,,,,,0.4554855110855432,,,,,,,,,,,,,,,
754,1,DDP,,Arroz,co2_cultivos,,2067,,,,,,,0.4472039563385333,,,,,,,,,,,,,,,
754,1,DDP,,Arroz,co2_cultivos,,2068,,,,,,,0.4389224015915235,,,,,,,,,,,,,,,
754,1,DDP,,Arroz,co2_cultivos,,2069,,,,,,,0.4306408468445136,,,,,,,,,,,,,,,
754,1,DDP,,Arroz,co2_cultivos,,2070,,,,,,,0.4223592920975037,,,,,,,,,,,,,,,
754,1,DDP,,Cacao,co2_cultivos,,2018,,,,,,,0.1615456843621436,,,,,,,,,,,,,,,
754,1,DDP,,Cacao,co2_cultivos,,2019,,,,,,,0.6140184619395023,,,,,,,,,,,,,,,
754,1,DDP,,Cacao,co2_cultivos,,2020,,,,,,,0.6417682302355392,,,,,,,,,,,,,,,
754,1,DDP,,Cacao,co2_cultivos,,2021,,,,,,,0.7046571143218338,,,,,,,,,,,,,,,
754,1,DDP,,Cacao,co2_cultivos,,2022,,,,,,,0.7289243215835646,,,,,,,,,,,,,,,
754,1,DDP,,Cacao,co2_cultivos,,2023,,,,,,,0.7143458351518933,,,,,,,,,,,,,,,
754,1,DDP,,Cacao,co2_cultivos,,2024,,,,,,,0.7070565919360576,,,,,,,,,,,,,,,
754,1,DDP,,Cacao,co2_cultivos,,2025,,,,,,,0.699767348720222,,,,,,,,,,,,,,,
754,1,DDP,,Cacao,co2_cultivos,,2026,,,,,,,0.6924781055043863,,,,,,,,,,,,,,,
754,1,DDP,,Cacao,co2_cultivos,,2027,,,,,,,0.6851888622885507,,,,,,,,,,,,,,,
754,1,DDP,,Cacao,co2_cultivos,,2028,,,,,,,0.677899619072715,,,,,,,,,,,,,,,
754,1,DDP,,Cacao,co2_cultivos,,2029,,,,,,,0.6706103758568794,,,,,,,,,,,,,,,
754,1,DDP,,Cacao,co2_cultivos,,2030,,,,,,,0.6633211326410438,,,,,,,,,,,,,,,
754,1,DDP,,Cacao,co2_cultivos,,2031,,,,,,,0.6560318894252082,,,,,,,,,,,,,,,
754,1,DDP,,Cacao,co2_cultivos,,2032,,,,,,,0.6487426462093725,,,,,,,,,,,,,,,
754,1,DDP,,Cacao,co2_cultivos,,2033,,,,,,,0.6414534029935368,,,,,,,,,,,,,,,
754,1,DDP,,Cacao,co2_cultivos,,2034,,,,,,,0.6341641597777011,,,,,,,,,,,,,,,
754,1,DDP,,Cacao,co2_cultivos,,2035,,,,,,,0.6268749165618656,,,,,,,,,,,,,,,
754,1,DDP,,Cacao,co2_cultivos,,2036,,,,,,,0.6195856733460299,,,,,,,,,,,,,,,
754,1,DDP,,Cacao,co2_cultivos,,2037,,,,,,,0.6122964301301942,,,,,,,,,,,,,,,
754,1,DDP,,Cacao,co2_cultivos,,2038,,,,,,,0.6050071869143586,,,,,,,,,,,,,,,
754,1,DDP,,Cacao,co2_cultivos,,2039,,,,,,,0.597717943698523,,,,,,,,,,,,,,,
754,1,DDP,,Cacao,co2_cultivos,,2040,,,,,,,0.5904287004826874,,,,,,,,,,,,,,,
754,1,DDP,,Cacao,co2_cultivos,,2041,,,,,,,0.5831394572668517,,,,,,,,,,,,,,,
754,1,DDP,,Cacao,co2_cultivos,,2042,,,,,,,0.575850214051016,,,,,,,,,,,,,,,
754,1,DDP,,Cacao,co2_cultivos,,2043,,,,,,,0.5685609708351804,,,,,,,,,,,,,,,
754,1,DDP,,Cacao,co2_cultivos,,2044,,,,,,,0.5612717276193447,,,,,,,,,,,,,,,
754,1,DDP,,Cacao,co2_cultivos,,2045,,,,,,,0.5539824844035091,,,,,,,,,,,,,,,
754,1,DDP,,Cacao,co2_cultivos,,2046,,,,,,,0.5466932411876735,,,,,,,,,,,,,,,
754,1,DDP,,Cacao,co2_cultivos,,2047,,,,,,,0.5394039979718378,,,,,,,,,,,,,,,
754,1,DDP,,Cacao,co2_cultivos,,2048,,,,,,,0.5321147547560021,,,,,,,,,,,,,,,
754,1,DDP,,Cacao,co2_cultivos,,2049,,,,,,,0.5248255115401664,,,,,,,,,,,,,,,
754,1,DDP,,Cacao,co2_cultivos,,2050,,,,,,,0.5175362683243309,,,,,,,,,,,,,,,
754,1,DDP,,Cacao,co2_cultivos,,2051,,,,,,,0.5102470251084952,,,,,,,,,,,,,,,
754,1,DDP,,Cacao,co2_cultivos,,2052,,,,,,,0.5029577818926595,,,,,,,,,,,,,,,
754,1,DDP,,Cacao,co2_cultivos,,2053,,,,,,,0.4956685386768239,,,,,,,,,,,,,,,
754,1,DDP,,Cacao,co2_cultivos,,2054,,,,,,,0.4883792954609882,,,,,,,,,,,,,,,
754,1,DDP,,Cacao,co2_cultivos,,2055,,,,,,,0.4810900522451526,,,,,,,,,,,,,,,
754,1,DDP,,Cacao,co2_cultivos,,2056,,,,,,,0.473800809029317,,,,,,,,,,,,,,,
754,1,DDP,,Cacao,co2_cultivos,,2057,,,,,,,0.4665115658134814,,,,,,,,,,,,,,,
754,1,DDP,,Cacao,co2_cultivos,,2058,,,,,,,0.4592223225976457,,,,,,,,,,,,,,,
754,1,DDP,,Cacao,co2_cultivos,,2059,,,,,,,0.45193307938181,,,,,,,,,,,,,,,
754,1,DDP,,Cacao,co2_cultivos,,2060,,,,,,,0.4446438361659744,,,,,,,,,,,,,,,
754,1,DDP,,Cacao,co2_cultivos,,2061,,,,,,,0.4373545929501387,,,,,,,,,,,,,,,
754,1,DDP,,Cacao,co2_cultivos,,2062,,,,,,,0.4300653497343032,,,,,,,,,,,,,,,
754,1,DDP,,Cacao,co2_cultivos,,2063,,,,,,,0.4227761065184675,,,,,,,,,,,,,,,
754,1,DDP,,Cacao,co2_cultivos,,2064,,,,,,,0.4154868633026318,,,,,,,,,,,,,,,
754,1,DDP,,Cacao,co2_cultivos,,2065,,,,,,,0.4081976200867962,,,,,,,,,,,,,,,
754,1,DDP,,Cacao,co2_cultivos,,2066,,,,,,,0.4009083768709605,,,,,,,,,,,,,,,
754,1,DDP,,Cacao,co2_cultivos,,2067,,,,,,,0.3936191336551249,,,,,,,,,,,,,,,
754,1,DDP,,Cacao,co2_cultivos,,2068,,,,,,,0.3863298904392892,,,,,,,,,,,,,,,
754,1,DDP,,Cacao,co2_cultivos,,2069,,,,,,,0.3790406472234536,,,,,,,,,,,,,,,
754,1,DDP,,Cacao,co2_cultivos,,2070,,,,,,,0.3717514040076179,,,,,,,,,,,,,,,
754,1,DDP,,Cafe,co2_cultivos,,2018,,,,,,,1.3361565145792687,,,,,,,,,,,,,,,
754,1,DDP,,Cafe,co2_cultivos,,2019,,,,,,,0.0,,,,,,,,,,,,,,,
754,1,DDP,,Cafe,co2_cultivos,,2020,,,,,,,0.0,,,,,,,,,,,,,,,
754,1,DDP,,Cafe,co2_cultivos,,2021,,,,,,,0.9369233995745443,,,,,,,,,,,,,,,
754,1,DDP,,Cafe,co2_cultivos,,2022,,,,,,,0.9691894675155779,,,,,,,,,,,,,,,
754,1,DDP,,Cafe,co2_cultivos,,2023,,,,,,,0.9498056781652663,,,,,,,,,,,,,,,
754,1,DDP,,Cafe,co2_cultivos,,2024,,,,,,,0.9401137834901105,,,,,,,,,,,,,,,
754,1,DDP,,Cafe,co2_cultivos,,2025,,,,,,,0.9304218888149547,,,,,,,,,,,,,,,
754,1,DDP,,Cafe,co2_cultivos,,2026,,,,,,,0.920729994139799,,,,,,,,,,,,,,,
754,1,DDP,,Cafe,co2_cultivos,,2027,,,,,,,0.9110380994646432,,,,,,,,,,,,,,,
754,1,DDP,,Cafe,co2_cultivos,,2028,,,,,,,0.9013462047894873,,,,,,,,,,,,,,,
754,1,DDP,,Cafe,co2_cultivos,,2029,,,,,,,0.8916543101143317,,,,,,,,,,,,,,,
754,1,DDP,,Cafe,co2_cultivos,,2030,,,,,,,0.8819624154391759,,,,,,,,,,,,,,,
754,1,DDP,,Cafe,co2_cultivos,,2031,,,,,,,0.8722705207640201,,,,,,,,,,,,,,,
754,1,DDP,,Cafe,co2_cultivos,,2032,,,,,,,0.8625786260888644,,,,,,,,,,,,,,,
754,1,DDP,,Cafe,co2_cultivos,,2033,,,,,,,0.8528867314137085,,,,,,,,,,,,,,,
754,1,DDP,,Cafe,co2_cultivos,,2034,,,,,,,0.8431948367385528,,,,,,,,,,,,,,,
754,1,DDP,,Cafe,co2_cultivos,,2035,,,,,,,0.8335029420633969,,,,,,,,,,,,,,,
754,1,DDP,,Cafe,co2_cultivos,,2036,,,,,,,0.8238110473882412,,,,,,,,,,,,,,,
754,1,DDP,,Cafe,co2_cultivos,,2037,,,,,,,0.8141191527130854,,,,,,,,,,,,,,,
754,1,DDP,,Cafe,co2_cultivos,,2038,,,,,,,0.8044272580379296,,,,,,,,,,,,,,,
754,1,DDP,,Cafe,co2_cultivos,,2039,,,,,,,0.794735363362774,,,,,,,,,,,,,,,
754,1,DDP,,Cafe,co2_cultivos,,2040,,,,,,,0.7850434686876181,,,,,,,,,,,,,,,
754,1,DDP,,Cafe,co2_cultivos,,2041,,,,,,,0.7753515740124624,,,,,,,,,,,,,,,
754,1,DDP,,Cafe,co2_cultivos,,2042,,,,,,,0.7656596793373066,,,,,,,,,,,,,,,
754,1,DDP,,Cafe,co2_cultivos,,2043,,,,,,,0.7559677846621508,,,,,,,,,,,,,,,
754,1,DDP,,Cafe,co2_cultivos,,2044,,,,,,,0.746275889986995,,,,,,,,,,,,,,,
754,1,DDP,,Cafe,co2_cultivos,,2045,,,,,,,0.7365839953118392,,,,,,,,,,,,,,,
754,1,DDP,,Cafe,co2_cultivos,,2046,,,,,,,0.7268921006366834,,,,,,,,,,,,,,,
754,1,DDP,,Cafe,co2_cultivos,,2047,,,,,,,0.7172002059615277,,,,,,,,,,,,,,,
754,1,DDP,,Cafe,co2_cultivos,,2048,,,,,,,0.7075083112863718,,,,,,,,,,,,,,,
754,1,DDP,,Cafe,co2_cultivos,,2049,,,,,,,0.6978164166112161,,,,,,,,,,,,,,,
754,1,DDP,,Cafe,co2_cultivos,,2050,,,,,,,0.6881245219360602,,,,,,,,,,,,,,,
754,1,DDP,,Cafe,co2_cultivos,,2051,,,,,,,0.6784326272609045,,,,,,,,,,,,,,,
754,1,DDP,,Cafe,co2_cultivos,,2052,,,,,,,0.6687407325857487,,,,,,,,,,,,,,,
754,1,DDP,,Cafe,co2_cultivos,,2053,,,,,,,0.6590488379105929,,,,,,,,,,,,,,,
754,1,DDP,,Cafe,co2_cultivos,,2054,,,,,,,0.6493569432354371,,,,,,,,,,,,,,,
754,1,DDP,,Cafe,co2_cultivos,,2055,,,,,,,0.6396650485602813,,,,,,,,,,,,,,,
754,1,DDP,,Cafe,co2_cultivos,,2056,,,,,,,0.6299731538851256,,,,,,,,,,,,,,,
754,1,DDP,,Cafe,co2_cultivos,,2057,,,,,,,0.6202812592099699,,,,,,,,,,,,,,,
754,1,DDP,,Cafe,co2_cultivos,,2058,,,,,,,0.610589364534814,,,,,,,,,,,,,,,
754,1,DDP,,Cafe,co2_cultivos,,2059,,,,,,,0.6008974698596583,,,,,,,,,,,,,,,
754,1,DDP,,Cafe,co2_cultivos,,2060,,,,,,,0.5912055751845025,,,,,,,,,,,,,,,
754,1,DDP,,Cafe,co2_cultivos,,2061,,,,,,,0.5815136805093467,,,,,,,,,,,,,,,
754,1,DDP,,Cafe,co2_cultivos,,2062,,,,,,,0.5718217858341911,,,,,,,,,,,,,,,
754,1,DDP,,Cafe,co2_cultivos,,2063,,,,,,,0.5621298911590352,,,,,,,,,,,,,,,
754,1,DDP,,Cafe,co2_cultivos,,2064,,,,,,,0.5524379964838795,,,,,,,,,,,,,,,
754,1,DDP,,Cafe,co2_cultivos,,2065,,,,,,,0.5427461018087236,,,,,,,,,,,,,,,
754,1,DDP,,Cafe,co2_cultivos,,2066,,,,,,,0.5330542071335679,,,,,,,,,,,,,,,
754,1,DDP,,Cafe,co2_cultivos,,2067,,,,,,,0.5233623124584121,,,,,,,,,,,,,,,
754,1,DDP,,Cafe,co2_cultivos,,2068,,,,,,,0.5136704177832563,,,,,,,,,,,,,,,
754,1,DDP,,Cafe,co2_cultivos,,2069,,,,,,,0.5039785231081005,,,,,,,,,,,,,,,
754,1,DDP,,Cafe,co2_cultivos,,2070,,,,,,,0.4942866284329447,,,,,,,,,,,,,,,
754,1,DDP,,Cana,co2_cultivos,,2018,,,,,,,2.4955547337555917,,,,,,,,,,,,,,,
754,1,DDP,,Cana,co2_cultivos,,2019,,,,,,,2.137888789182813,,,,,,,,,,,,,,,
754,1,DDP,,Cana,co2_cultivos,,2020,,,,,,,1.763680775152944,,,,,,,,,,,,,,,
754,1,DDP,,Cana,co2_cultivos,,2021,,,,,,,1.980667276351797,,,,,,,,,,,,,,,
754,1,DDP,,Cana,co2_cultivos,,2022,,,,,,,2.0488781300206984,,,,,,,,,,,,,,,
754,1,DDP,,Cana,co2_cultivos,,2023,,,,,,,2.0079005674202843,,,,,,,,,,,,,,,
754,1,DDP,,Cana,co2_cultivos,,2024,,,,,,,1.9874117861200773,,,,,,,,,,,,,,,
754,1,DDP,,Cana,co2_cultivos,,2025,,,,,,,1.9669230048198705,,,,,,,,,,,,,,,
754,1,DDP,,Cana,co2_cultivos,,2026,,,,,,,1.9464342235196634,,,,,,,,,,,,,,,
754,1,DDP,,Cana,co2_cultivos,,2027,,,,,,,1.9259454422194564,,,,,,,,,,,,,,,
754,1,DDP,,Cana,co2_cultivos,,2028,,,,,,,1.9054566609192494,,,,,,,,,,,,,,,
754,1,DDP,,Cana,co2_cultivos,,2029,,,,,,,1.8849678796190426,,,,,,,,,,,,,,,
754,1,DDP,,Cana,co2_cultivos,,2030,,,,,,,1.8644790983188355,,,,,,,,,,,,,,,
754,1,DDP,,Cana,co2_cultivos,,2031,,,,,,,1.8439903170186287,,,,,,,,,,,,,,,
754,1,DDP,,Cana,co2_cultivos,,2032,,,,,,,1.8235015357184217,,,,,,,,,,,,,,,
754,1,DDP,,Cana,co2_cultivos,,2033,,,,,,,1.8030127544182146,,,,,,,,,,,,,,,
754,1,DDP,,Cana,co2_cultivos,,2034,,,,,,,1.7825239731180076,,,,,,,,,,,,,,,
754,1,DDP,,Cana,co2_cultivos,,2035,,,,,,,1.7620351918178006,,,,,,,,,,,,,,,
754,1,DDP,,Cana,co2_cultivos,,2036,,,,,,,1.7415464105175935,,,,,,,,,,,,,,,
754,1,DDP,,Cana,co2_cultivos,,2037,,,,,,,1.7210576292173867,,,,,,,,,,,,,,,
754,1,DDP,,Cana,co2_cultivos,,2038,,,,,,,1.7005688479171797,,,,,,,,,,,,,,,
754,1,DDP,,Cana,co2_cultivos,,2039,,,,,,,1.6800800666169728,,,,,,,,,,,,,,,
754,1,DDP,,Cana,co2_cultivos,,2040,,,,,,,1.6595912853167658,,,,,,,,,,,,,,,
754,1,DDP,,Cana,co2_cultivos,,2041,,,,,,,1.6391025040165588,,,,,,,,,,,,,,,
754,1,DDP,,Cana,co2_cultivos,,2042,,,,,,,1.6186137227163517,,,,,,,,,,,,,,,
754,1,DDP,,Cana,co2_cultivos,,2043,,,,,,,1.598124941416145,,,,,,,,,,,,,,,
754,1,DDP,,Cana,co2_cultivos,,2044,,,,,,,1.5776361601159379,,,,,,,,,,,,,,,
754,1,DDP,,Cana,co2_cultivos,,2045,,,,,,,1.5571473788157308,,,,,,,,,,,,,,,
754,1,DDP,,Cana,co2_cultivos,,2046,,,,,,,1.5366585975155238,,,,,,,,,,,,,,,
754,1,DDP,,Cana,co2_cultivos,,2047,,,,,,,1.5161698162153168,,,,,,,,,,,,,,,
754,1,DDP,,Cana,co2_cultivos,,2048,,,,,,,1.4956810349151097,,,,,,,,,,,,,,,
754,1,DDP,,Cana,co2_cultivos,,2049,,,,,,,1.4751922536149027,,,,,,,,,,,,,,,
754,1,DDP,,Cana,co2_cultivos,,2050,,,,,,,1.4547034723146959,,,,,,,,,,,,,,,
754,1,DDP,,Cana,co2_cultivos,,2051,,,,,,,1.4342146910144888,,,,,,,,,,,,,,,
754,1,DDP,,Cana,co2_cultivos,,2052,,,,,,,1.4137259097142818,,,,,,,,,,,,,,,
754,1,DDP,,Cana,co2_cultivos,,2053,,,,,,,1.3932371284140748,,,,,,,,,,,,,,,
754,1,DDP,,Cana,co2_cultivos,,2054,,,,,,,1.3727483471138677,,,,,,,,,,,,,,,
754,1,DDP,,Cana,co2_cultivos,,2055,,,,,,,1.3522595658136607,,,,,,,,,,,,,,,
754,1,DDP,,Cana,co2_cultivos,,2056,,,,,,,1.331770784513454,,,,,,,,,,,,,,,
754,1,DDP,,Cana,co2_cultivos,,2057,,,,,,,1.311282003213247,,,,,,,,,,,,,,,
754,1,DDP,,Cana,co2_cultivos,,2058,,,,,,,1.29079322191304,,,,,,,,,,,,,,,
754,1,DDP,,Cana,co2_cultivos,,2059,,,,,,,1.270304440612833,,,,,,,,,,,,,,,
754,1,DDP,,Cana,co2_cultivos,,2060,,,,,,,1.249815659312626,,,,,,,,,,,,,,,
754,1,DDP,,Cana,co2_cultivos,,2061,,,,,,,1.229326878012419,,,,,,,,,,,,,,,
754,1,DDP,,Cana,co2_cultivos,,2062,,,,,,,1.2088380967122123,,,,,,,,,,,,,,,
754,1,DDP,,Cana,co2_cultivos,,2063,,,,,,,1.1883493154120053,,,,,,,,,,,,,,,
754,1,DDP,,Cana,co2_cultivos,,2064,,,,,,,1.1678605341117982,,,,,,,,,,,,,,,
754,1,DDP,,Cana,co2_cultivos,,2065,,,,,,,1.1473717528115912,,,,,,,,,,,,,,,
754,1,DDP,,Cana,co2_cultivos,,2066,,,,,,,1.1268829715113842,,,,,,,,,,,,,,,
754,1,DDP,,Cana,co2_cultivos,,2067,,,,,,,1.1063941902111771,,,,,,,,,,,,,,,
754,1,DDP,,Cana,co2_cultivos,,2068,,,,,,,1.0859054089109703,,,,,,,,,,,,,,,
754,1,DDP,,Cana,co2_cultivos,,2069,,,,,,,1.0654166276107633,,,,,,,,,,,,,,,
754,1,DDP,,Cana,co2_cultivos,,2070,,,,,,,1.0449278463105562,,,,,,,,,,,,,,,
754,1,DDP,,Maiz,co2_cultivos,,2018,,,,,,,2.549255613407587,,,,,,,,,,,,,,,
754,1,DDP,,Maiz,co2_cultivos,,2019,,,,,,,3.597114228136139,,,,,,,,,,,,,,,
754,1,DDP,,Maiz,co2_cultivos,,2020,,,,,,,3.239824680806909,,,,,,,,,,,,,,,
754,1,DDP,,Maiz,co2_cultivos,,2021,,,,,,,2.9807399195162234,,,,,,,,,,,,,,,
754,1,DDP,,Maiz,co2_cultivos,,2022,,,,,,,3.0833915949907977,,,,,,,,,,,,,,,
754,1,DDP,,Maiz,co2_cultivos,,2023,,,,,,,3.0217237630909817,,,,,,,,,,,,,,,
754,1,DDP,,Maiz,co2_cultivos,,2024,,,,,,,2.990889847141074,,,,,,,,,,,,,,,
754,1,DDP,,Maiz,co2_cultivos,,2025,,,,,,,2.9600559311911656,,,,,,,,,,,,,,,
754,1,DDP,,Maiz,co2_cultivos,,2026,,,,,,,2.929222015241258,,,,,,,,,,,,,,,
754,1,DDP,,Maiz,co2_cultivos,,2027,,,,,,,2.8983880992913496,,,,,,,,,,,,,,,
754,1,DDP,,Maiz,co2_cultivos,,2028,,,,,,,2.8675541833414417,,,,,,,,,,,,,,,
754,1,DDP,,Maiz,co2_cultivos,,2029,,,,,,,2.836720267391534,,,,,,,,,,,,,,,
754,1,DDP,,Maiz,co2_cultivos,,2030,,,,,,,2.805886351441626,,,,,,,,,,,,,,,
754,1,DDP,,Maiz,co2_cultivos,,2031,,,,,,,2.775052435491718,,,,,,,,,,,,,,,
754,1,DDP,,Maiz,co2_cultivos,,2032,,,,,,,2.74421851954181,,,,,,,,,,,,,,,
754,1,DDP,,Maiz,co2_cultivos,,2033,,,,,,,2.713384603591902,,,,,,,,,,,,,,,
754,1,DDP,,Maiz,co2_cultivos,,2034,,,,,,,2.682550687641994,,,,,,,,,,,,,,,
754,1,DDP,,Maiz,co2_cultivos,,2035,,,,,,,2.651716771692086,,,,,,,,,,,,,,,
754,1,DDP,,Maiz,co2_cultivos,,2036,,,,,,,2.620882855742178,,,,,,,,,,,,,,,
754,1,DDP,,Maiz,co2_cultivos,,2037,,,,,,,2.59004893979227,,,,,,,,,,,,,,,
754,1,DDP,,Maiz,co2_cultivos,,2038,,,,,,,2.559215023842362,,,,,,,,,,,,,,,
754,1,DDP,,Maiz,co2_cultivos,,2039,,,,,,,2.5283811078924545,,,,,,,,,,,,,,,
754,1,DDP,,Maiz,co2_cultivos,,2040,,,,,,,2.4975471919425463,,,,,,,,,,,,,,,
754,1,DDP,,Maiz,co2_cultivos,,2041,,,,,,,2.4667132759926385,,,,,,,,,,,,,,,
754,1,DDP,,Maiz,co2_cultivos,,2042,,,,,,,2.43587936004273,,,,,,,,,,,,,,,
754,1,DDP,,Maiz,co2_cultivos,,2043,,,,,,,2.4050454440928224,,,,,,,,,,,,,,,
754,1,DDP,,Maiz,co2_cultivos,,2044,,,,,,,2.374211528142914,,,,,,,,,,,,,,,
754,1,DDP,,Maiz,co2_cultivos,,2045,,,,,,,2.3433776121930063,,,,,,,,,,,,,,,
754,1,DDP,,Maiz,co2_cultivos,,2046,,,,,,,2.3125436962430985,,,,,,,,,,,,,,,
754,1,DDP,,Maiz,co2_cultivos,,2047,,,,,,,2.2817097802931903,,,,,,,,,,,,,,,
754,1,DDP,,Maiz,co2_cultivos,,2048,,,,,,,2.2508758643432825,,,,,,,,,,,,,,,
754,1,DDP,,Maiz,co2_cultivos,,2049,,,,,,,2.220041948393374,,,,,,,,,,,,,,,
754,1,DDP,,Maiz,co2_cultivos,,2050,,,,,,,2.1892080324434664,,,,,,,,,,,,,,,
754,1,DDP,,Maiz,co2_cultivos,,2051,,,,,,,2.158374116493558,,,,,,,,,,,,,,,
754,1,DDP,,Maiz,co2_cultivos,,2052,,,,,,,2.1275402005436503,,,,,,,,,,,,,,,
754,1,DDP,,Maiz,co2_cultivos,,2053,,,,,,,2.096706284593742,,,,,,,,,,,,,,,
754,1,DDP,,Maiz,co2_cultivos,,2054,,,,,,,2.0658723686438343,,,,,,,,,,,,,,,
754,1,DDP,,Maiz,co2_cultivos,,2055,,,,,,,2.0350384526939265,,,,,,,,,,,,,,,
754,1,DDP,,Maiz,co2_cultivos,,2056,,,,,,,2.0042045367440187,,,,,,,,,,,,,,,
754,1,DDP,,Maiz,co2_cultivos,,2057,,,,,,,1.9733706207941106,,,,,,,,,,,,,,,
754,1,DDP,,Maiz,co2_cultivos,,2058,,,,,,,1.9425367048442026,,,,,,,,,,,,,,,
754,1,DDP,,Maiz,co2_cultivos,,2059,,,,,,,1.9117027888942946,,,,,,,,,,,,,,,
754,1,DDP,,Maiz,co2_cultivos,,2060,,,,,,,1.8808688729443865,,,,,,,,,,,,,,,
754,1,DDP,,Maiz,co2_cultivos,,2061,,,,,,,1.8500349569944785,,,,,,,,,,,,,,,
754,1,DDP,,Maiz,co2_cultivos,,2062,,,,,,,1.819201041044571,,,,,,,,,,,,,,,
754,1,DDP,,Maiz,co2_cultivos,,2063,,,,,,,1.788367125094663,,,,,,,,,,,,,,,
754,1,DDP,,Maiz,co2_cultivos,,2064,,,,,,,1.7575332091447549,,,,,,,,,,,,,,,
754,1,DDP,,Maiz,co2_cultivos,,2065,,,,,,,1.7266992931948468,,,,,,,,,,,,,,,
754,1,DDP,,Maiz,co2_cultivos,,2066,,,,,,,1.6958653772449388,,,,,,,,,,,,,,,
754,1,DDP,,Maiz,co2_cultivos,,2067,,,,,,,1.665031461295031,,,,,,,,,,,,,,,
754,1,DDP,,Maiz,co2_cultivos,,2068,,,,,,,1.634197545345123,,,,,,,,,,,,,,,
754,1,DDP,,Maiz,co2_cultivos,,2069,,,,,,,1.603363629395215,,,,,,,,,,,,,,,
754,1,DDP,,Maiz,co2_cultivos,,2070,,,,,,,1.572529713445307,,,,,,,,,,,,,,,
754,1,DDP,,Palma,co2_cultivos,,2018,,,,,,,1.1179078024991242,,,,,,,,,,,,,,,
754,1,DDP,,Palma,co2_cultivos,,2019,,,,,,,1.4147487905707,,,,,,,,,,,,,,,
754,1,DDP,,Palma,co2_cultivos,,2020,,,,,,,1.2661622067614817,,,,,,,,,,,,,,,
754,1,DDP,,Palma,co2_cultivos,,2021,,,,,,,1.8497613529230506,,,,,,,,,,,,,,,
754,1,DDP,,Palma,co2_cultivos,,2022,,,,,,,1.9134640264983032,,,,,,,,,,,,,,,
754,1,DDP,,Palma,co2_cultivos,,2023,,,,,,,1.8751947459683371,,,,,,,,,,,,,,,
754,1,DDP,,Palma,co2_cultivos,,2024,,,,,,,1.8560601057033541,,,,,,,,,,,,,,,
754,1,DDP,,Palma,co2_cultivos,,2025,,,,,,,1.8369254654383709,,,,,,,,,,,,,,,
754,1,DDP,,Palma,co2_cultivos,,2026,,,,,,,1.8177908251733879,,,,,,,,,,,,,,,
754,1,DDP,,Palma,co2_cultivos,,2027,,,,,,,1.7986561849084048,,,,,,,,,,,,,,,
754,1,DDP,,Palma,co2_cultivos,,2028,,,,,,,1.7795215446434218,,,,,,,,,,,,,,,
754,1,DDP,,Palma,co2_cultivos,,2029,,,,,,,1.760386904378439,,,,,,,,,,,,,,,
754,1,DDP,,Palma,co2_cultivos,,2030,,,,,,,1.741252264113456,,,,,,,,,,,,,,,
754,1,DDP,,Palma,co2_cultivos,,2031,,,,,,,1.7221176238484728,,,,,,,,,,,,,,,
754,1,DDP,,Palma,co2_cultivos,,2032,,,,,,,1.7029829835834898,,,,,,,,,,,,,,,
754,1,DDP,,Palma,co2_cultivos,,2033,,,,,,,1.6838483433185067,,,,,,,,,,,,,,,
754,1,DDP,,Palma,co2_cultivos,,2034,,,,,,,1.6647137030535237,,,,,,,,,,,,,,,
754,1,DDP,,Palma,co2_cultivos,,2035,,,,,,,1.6455790627885407,,,,,,,,,,,,,,,
754,1,DDP,,Palma,co2_cultivos,,2036,,,,,,,1.6264444225235577,,,,,,,,,,,,,,,
754,1,DDP,,Palma,co2_cultivos,,2037,,,,,,,1.6073097822585747,,,,,,,,,,,,,,,
754,1,DDP,,Palma,co2_cultivos,,2038,,,,,,,1.5881751419935914,,,,,,,,,,,,,,,
754,1,DDP,,Palma,co2_cultivos,,2039,,,,,,,1.5690405017286086,,,,,,,,,,,,,,,
754,1,DDP,,Palma,co2_cultivos,,2040,,,,,,,1.5499058614636256,,,,,,,,,,,,,,,
754,1,DDP,,Palma,co2_cultivos,,2041,,,,,,,1.5307712211986426,,,,,,,,,,,,,,,
754,1,DDP,,Palma,co2_cultivos,,2042,,,,,,,1.5116365809336596,,,,,,,,,,,,,,,
754,1,DDP,,Palma,co2_cultivos,,2043,,,,,,,1.4925019406686766,,,,,,,,,,,,,,,
754,1,DDP,,Palma,co2_cultivos,,2044,,,,,,,1.4733673004036936,,,,,,,,,,,,,,,
754,1,DDP,,Palma,co2_cultivos,,2045,,,,,,,1.4542326601387103,,,,,,,,,,,,,,,
754,1,DDP,,Palma,co2_cultivos,,2046,,,,,,,1.4350980198737273,,,,,,,,,,,,,,,
754,1,DDP,,Palma,co2_cultivos,,2047,,,,,,,1.4159633796087443,,,,,,,,,,,,,,,
754,1,DDP,,Palma,co2_cultivos,,2048,,,,,,,1.3968287393437613,,,,,,,,,,,,,,,
754,1,DDP,,Palma,co2_cultivos,,2049,,,,,,,1.3776940990787783,,,,,,,,,,,,,,,
754,1,DDP,,Palma,co2_cultivos,,2050,,,,,,,1.3585594588137953,,,,,,,,,,,,,,,
754,1,DDP,,Palma,co2_cultivos,,2051,,,,,,,1.3394248185488122,,,,,,,,,,,,,,,
754,1,DDP,,Palma,co2_cultivos,,2052,,,,,,,1.320290178283829,,,,,,,,,,,,,,,
754,1,DDP,,Palma,co2_cultivos,,2053,,,,,,,1.301155538018846,,,,,,,,,,,,,,,
754,1,DDP,,Palma,co2_cultivos,,2054,,,,,,,1.282020897753863,,,,,,,,,,,,,,,
754,1,DDP,,Palma,co2_cultivos,,2055,,,,,,,1.26288625748888,,,,,,,,,,,,,,,
754,1,DDP,,Palma,co2_cultivos,,2056,,,,,,,1.2437516172238972,,,,,,,,,,,,,,,
754,1,DDP,,Palma,co2_cultivos,,2057,,,,,,,1.2246169769589141,,,,,,,,,,,,,,,
754,1,DDP,,Palma,co2_cultivos,,2058,,,,,,,1.205482336693931,,,,,,,,,,,,,,,
754,1,DDP,,Palma,co2_cultivos,,2059,,,,,,,1.1863476964289479,,,,,,,,,,,,,,,
754,1,DDP,,Palma,co2_cultivos,,2060,,,,,,,1.1672130561639649,,,,,,,,,,,,,,,
754,1,DDP,,Palma,co2_cultivos,,2061,,,,,,,1.1480784158989819,,,,,,,,,,,,,,,
754,1,DDP,,Palma,co2_cultivos,,2062,,,,,,,1.128943775633999,,,,,,,,,,,,,,,
754,1,DDP,,Palma,co2_cultivos,,2063,,,,,,,1.109809135369016,,,,,,,,,,,,,,,
754,1,DDP,,Palma,co2_cultivos,,2064,,,,,,,1.090674495104033,,,,,,,,,,,,,,,
754,1,DDP,,Palma,co2_cultivos,,2065,,,,,,,1.0715398548390498,,,,,,,,,,,,,,,
754,1,DDP,,Palma,co2_cultivos,,2066,,,,,,,1.0524052145740668,,,,,,,,,,,,,,,
754,1,DDP,,Palma,co2_cultivos,,2067,,,,,,,1.0332705743090838,,,,,,,,,,,,,,,
754,1,DDP,,Palma,co2_cultivos,,2068,,,,,,,1.0141359340441007,,,,,,,,,,,,,,,
754,1,DDP,,Palma,co2_cultivos,,2069,,,,,,,0.9950012937791177,,,,,,,,,,,,,,,
754,1,DDP,,Palma,co2_cultivos,,2070,,,,,,,0.9758666535141346,,,,,,,,,,,,,,,
754,1,DDP,,Soya,co2_cultivos,,2018,,,,,,,0.50615893963611,,,,,,,,,,,,,,,
754,1,DDP,,Soya,co2_cultivos,,2019,,,,,,,0.5858590980009022,,,,,,,,,,,,,,,
754,1,DDP,,Soya,co2_cultivos,,2020,,,,,,,0.7748149490102432,,,,,,,,,,,,,,,
754,1,DDP,,Soya,co2_cultivos,,2021,,,,,,,0.4953970276108274,,,,,,,,,,,,,,,
754,1,DDP,,Soya,co2_cultivos,,2022,,,,,,,0.5124576690228528,,,,,,,,,,,,,,,
754,1,DDP,,Soya,co2_cultivos,,2023,,,,,,,0.5022085156423958,,,,,,,,,,,,,,,
754,1,DDP,,Soya,co2_cultivos,,2024,,,,,,,0.4970839389521672,,,,,,,,,,,,,,,
754,1,DDP,,Soya,co2_cultivos,,2025,,,,,,,0.4919593622619387,,,,,,,,,,,,,,,
754,1,DDP,,Soya,co2_cultivos,,2026,,,,,,,0.4868347855717102,,,,,,,,,,,,,,,
754,1,DDP,,Soya,co2_cultivos,,2027,,,,,,,0.4817102088814816,,,,,,,,,,,,,,,
754,1,DDP,,Soya,co2_cultivos,,2028,,,,,,,0.4765856321912531,,,,,,,,,,,,,,,
754,1,DDP,,Soya,co2_cultivos,,2029,,,,,,,0.4714610555010246,,,,,,,,,,,,,,,
754,1,DDP,,Soya,co2_cultivos,,2030,,,,,,,0.4663364788107961,,,,,,,,,,,,,,,
754,1,DDP,,Soya,co2_cultivos,,2031,,,,,,,0.4612119021205676,,,,,,,,,,,,,,,
754,1,DDP,,Soya,co2_cultivos,,2032,,,,,,,0.456087325430339,,,,,,,,,,,,,,,
754,1,DDP,,Soya,co2_cultivos,,2033,,,,,,,0.4509627487401105,,,,,,,,,,,,,,,
754,1,DDP,,Soya,co2_cultivos,,2034,,,,,,,0.445838172049882,,,,,,,,,,,,,,,
754,1,DDP,,Soya,co2_cultivos,,2035,,,,,,,0.4407135953596534,,,,,,,,,,,,,,,
754,1,DDP,,Soya,co2_cultivos,,2036,,,,,,,0.4355890186694249,,,,,,,,,,,,,,,
754,1,DDP,,Soya,co2_cultivos,,2037,,,,,,,0.4304644419791964,,,,,,,,,,,,,,,
754,1,DDP,,Soya,co2_cultivos,,2038,,,,,,,0.4253398652889678,,,,,,,,,,,,,,,
754,1,DDP,,Soya,co2_cultivos,,2039,,,,,,,0.4202152885987394,,,,,,,,,,,,,,,
754,1,DDP,,Soya,co2_cultivos,,2040,,,,,,,0.4150907119085108,,,,,,,,,,,,,,,
754,1,DDP,,Soya,co2_cultivos,,2041,,,,,,,0.4099661352182823,,,,,,,,,,,,,,,
754,1,DDP,,Soya,co2_cultivos,,2042,,,,,,,0.4048415585280538,,,,,,,,,,,,,,,
754,1,DDP,,Soya,co2_cultivos,,2043,,,,,,,0.3997169818378252,,,,,,,,,,,,,,,
754,1,DDP,,Soya,co2_cultivos,,2044,,,,,,,0.3945924051475967,,,,,,,,,,,,,,,
754,1,DDP,,Soya,co2_cultivos,,2045,,,,,,,0.3894678284573682,,,,,,,,,,,,,,,
754,1,DDP,,Soya,co2_cultivos,,2046,,,,,,,0.3843432517671396,,,,,,,,,,,,,,,
754,1,DDP,,Soya,co2_cultivos,,2047,,,,,,,0.3792186750769111,,,,,,,,,,,,,,,
754,1,DDP,,Soya,co2_cultivos,,2048,,,,,,,0.3740940983866826,,,,,,,,,,,,,,,
754,1,DDP,,Soya,co2_cultivos,,2049,,,,,,,0.368969521696454,,,,,,,,,,,,,,,
754,1,DDP,,Soya,co2_cultivos,,2050,,,,,,,0.3638449450062255,,,,,,,,,,,,,,,
754,1,DDP,,Soya,co2_cultivos,,2051,,,,,,,0.358720368315997,,,,,,,,,,,,,,,
754,1,DDP,,Soya,co2_cultivos,,2052,,,,,,,0.3535957916257684,,,,,,,,,,,,,,,
754,1,DDP,,Soya,co2_cultivos,,2053,,,,,,,0.3484712149355399,,,,,,,,,,,,,,,
754,1,DDP,,Soya,co2_cultivos,,2054,,,,,,,0.3433466382453114,,,,,,,,,,,,,,,
754,1,DDP,,Soya,co2_cultivos,,2055,,,,,,,0.3382220615550828,,,,,,,,,,,,,,,
754,1,DDP,,Soya,co2_cultivos,,2056,,,,,,,0.3330974848648544,,,,,,,,,,,,,,,
754,1,DDP,,Soya,co2_cultivos,,2057,,,,,,,0.3279729081746258,,,,,,,,,,,,,,,
754,1,DDP,,Soya,co2_cultivos,,2058,,,,,,,0.3228483314843973,,,,,,,,,,,,,,,
754,1,DDP,,Soya,co2_cultivos,,2059,,,,,,,0.3177237547941688,,,,,,,,,,,,,,,
754,1,DDP,,Soya,co2_cultivos,,2060,,,,,,,0.3125991781039402,,,,,,,,,,,,,,,
754,1,DDP,,Soya,co2_cultivos,,2061,,,,,,,0.3074746014137117,,,,,,,,,,,,,,,
754,1,DDP,,Soya,co2_cultivos,,2062,,,,,,,0.3023500247234832,,,,,,,,,,,,,,,
754,1,DDP,,Soya,co2_cultivos,,2063,,,,,,,0.2972254480332547,,,,,,,,,,,,,,,
754,1,DDP,,Soya,co2_cultivos,,2064,,,,,,,0.2921008713430261,,,,,,,,,,,,,,,
754,1,DDP,,Soya,co2_cultivos,,2065,,,,,,,0.2869762946527976,,,,,,,,,,,,,,,
754,1,DDP,,Soya,co2_cultivos,,2066,,,,,,,0.2818517179625691,,,,,,,,,,,,,,,
754,1,DDP,,Soya,co2_cultivos,,2067,,,,,,,0.2767271412723405,,,,,,,,,,,,,,,
754,1,DDP,,Soya,co2_cultivos,,2068,,,,,,,0.271602564582112,,,,,,,,,,,,,,,
754,1,DDP,,Soya,co2_cultivos,,2069,,,,,,,0.2664779878918835,,,,,,,,,,,,,,,
754,1,DDP,,Soya,co2_cultivos,,2070,,,,,,,0.261353411201655,,,,,,,,,,,,,,,
754,1,DDP,,Palmito,co2_cultivos,,2018,,,,,,,0.6581404902208022,,,,,,,,,,,,,,,
754,1,DDP,,Palmito,co2_cultivos,,2019,,,,,,,0.9160146670939346,,,,,,,,,,,,,,,
754,1,DDP,,Palmito,co2_cultivos,,2020,,,,,,,1.3315948696674498,,,,,,,,,,,,,,,
754,1,DDP,,Palmito,co2_cultivos,,2021,,,,,,,1.0406609553417525,,,,,,,,,,,,,,,
754,1,DDP,,Palmito,co2_cultivos,,2022,,,,,,,1.0764995704343907,,,,,,,,,,,,,,,
754,1,DDP,,Palmito,co2_cultivos,,2023,,,,,,,1.0549695790257028,,,,,,,,,,,,,,,
754,1,DDP,,Palmito,co2_cultivos,,2024,,,,,,,1.044204583321359,,,,,,,,,,,,,,,
754,1,DDP,,Palmito,co2_cultivos,,2025,,,,,,,1.033439587617015,,,,,,,,,,,,,,,
754,1,DDP,,Palmito,co2_cultivos,,2026,,,,,,,1.0226745919126712,,,,,,,,,,,,,,,
754,1,DDP,,Palmito,co2_cultivos,,2027,,,,,,,1.011909596208327,,,,,,,,,,,,,,,
754,1,DDP,,Palmito,co2_cultivos,,2028,,,,,,,1.0011446005039832,,,,,,,,,,,,,,,
754,1,DDP,,Palmito,co2_cultivos,,2029,,,,,,,0.9903796047996395,,,,,,,,,,,,,,,
754,1,DDP,,Palmito,co2_cultivos,,2030,,,,,,,0.9796146090952956,,,,,,,,,,,,,,,
754,1,DDP,,Palmito,co2_cultivos,,2031,,,,,,,0.9688496133909517,,,,,,,,,,,,,,,
754,1,DDP,,Palmito,co2_cultivos,,2032,,,,,,,0.9580846176866078,,,,,,,,,,,,,,,
754,1,DDP,,Palmito,co2_cultivos,,2033,,,,,,,0.9473196219822638,,,,,,,,,,,,,,,
754,1,DDP,,Palmito,co2_cultivos,,2034,,,,,,,0.9365546262779199,,,,,,,,,,,,,,,
754,1,DDP,,Palmito,co2_cultivos,,2035,,,,,,,0.925789630573576,,,,,,,,,,,,,,,
754,1,DDP,,Palmito,co2_cultivos,,2036,,,,,,,0.915024634869232,,,,,,,,,,,,,,,
754,1,DDP,,Palmito,co2_cultivos,,2037,,,,,,,0.9042596391648882,,,,,,,,,,,,,,,
754,1,DDP,,Palmito,co2_cultivos,,2038,,,,,,,0.8934946434605442,,,,,,,,,,,,,,,
754,1,DDP,,Palmito,co2_cultivos,,2039,,,,,,,0.8827296477562004,,,,,,,,,,,,,,,
754,1,DDP,,Palmito,co2_cultivos,,2040,,,,,,,0.8719646520518566,,,,,,,,,,,,,,,
754,1,DDP,,Palmito,co2_cultivos,,2041,,,,,,,0.8611996563475126,,,,,,,,,,,,,,,
754,1,DDP,,Palmito,co2_cultivos,,2042,,,,,,,0.8504346606431687,,,,,,,,,,,,,,,
754,1,DDP,,Palmito,co2_cultivos,,2043,,,,,,,0.8396696649388248,,,,,,,,,,,,,,,
754,1,DDP,,Palmito,co2_cultivos,,2044,,,,,,,0.8289046692344809,,,,,,,,,,,,,,,
754,1,DDP,,Palmito,co2_cultivos,,2045,,,,,,,0.818139673530137,,,,,,,,,,,,,,,
754,1,DDP,,Palmito,co2_cultivos,,2046,,,,,,,0.8073746778257931,,,,,,,,,,,,,,,
754,1,DDP,,Palmito,co2_cultivos,,2047,,,,,,,0.7966096821214491,,,,,,,,,,,,,,,
754,1,DDP,,Palmito,co2_cultivos,,2048,,,,,,,0.7858446864171051,,,,,,,,,,,,,,,
754,1,DDP,,Palmito,co2_cultivos,,2049,,,,,,,0.7750796907127613,,,,,,,,,,,,,,,
754,1,DDP,,Palmito,co2_cultivos,,2050,,,,,,,0.7643146950084173,,,,,,,,,,,,,,,
754,1,DDP,,Palmito,co2_cultivos,,2051,,,,,,,0.7535496993040735,,,,,,,,,,,,,,,
754,1,DDP,,Palmito,co2_cultivos,,2052,,,,,,,0.7427847035997295,,,,,,,,,,,,,,,
754,1,DDP,,Palmito,co2_cultivos,,2053,,,,,,,0.7320197078953856,,,,,,,,,,,,,,,
754,1,DDP,,Palmito,co2_cultivos,,2054,,,,,,,0.7212547121910416,,,,,,,,,,,,,,,
754,1,DDP,,Palmito,co2_cultivos,,2055,,,,,,,0.7104897164866978,,,,,,,,,,,,,,,
754,1,DDP,,Palmito,co2_cultivos,,2056,,,,,,,0.699724720782354,,,,,,,,,,,,,,,
754,1,DDP,,Palmito,co2_cultivos,,2057,,,,,,,0.6889597250780101,,,,,,,,,,,,,,,
754,1,DDP,,Palmito,co2_cultivos,,2058,,,,,,,0.6781947293736662,,,,,,,,,,,,,,,
754,1,DDP,,Palmito,co2_cultivos,,2059,,,,,,,0.6674297336693222,,,,,,,,,,,,,,,
754,1,DDP,,Palmito,co2_cultivos,,2060,,,,,,,0.6566647379649783,,,,,,,,,,,,,,,
754,1,DDP,,Palmito,co2_cultivos,,2061,,,,,,,0.6458997422606344,,,,,,,,,,,,,,,
754,1,DDP,,Palmito,co2_cultivos,,2062,,,,,,,0.6351347465562907,,,,,,,,,,,,,,,
754,1,DDP,,Palmito,co2_cultivos,,2063,,,,,,,0.6243697508519467,,,,,,,,,,,,,,,
754,1,DDP,,Palmito,co2_cultivos,,2064,,,,,,,0.6136047551476028,,,,,,,,,,,,,,,
754,1,DDP,,Palmito,co2_cultivos,,2065,,,,,,,0.6028397594432588,,,,,,,,,,,,,,,
754,1,DDP,,Palmito,co2_cultivos,,2066,,,,,,,0.592074763738915,,,,,,,,,,,,,,,
754,1,DDP,,Palmito,co2_cultivos,,2067,,,,,,,0.581309768034571,,,,,,,,,,,,,,,
754,1,DDP,,Palmito,co2_cultivos,,2068,,,,,,,0.5705447723302272,,,,,,,,,,,,,,,
754,1,DDP,,Palmito,co2_cultivos,,2069,,,,,,,0.5597797766258832,,,,,,,,,,,,,,,
754,1,DDP,,Palmito,co2_cultivos,,2070,,,,,,,0.5490147809215393,,,,,,,,,,,,,,,
754,1,DDP,,Legumbres,co2_cultivos,,2018,,,,,,,5.089222768844386,,,,,,,,,,,,,,,
754,1,DDP,,Legumbres,co2_cultivos,,2019,,,,,,,2.8582799686728095,,,,,,,,,,,,,,,
754,1,DDP,,Legumbres,co2_cultivos,,2020,,,,,,,2.2098190336666135,,,,,,,,,,,,,,,
754,1,DDP,,Legumbres,co2_cultivos,,2021,,,,,,,2.2100448784479787,,,,,,,,,,,,,,,
754,1,DDP,,Legumbres,co2_cultivos,,2022,,,,,,,2.2861551114009795,,,,,,,,,,,,,,,
754,1,DDP,,Legumbres,co2_cultivos,,2023,,,,,,,2.24043200917296,,,,,,,,,,,,,,,
754,1,DDP,,Legumbres,co2_cultivos,,2024,,,,,,,2.21757045805895,,,,,,,,,,,,,,,
754,1,DDP,,Legumbres,co2_cultivos,,2025,,,,,,,2.1947089069449404,,,,,,,,,,,,,,,
754,1,DDP,,Legumbres,co2_cultivos,,2026,,,,,,,2.1718473558309306,,,,,,,,,,,,,,,
754,1,DDP,,Legumbres,co2_cultivos,,2027,,,,,,,2.148985804716921,,,,,,,,,,,,,,,
754,1,DDP,,Legumbres,co2_cultivos,,2028,,,,,,,2.1261242536029106,,,,,,,,,,,,,,,
754,1,DDP,,Legumbres,co2_cultivos,,2029,,,,,,,2.1032627024889012,,,,,,,,,,,,,,,
754,1,DDP,,Legumbres,co2_cultivos,,2030,,,,,,,2.0804011513748915,,,,,,,,,,,,,,,
754,1,DDP,,Legumbres,co2_cultivos,,2031,,,,,,,2.0575396002608817,,,,,,,,,,,,,,,
754,1,DDP,,Legumbres,co2_cultivos,,2032,,,,,,,2.034678049146872,,,,,,,,,,,,,,,
754,1,DDP,,Legumbres,co2_cultivos,,2033,,,,,,,2.011816498032862,,,,,,,,,,,,,,,
754,1,DDP,,Legumbres,co2_cultivos,,2034,,,,,,,1.988954946918852,,,,,,,,,,,,,,,
754,1,DDP,,Legumbres,co2_cultivos,,2035,,,,,,,1.9660933958048423,,,,,,,,,,,,,,,
754,1,DDP,,Legumbres,co2_cultivos,,2036,,,,,,,1.9432318446908325,,,,,,,,,,,,,,,
754,1,DDP,,Legumbres,co2_cultivos,,2037,,,,,,,1.9203702935768228,,,,,,,,,,,,,,,
754,1,DDP,,Legumbres,co2_cultivos,,2038,,,,,,,1.897508742462813,,,,,,,,,,,,,,,
754,1,DDP,,Legumbres,co2_cultivos,,2039,,,,,,,1.8746471913488034,,,,,,,,,,,,,,,
754,1,DDP,,Legumbres,co2_cultivos,,2040,,,,,,,1.8517856402347934,,,,,,,,,,,,,,,
754,1,DDP,,Legumbres,co2_cultivos,,2041,,,,,,,1.8289240891207836,,,,,,,,,,,,,,,
754,1,DDP,,Legumbres,co2_cultivos,,2042,,,,,,,1.8060625380067739,,,,,,,,,,,,,,,
754,1,DDP,,Legumbres,co2_cultivos,,2043,,,,,,,1.783200986892764,,,,,,,,,,,,,,,
754,1,DDP,,Legumbres,co2_cultivos,,2044,,,,,,,1.7603394357787543,,,,,,,,,,,,,,,
754,1,DDP,,Legumbres,co2_cultivos,,2045,,,,,,,1.7374778846647445,,,,,,,,,,,,,,,
754,1,DDP,,Legumbres,co2_cultivos,,2046,,,,,,,1.7146163335507345,,,,,,,,,,,,,,,
754,1,DDP,,Legumbres,co2_cultivos,,2047,,,,,,,1.6917547824367247,,,,,,,,,,,,,,,
754,1,DDP,,Legumbres,co2_cultivos,,2048,,,,,,,1.668893231322715,,,,,,,,,,,,,,,
754,1,DDP,,Legumbres,co2_cultivos,,2049,,,,,,,1.6460316802087052,,,,,,,,,,,,,,,
754,1,DDP,,Legumbres,co2_cultivos,,2050,,,,,,,1.6231701290946954,,,,,,,,,,,,,,,
754,1,DDP,,Legumbres,co2_cultivos,,2051,,,,,,,1.6003085779806856,,,,,,,,,,,,,,,
754,1,DDP,,Legumbres,co2_cultivos,,2052,,,,,,,1.5774470268666758,,,,,,,,,,,,,,,
754,1,DDP,,Legumbres,co2_cultivos,,2053,,,,,,,1.5545854757526658,,,,,,,,,,,,,,,
754,1,DDP,,Legumbres,co2_cultivos,,2054,,,,,,,1.531723924638656,,,,,,,,,,,,,,,
754,1,DDP,,Legumbres,co2_cultivos,,2055,,,,,,,1.5088623735246462,,,,,,,,,,,,,,,
754,1,DDP,,Legumbres,co2_cultivos,,2056,,,,,,,1.4860008224106367,,,,,,,,,,,,,,,
754,1,DDP,,Legumbres,co2_cultivos,,2057,,,,,,,1.463139271296627,,,,,,,,,,,,,,,
754,1,DDP,,Legumbres,co2_cultivos,,2058,,,,,,,1.4402777201826171,,,,,,,,,,,,,,,
754,1,DDP,,Legumbres,co2_cultivos,,2059,,,,,,,1.4174161690686073,,,,,,,,,,,,,,,
754,1,DDP,,Legumbres,co2_cultivos,,2060,,,,,,,1.3945546179545976,,,,,,,,,,,,,,,
754,1,DDP,,Legumbres,co2_cultivos,,2061,,,,,,,1.3716930668405876,,,,,,,,,,,,,,,
754,1,DDP,,Legumbres,co2_cultivos,,2062,,,,,,,1.348831515726578,,,,,,,,,,,,,,,
754,1,DDP,,Legumbres,co2_cultivos,,2063,,,,,,,1.3259699646125682,,,,,,,,,,,,,,,
754,1,DDP,,Legumbres,co2_cultivos,,2064,,,,,,,1.3031084134985584,,,,,,,,,,,,,,,
754,1,DDP,,Legumbres,co2_cultivos,,2065,,,,,,,1.2802468623845487,,,,,,,,,,,,,,,
754,1,DDP,,Legumbres,co2_cultivos,,2066,,,,,,,1.2573853112705389,,,,,,,,,,,,,,,
754,1,DDP,,Legumbres,co2_cultivos,,2067,,,,,,,1.234523760156529,,,,,,,,,,,,,,,
754,1,DDP,,Legumbres,co2_cultivos,,2068,,,,,,,1.211662209042519,,,,,,,,,,,,,,,
754,1,DDP,,Legumbres,co2_cultivos,,2069,,,,,,,1.1888006579285093,,,,,,,,,,,,,,,
754,1,DDP,,Legumbres,co2_cultivos,,2070,,,,,,,1.1659391068144995,,,,,,,,,,,,,,,
754,1,DDP,,Cereales,co2_cultivos,,2018,,,,,,,1.6398430557260575,,,,,,,,,,,,,,,
754,1,DDP,,Cereales,co2_cultivos,,2019,,,,,,,2.0538404364855567,,,,,,,,,,,,,,,
754,1,DDP,,Cereales,co2_cultivos,,2020,,,,,,,1.7823032942891355,,,,,,,,,,,,,,,
754,1,DDP,,Cereales,co2_cultivos,,2021,,,,,,,2.3695814250896063,,,,,,,,,,,,,,,
754,1,DDP,,Cereales,co2_cultivos,,2022,,,,,,,2.4511858287030406,,,,,,,,,,,,,,,
754,1,DDP,,Cereales,co2_cultivos,,2023,,,,,,,2.4021621121289796,,,,,,,,,,,,,,,
754,1,DDP,,Cereales,co2_cultivos,,2024,,,,,,,2.3776502538419493,,,,,,,,,,,,,,,
754,1,DDP,,Cereales,co2_cultivos,,2025,,,,,,,2.353138395554919,,,,,,,,,,,,,,,
754,1,DDP,,Cereales,co2_cultivos,,2026,,,,,,,2.3286265372678883,,,,,,,,,,,,,,,
754,1,DDP,,Cereales,co2_cultivos,,2027,,,,,,,2.304114678980858,,,,,,,,,,,,,,,
754,1,DDP,,Cereales,co2_cultivos,,2028,,,,,,,2.2796028206938277,,,,,,,,,,,,,,,
754,1,DDP,,Cereales,co2_cultivos,,2029,,,,,,,2.2550909624067974,,,,,,,,,,,,,,,
754,1,DDP,,Cereales,co2_cultivos,,2030,,,,,,,2.230579104119767,,,,,,,,,,,,,,,
754,1,DDP,,Cereales,co2_cultivos,,2031,,,,,,,2.2060672458327364,,,,,,,,,,,,,,,
754,1,DDP,,Cereales,co2_cultivos,,2032,,,,,,,2.181555387545706,,,,,,,,,,,,,,,
754,1,DDP,,Cereales,co2_cultivos,,2033,,,,,,,2.157043529258676,,,,,,,,,,,,,,,
754,1,DDP,,Cereales,co2_cultivos,,2034,,,,,,,2.132531670971645,,,,,,,,,,,,,,,
754,1,DDP,,Cereales,co2_cultivos,,2035,,,,,,,2.108019812684615,,,,,,,,,,,,,,,
754,1,DDP,,Cereales,co2_cultivos,,2036,,,,,,,2.0835079543975845,,,,,,,,,,,,,,,
754,1,DDP,,Cereales,co2_cultivos,,2037,,,,,,,2.0589960961105542,,,,,,,,,,,,,,,
754,1,DDP,,Cereales,co2_cultivos,,2038,,,,,,,2.0344842378235235,,,,,,,,,,,,,,,
754,1,DDP,,Cereales,co2_cultivos,,2039,,,,,,,2.009972379536493,,,,,,,,,,,,,,,
754,1,DDP,,Cereales,co2_cultivos,,2040,,,,,,,1.985460521249463,,,,,,,,,,,,,,,
754,1,DDP,,Cereales,co2_cultivos,,2041,,,,,,,1.9609486629624326,,,,,,,,,,,,,,,
754,1,DDP,,Cereales,co2_cultivos,,2042,,,,,,,1.9364368046754021,,,,,,,,,,,,,,,
754,1,DDP,,Cereales,co2_cultivos,,2043,,,,,,,1.9119249463883716,,,,,,,,,,,,,,,
754,1,DDP,,Cereales,co2_cultivos,,2044,,,,,,,1.8874130881013413,,,,,,,,,,,,,,,
754,1,DDP,,Cereales,co2_cultivos,,2045,,,,,,,1.8629012298143108,,,,,,,,,,,,,,,
754,1,DDP,,Cereales,co2_cultivos,,2046,,,,,,,1.8383893715272803,,,,,,,,,,,,,,,
754,1,DDP,,Cereales,co2_cultivos,,2047,,,,,,,1.81387751324025,,,,,,,,,,,,,,,
754,1,DDP,,Cereales,co2_cultivos,,2048,,,,,,,1.7893656549532195,,,,,,,,,,,,,,,
754,1,DDP,,Cereales,co2_cultivos,,2049,,,,,,,1.7648537966661892,,,,,,,,,,,,,,,
754,1,DDP,,Cereales,co2_cultivos,,2050,,,,,,,1.7403419383791587,,,,,,,,,,,,,,,
754,1,DDP,,Cereales,co2_cultivos,,2051,,,,,,,1.7158300800921282,,,,,,,,,,,,,,,
754,1,DDP,,Cereales,co2_cultivos,,2052,,,,,,,1.691318221805098,,,,,,,,,,,,,,,
754,1,DDP,,Cereales,co2_cultivos,,2053,,,,,,,1.6668063635180674,,,,,,,,,,,,,,,
754,1,DDP,,Cereales,co2_cultivos,,2054,,,,,,,1.642294505231037,,,,,,,,,,,,,,,
754,1,DDP,,Cereales,co2_cultivos,,2055,,,,,,,1.6177826469440066,,,,,,,,,,,,,,,
754,1,DDP,,Cereales,co2_cultivos,,2056,,,,,,,1.5932707886569764,,,,,,,,,,,,,,,
754,1,DDP,,Cereales,co2_cultivos,,2057,,,,,,,1.568758930369946,,,,,,,,,,,,,,,
754,1,DDP,,Cereales,co2_cultivos,,2058,,,,,,,1.5442470720829156,,,,,,,,,,,,,,,
754,1,DDP,,Cereales,co2_cultivos,,2059,,,,,,,1.519735213795885,,,,,,,,,,,,,,,
754,1,DDP,,Cereales,co2_cultivos,,2060,,,,,,,1.4952233555088548,,,,,,,,,,,,,,,
754,1,DDP,,Cereales,co2_cultivos,,2061,,,,,,,1.4707114972218243,,,,,,,,,,,,,,,
754,1,DDP,,Cereales,co2_cultivos,,2062,,,,,,,1.4461996389347942,,,,,,,,,,,,,,,
754,1,DDP,,Cereales,co2_cultivos,,2063,,,,,,,1.4216877806477637,,,,,,,,,,,,,,,
754,1,DDP,,Cereales,co2_cultivos,,2064,,,,,,,1.3971759223607332,,,,,,,,,,,,,,,
754,1,DDP,,Cereales,co2_cultivos,,2065,,,,,,,1.372664064073703,,,,,,,,,,,,,,,
754,1,DDP,,Cereales,co2_cultivos,,2066,,,,,,,1.3481522057866724,,,,,,,,,,,,,,,
754,1,DDP,,Cereales,co2_cultivos,,2067,,,,,,,1.323640347499642,,,,,,,,,,,,,,,
754,1,DDP,,Cereales,co2_cultivos,,2068,,,,,,,1.2991284892126116,,,,,,,,,,,,,,,
754,1,DDP,,Cereales,co2_cultivos,,2069,,,,,,,1.274616630925581,,,,,,,,,,,,,,,
754,1,DDP,,Cereales,co2_cultivos,,2070,,,,,,,1.2501047726385508,,,,,,,,,,,,,,,
754,1,DDP,,Tuberculos,co2_cultivos,,2018,,,,,,,2.429232324994262,,,,,,,,,,,,,,,
754,1,DDP,,Tuberculos,co2_cultivos,,2019,,,,,,,2.4453086703415585,,,,,,,,,,,,,,,
754,1,DDP,,Tuberculos,co2_cultivos,,2020,,,,,,,2.093185234127383,,,,,,,,,,,,,,,
754,1,DDP,,Tuberculos,co2_cultivos,,2021,,,,,,,2.712479057589823,,,,,,,,,,,,,,,
754,1,DDP,,Tuberculos,co2_cultivos,,2022,,,,,,,2.8058922796318453,,,,,,,,,,,,,,,
754,1,DDP,,Tuberculos,co2_cultivos,,2023,,,,,,,2.7497744340392085,,,,,,,,,,,,,,,
754,1,DDP,,Tuberculos,co2_cultivos,,2024,,,,,,,2.72171551124289,,,,,,,,,,,,,,,
754,1,DDP,,Tuberculos,co2_cultivos,,2025,,,,,,,2.6936565884465713,,,,,,,,,,,,,,,
754,1,DDP,,Tuberculos,co2_cultivos,,2026,,,,,,,2.6655976656502527,,,,,,,,,,,,,,,
754,1,DDP,,Tuberculos,co2_cultivos,,2027,,,,,,,2.6375387428539345,,,,,,,,,,,,,,,
754,1,DDP,,Tuberculos,co2_cultivos,,2028,,,,,,,2.609479820057616,,,,,,,,,,,,,,,
754,1,DDP,,Tuberculos,co2_cultivos,,2029,,,,,,,2.5814208972612978,,,,,,,,,,,,,,,
754,1,DDP,,Tuberculos,co2_cultivos,,2030,,,,,,,2.553361974464979,,,,,,,,,,,,,,,
754,1,DDP,,Tuberculos,co2_cultivos,,2031,,,,,,,2.525303051668661,,,,,,,,,,,,,,,
754,1,DDP,,Tuberculos,co2_cultivos,,2032,,,,,,,2.4972441288723424,,,,,,,,,,,,,,,
754,1,DDP,,Tuberculos,co2_cultivos,,2033,,,,,,,2.4691852060760238,,,,,,,,,,,,,,,
754,1,DDP,,Tuberculos,co2_cultivos,,2034,,,,,,,2.4411262832797056,,,,,,,,,,,,,,,
754,1,DDP,,Tuberculos,co2_cultivos,,2035,,,,,,,2.413067360483387,,,,,,,,,,,,,,,
754,1,DDP,,Tuberculos,co2_cultivos,,2036,,,,,,,2.3850084376870684,,,,,,,,,,,,,,,
754,1,DDP,,Tuberculos,co2_cultivos,,2037,,,,,,,2.3569495148907498,,,,,,,,,,,,,,,
754,1,DDP,,Tuberculos,co2_cultivos,,2038,,,,,,,2.3288905920944316,,,,,,,,,,,,,,,
754,1,DDP,,Tuberculos,co2_cultivos,,2039,,,,,,,2.3008316692981134,,,,,,,,,,,,,,,
754,1,DDP,,Tuberculos,co2_cultivos,,2040,,,,,,,2.272772746501795,,,,,,,,,,,,,,,
754,1,DDP,,Tuberculos,co2_cultivos,,2041,,,,,,,2.2447138237054762,,,,,,,,,,,,,,,
754,1,DDP,,Tuberculos,co2_cultivos,,2042,,,,,,,2.216654900909158,,,,,,,,,,,,,,,
754,1,DDP,,Tuberculos,co2_cultivos,,2043,,,,,,,2.1885959781128395,,,,,,,,,,,,,,,
754,1,DDP,,Tuberculos,co2_cultivos,,2044,,,,,,,2.160537055316521,,,,,,,,,,,,,,,
754,1,DDP,,Tuberculos,co2_cultivos,,2045,,,,,,,2.1324781325202022,,,,,,,,,,,,,,,
754,1,DDP,,Tuberculos,co2_cultivos,,2046,,,,,,,2.104419209723884,,,,,,,,,,,,,,,
754,1,DDP,,Tuberculos,co2_cultivos,,2047,,,,,,,2.0763602869275655,,,,,,,,,,,,,,,
754,1,DDP,,Tuberculos,co2_cultivos,,2048,,,,,,,2.048301364131247,,,,,,,,,,,,,,,
754,1,DDP,,Tuberculos,co2_cultivos,,2049,,,,,,,2.0202424413349287,,,,,,,,,,,,,,,
754,1,DDP,,Tuberculos,co2_cultivos,,2050,,,,,,,1.99218351853861,,,,,,,,,,,,,,,
754,1,DDP,,Tuberculos,co2_cultivos,,2051,,,,,,,1.9641245957422915,,,,,,,,,,,,,,,
754,1,DDP,,Tuberculos,co2_cultivos,,2052,,,,,,,1.936065672945973,,,,,,,,,,,,,,,
754,1,DDP,,Tuberculos,co2_cultivos,,2053,,,,,,,1.9080067501496547,,,,,,,,,,,,,,,
754,1,DDP,,Tuberculos,co2_cultivos,,2054,,,,,,,1.879947827353336,,,,,,,,,,,,,,,
754,1,DDP,,Tuberculos,co2_cultivos,,2055,,,,,,,1.8518889045570177,,,,,,,,,,,,,,,
754,1,DDP,,Tuberculos,co2_cultivos,,2056,,,,,,,1.8238299817606995,,,,,,,,,,,,,,,
754,1,DDP,,Tuberculos,co2_cultivos,,2057,,,,,,,1.795771058964381,,,,,,,,,,,,,,,
754,1,DDP,,Tuberculos,co2_cultivos,,2058,,,,,,,1.7677121361680626,,,,,,,,,,,,,,,
754,1,DDP,,Tuberculos,co2_cultivos,,2059,,,,,,,1.7396532133717442,,,,,,,,,,,,,,,
754,1,DDP,,Tuberculos,co2_cultivos,,2060,,,,,,,1.7115942905754256,,,,,,,,,,,,,,,
754,1,DDP,,Tuberculos,co2_cultivos,,2061,,,,,,,1.6835353677791072,,,,,,,,,,,,,,,
754,1,DDP,,Tuberculos,co2_cultivos,,2062,,,,,,,1.655476444982789,,,,,,,,,,,,,,,
754,1,DDP,,Tuberculos,co2_cultivos,,2063,,,,,,,1.6274175221864704,,,,,,,,,,,,,,,
754,1,DDP,,Tuberculos,co2_cultivos,,2064,,,,,,,1.599358599390152,,,,,,,,,,,,,,,
754,1,DDP,,Tuberculos,co2_cultivos,,2065,,,,,,,1.5712996765938334,,,,,,,,,,,,,,,
754,1,DDP,,Tuberculos,co2_cultivos,,2066,,,,,,,1.543240753797515,,,,,,,,,,,,,,,
754,1,DDP,,Tuberculos,co2_cultivos,,2067,,,,,,,1.5151818310011966,,,,,,,,,,,,,,,
754,1,DDP,,Tuberculos,co2_cultivos,,2068,,,,,,,1.487122908204878,,,,,,,,,,,,,,,
754,1,DDP,,Tuberculos,co2_cultivos,,2069,,,,,,,1.4590639854085596,,,,,,,,,,,,,,,
754,1,DDP,,Tuberculos,co2_cultivos,,2070,,,,,,,1.431005062612241,,,,,,,,,,,,,,,
754,1,DDP,,Fruta,co2_cultivos,,2018,,,,,,,3.240190516129373,,,,,,,,,,,,,,,
754,1,DDP,,Fruta,co2_cultivos,,2019,,,,,,,1.579926683882129,,,,,,,,,,,,,,,
754,1,DDP,,Fruta,co2_cultivos,,2020,,,,,,,1.8233517109863082,,,,,,,,,,,,,,,
754,1,DDP,,Fruta,co2_cultivos,,2021,,,,,,,1.6269841442813973,,,,,,,,,,,,,,,
754,1,DDP,,Fruta,co2_cultivos,,2022,,,,,,,1.6830147450351045,,,,,,,,,,,,,,,
754,1,DDP,,Fruta,co2_cultivos,,2023,,,,,,,1.6493544501344024,,,,,,,,,,,,,,,
754,1,DDP,,Fruta,co2_cultivos,,2024,,,,,,,1.6325243026840512,,,,,,,,,,,,,,,
754,1,DDP,,Fruta,co2_cultivos,,2025,,,,,,,1.6156941552337003,,,,,,,,,,,,,,,
754,1,DDP,,Fruta,co2_cultivos,,2026,,,,,,,1.5988640077833491,,,,,,,,,,,,,,,
754,1,DDP,,Fruta,co2_cultivos,,2027,,,,,,,1.5820338603329982,,,,,,,,,,,,,,,
754,1,DDP,,Fruta,co2_cultivos,,2028,,,,,,,1.565203712882647,,,,,,,,,,,,,,,
754,1,DDP,,Fruta,co2_cultivos,,2029,,,,,,,1.5483735654322963,,,,,,,,,,,,,,,
754,1,DDP,,Fruta,co2_cultivos,,2030,,,,,,,1.5315434179819452,,,,,,,,,,,,,,,
754,1,DDP,,Fruta,co2_cultivos,,2031,,,,,,,1.514713270531594,,,,,,,,,,,,,,,
754,1,DDP,,Fruta,co2_cultivos,,2032,,,,,,,1.497883123081243,,,,,,,,,,,,,,,
754,1,DDP,,Fruta,co2_cultivos,,2033,,,,,,,1.4810529756308919,,,,,,,,,,,,,,,
754,1,DDP,,Fruta,co2_cultivos,,2034,,,,,,,1.464222828180541,,,,,,,,,,,,,,,
754,1,DDP,,Fruta,co2_cultivos,,2035,,,,,,,1.4473926807301898,,,,,,,,,,,,,,,
754,1,DDP,,Fruta,co2_cultivos,,2036,,,,,,,1.4305625332798388,,,,,,,,,,,,,,,
754,1,DDP,,Fruta,co2_cultivos,,2037,,,,,,,1.4137323858294877,,,,,,,,,,,,,,,
754,1,DDP,,Fruta,co2_cultivos,,2038,,,,,,,1.3969022383791367,,,,,,,,,,,,,,,
754,1,DDP,,Fruta,co2_cultivos,,2039,,,,,,,1.3800720909287858,,,,,,,,,,,,,,,
754,1,DDP,,Fruta,co2_cultivos,,2040,,,,,,,1.3632419434784346,,,,,,,,,,,,,,,
754,1,DDP,,Fruta,co2_cultivos,,2041,,,,,,,1.3464117960280837,,,,,,,,,,,,,,,
754,1,DDP,,Fruta,co2_cultivos,,2042,,,,,,,1.3295816485777325,,,,,,,,,,,,,,,
754,1,DDP,,Fruta,co2_cultivos,,2043,,,,,,,1.3127515011273816,,,,,,,,,,,,,,,
754,1,DDP,,Fruta,co2_cultivos,,2044,,,,,,,1.2959213536770304,,,,,,,,,,,,,,,
754,1,DDP,,Fruta,co2_cultivos,,2045,,,,,,,1.2790912062266795,,,,,,,,,,,,,,,
754,1,DDP,,Fruta,co2_cultivos,,2046,,,,,,,1.2622610587763283,,,,,,,,,,,,,,,
754,1,DDP,,Fruta,co2_cultivos,,2047,,,,,,,1.2454309113259774,,,,,,,,,,,,,,,
754,1,DDP,,Fruta,co2_cultivos,,2048,,,,,,,1.2286007638756262,,,,,,,,,,,,,,,
754,1,DDP,,Fruta,co2_cultivos,,2049,,,,,,,1.2117706164252753,,,,,,,,,,,,,,,
754,1,DDP,,Fruta,co2_cultivos,,2050,,,,,,,1.1949404689749241,,,,,,,,,,,,,,,
754,1,DDP,,Fruta,co2_cultivos,,2051,,,,,,,1.1781103215245732,,,,,,,,,,,,,,,
754,1,DDP,,Fruta,co2_cultivos,,2052,,,,,,,1.161280174074222,,,,,,,,,,,,,,,
754,1,DDP,,Fruta,co2_cultivos,,2053,,,,,,,1.1444500266238709,,,,,,,,,,,,,,,
754,1,DDP,,Fruta,co2_cultivos,,2054,,,,,,,1.12761987917352,,,,,,,,,,,,,,,
754,1,DDP,,Fruta,co2_cultivos,,2055,,,,,,,1.1107897317231687,,,,,,,,,,,,,,,
754,1,DDP,,Fruta,co2_cultivos,,2056,,,,,,,1.093959584272818,,,,,,,,,,,,,,,
754,1,DDP,,Fruta,co2_cultivos,,2057,,,,,,,1.0771294368224669,,,,,,,,,,,,,,,
754,1,DDP,,Fruta,co2_cultivos,,2058,,,,,,,1.060299289372116,,,,,,,,,,,,,,,
754,1,DDP,,Fruta,co2_cultivos,,2059,,,,,,,1.0434691419217648,,,,,,,,,,,,,,,
754,1,DDP,,Fruta,co2_cultivos,,2060,,,,,,,1.0266389944714138,,,,,,,,,,,,,,,
754,1,DDP,,Fruta,co2_cultivos,,2061,,,,,,,1.0098088470210627,,,,,,,,,,,,,,,
754,1,DDP,,Fruta,co2_cultivos,,2062,,,,,,,0.9929786995707118,,,,,,,,,,,,,,,
754,1,DDP,,Fruta,co2_cultivos,,2063,,,,,,,0.9761485521203608,,,,,,,,,,,,,,,
754,1,DDP,,Fruta,co2_cultivos,,2064,,,,,,,0.9593184046700097,,,,,,,,,,,,,,,
754,1,DDP,,Fruta,co2_cultivos,,2065,,,,,,,0.9424882572196586,,,,,,,,,,,,,,,
754,1,DDP,,Fruta,co2_cultivos,,2066,,,,,,,0.9256581097693075,,,,,,,,,,,,,,,
754,1,DDP,,Fruta,co2_cultivos,,2067,,,,,,,0.9088279623189565,,,,,,,,,,,,,,,
754,1,DDP,,Fruta,co2_cultivos,,2068,,,,,,,0.8919978148686054,,,,,,,,,,,,,,,
754,1,DDP,,Fruta,co2_cultivos,,2069,,,,,,,0.8751676674182544,,,,,,,,,,,,,,,
754,1,DDP,,Fruta,co2_cultivos,,2070,,,,,,,0.8583375199679033,,,,,,,,,,,,,,,
754,1,DDP,,Verduras,co2_cultivos,,2018,,,,,,,4.3043765396032105,,,,,,,,,,,,,,,
754,1,DDP,,Verduras,co2_cultivos,,2019,,,,,,,4.4689488586401716,,,,,,,,,,,,,,,
754,1,DDP,,Verduras,co2_cultivos,,2020,,,,,,,2.918409980081759,,,,,,,,,,,,,,,
754,1,DDP,,Verduras,co2_cultivos,,2021,,,,,,,3.859822912030655,,,,,,,,,,,,,,,
754,1,DDP,,Verduras,co2_cultivos,,2022,,,,,,,3.992748728993378,,,,,,,,,,,,,,,
754,1,DDP,,Verduras,co2_cultivos,,2023,,,,,,,3.9128937544135103,,,,,,,,,,,,,,,
754,1,DDP,,Verduras,co2_cultivos,,2024,,,,,,,3.8729662671235765,,,,,,,,,,,,,,,
754,1,DDP,,Verduras,co2_cultivos,,2025,,,,,,,3.8330387798336427,,,,,,,,,,,,,,,
754,1,DDP,,Verduras,co2_cultivos,,2026,,,,,,,3.793111292543709,,,,,,,,,,,,,,,
754,1,DDP,,Verduras,co2_cultivos,,2027,,,,,,,3.753183805253775,,,,,,,,,,,,,,,
754,1,DDP,,Verduras,co2_cultivos,,2028,,,,,,,3.7132563179638414,,,,,,,,,,,,,,,
754,1,DDP,,Verduras,co2_cultivos,,2029,,,,,,,3.6733288306739076,,,,,,,,,,,,,,,
754,1,DDP,,Verduras,co2_cultivos,,2030,,,,,,,3.633401343383974,,,,,,,,,,,,,,,
754,1,DDP,,Verduras,co2_cultivos,,2031,,,,,,,3.59347385609404,,,,,,,,,,,,,,,
754,1,DDP,,Verduras,co2_cultivos,,2032,,,,,,,3.5535463688041062,,,,,,,,,,,,,,,
754,1,DDP,,Verduras,co2_cultivos,,2033,,,,,,,3.5136188815141725,,,,,,,,,,,,,,,
754,1,DDP,,Verduras,co2_cultivos,,2034,,,,,,,3.4736913942242387,,,,,,,,,,,,,,,
754,1,DDP,,Verduras,co2_cultivos,,2035,,,,,,,3.433763906934305,,,,,,,,,,,,,,,
754,1,DDP,,Verduras,co2_cultivos,,2036,,,,,,,3.393836419644371,,,,,,,,,,,,,,,
754,1,DDP,,Verduras,co2_cultivos,,2037,,,,,,,3.3539089323544373,,,,,,,,,,,,,,,
754,1,DDP,,Verduras,co2_cultivos,,2038,,,,,,,3.3139814450645035,,,,,,,,,,,,,,,
754,1,DDP,,Verduras,co2_cultivos,,2039,,,,,,,3.27405395777457,,,,,,,,,,,,,,,
754,1,DDP,,Verduras,co2_cultivos,,2040,,,,,,,3.2341264704846364,,,,,,,,,,,,,,,
754,1,DDP,,Verduras,co2_cultivos,,2041,,,,,,,3.1941989831947026,,,,,,,,,,,,,,,
754,1,DDP,,Verduras,co2_cultivos,,2042,,,,,,,3.154271495904769,,,,,,,,,,,,,,,
754,1,DDP,,Verduras,co2_cultivos,,2043,,,,,,,3.1143440086148346,,,,,,,,,,,,,,,
754,1,DDP,,Verduras,co2_cultivos,,2044,,,,,,,3.074416521324901,,,,,,,,,,,,,,,
754,1,DDP,,Verduras,co2_cultivos,,2045,,,,,,,3.034489034034967,,,,,,,,,,,,,,,
754,1,DDP,,Verduras,co2_cultivos,,2046,,,,,,,2.9945615467450333,,,,,,,,,,,,,,,
754,1,DDP,,Verduras,co2_cultivos,,2047,,,,,,,2.9546340594550995,,,,,,,,,,,,,,,
754,1,DDP,,Verduras,co2_cultivos,,2048,,,,,,,2.9147065721651657,,,,,,,,,,,,,,,
754,1,DDP,,Verduras,co2_cultivos,,2049,,,,,,,2.874779084875232,,,,,,,,,,,,,,,
754,1,DDP,,Verduras,co2_cultivos,,2050,,,,,,,2.834851597585298,,,,,,,,,,,,,,,
754,1,DDP,,Verduras,co2_cultivos,,2051,,,,,,,2.7949241102953644,,,,,,,,,,,,,,,
754,1,DDP,,Verduras,co2_cultivos,,2052,,,,,,,2.7549966230054306,,,,,,,,,,,,,,,
754,1,DDP,,Verduras,co2_cultivos,,2053,,,,,,,2.715069135715497,,,,,,,,,,,,,,,
754,1,DDP,,Verduras,co2_cultivos,,2054,,,,,,,2.675141648425563,,,,,,,,,,,,,,,
754,1,DDP,,Verduras,co2_cultivos,,2055,,,,,,,2.6352141611356292,,,,,,,,,,,,,,,
754,1,DDP,,Verduras,co2_cultivos,,2056,,,,,,,2.595286673845696,,,,,,,,,,,,,,,
754,1,DDP,,Verduras,co2_cultivos,,2057,,,,,,,2.5553591865557617,,,,,,,,,,,,,,,
754,1,DDP,,Verduras,co2_cultivos,,2058,,,,,,,2.515431699265828,,,,,,,,,,,,,,,
754,1,DDP,,Verduras,co2_cultivos,,2059,,,,,,,2.475504211975894,,,,,,,,,,,,,,,
754,1,DDP,,Verduras,co2_cultivos,,2060,,,,,,,2.4355767246859603,,,,,,,,,,,,,,,
754,1,DDP,,Verduras,co2_cultivos,,2061,,,,,,,2.3956492373960265,,,,,,,,,,,,,,,
754,1,DDP,,Verduras,co2_cultivos,,2062,,,,,,,2.355721750106093,,,,,,,,,,,,,,,
754,1,DDP,,Verduras,co2_cultivos,,2063,,,,,,,2.3157942628161594,,,,,,,,,,,,,,,
754,1,DDP,,Verduras,co2_cultivos,,2064,,,,,,,2.2758667755262256,,,,,,,,,,,,,,,
754,1,DDP,,Verduras,co2_cultivos,,2065,,,,,,,2.235939288236292,,,,,,,,,,,,,,,
754,1,DDP,,Verduras,co2_cultivos,,2066,,,,,,,2.196011800946358,,,,,,,,,,,,,,,
754,1,DDP,,Verduras,co2_cultivos,,2067,,,,,,,2.1560843136564243,,,,,,,,,,,,,,,
754,1,DDP,,Verduras,co2_cultivos,,2068,,,,,,,2.1161568263664905,,,,,,,,,,,,,,,
754,1,DDP,,Verduras,co2_cultivos,,2069,,,,,,,2.0762293390765567,,,,,,,,,,,,,,,
754,1,DDP,,Verduras,co2_cultivos,,2070,,,,,,,2.036301851786623,,,,,,,,,,,,,,,
754,1,DDP,,Floricolas,co2_cultivos,,2018,,,,,,,0.0,,,,,,,,,,,,,,,
754,1,DDP,,Floricolas,co2_cultivos,,2019,,,,,,,0.0,,,,,,,,,,,,,,,
754,1,DDP,,Floricolas,co2_cultivos,,2020,,,,,,,0.0,,,,,,,,,,,,,,,
754,1,DDP,,Floricolas,co2_cultivos,,2021,,,,,,,0.0,,,,,,,,,,,,,,,
754,1,DDP,,Floricolas,co2_cultivos,,2022,,,,,,,0.0,,,,,,,,,,,,,,,
754,1,DDP,,Floricolas,co2_cultivos,,2023,,,,,,,0.0,,,,,,,,,,,,,,,
754,1,DDP,,Floricolas,co2_cultivos,,2024,,,,,,,0.0,,,,,,,,,,,,,,,
754,1,DDP,,Floricolas,co2_cultivos,,2025,,,,,,,0.0,,,,,,,,,,,,,,,
754,1,DDP,,Floricolas,co2_cultivos,,2026,,,,,,,0.0,,,,,,,,,,,,,,,
754,1,DDP,,Floricolas,co2_cultivos,,2027,,,,,,,0.0,,,,,,,,,,,,,,,
754,1,DDP,,Floricolas,co2_cultivos,,2028,,,,,,,0.0,,,,,,,,,,,,,,,
754,1,DDP,,Floricolas,co2_cultivos,,2029,,,,,,,0.0,,,,,,,,,,,,,,,
754,1,DDP,,Floricolas,co2_cultivos,,2030,,,,,,,0.0,,,,,,,,,,,,,,,
754,1,DDP,,Floricolas,co2_cultivos,,2031,,,,,,,0.0,,,,,,,,,,,,,,,
754,1,DDP,,Floricolas,co2_cultivos,,2032,,,,,,,0.0,,,,,,,,,,,,,,,
754,1,DDP,,Floricolas,co2_cultivos,,2033,,,,,,,0.0,,,,,,,,,,,,,,,
754,1,DDP,,Floricolas,co2_cultivos,,2034,,,,,,,0.0,,,,,,,,,,,,,,,
754,1,DDP,,Floricolas,co2_cultivos,,2035,,,,,,,0.0,,,,,,,,,,,,,,,
754,1,DDP,,Floricolas,co2_cultivos,,2036,,,,,,,0.0,,,,,,,,,,,,,,,
754,1,DDP,,Floricolas,co2_cultivos,,2037,,,,,,,0.0,,,,,,,,,,,,,,,
754,1,DDP,,Floricolas,co2_cultivos,,2038,,,,,,,0.0,,,,,,,,,,,,,,,
754,1,DDP,,Floricolas,co2_cultivos,,2039,,,,,,,0.0,,,,,,,,,,,,,,,
754,1,DDP,,Floricolas,co2_cultivos,,2040,,,,,,,0.0,,,,,,,,,,,,,,,
754,1,DDP,,Floricolas,co2_cultivos,,2041,,,,,,,0.0,,,,,,,,,,,,,,,
754,1,DDP,,Floricolas,co2_cultivos,,2042,,,,,,,0.0,,,,,,,,,,,,,,,
754,1,DDP,,Floricolas,co2_cultivos,,2043,,,,,,,0.0,,,,,,,,,,,,,,,
754,1,DDP,,Floricolas,co2_cultivos,,2044,,,,,,,0.0,,,,,,,,,,,,,,,
754,1,DDP,,Floricolas,co2_cultivos,,2045,,,,,,,0.0,,,,,,,,,,,,,,,
754,1,DDP,,Floricolas,co2_cultivos,,2046,,,,,,,0.0,,,,,,,,,,,,,,,
754,1,DDP,,Floricolas,co2_cultivos,,2047,,,,,,,0.0,,,,,,,,,,,,,,,
754,1,DDP,,Floricolas,co2_cultivos,,2048,,,,,,,0.0,,,,,,,,,,,,,,,
754,1,DDP,,Floricolas,co2_cultivos,,2049,,,,,,,0.0,,,,,,,,,,,,,,,
754,1,DDP,,Floricolas,co2_cultivos,,2050,,,,,,,0.0,,,,,,,,,,,,,,,
754,1,DDP,,Floricolas,co2_cultivos,,2051,,,,,,,0.0,,,,,,,,,,,,,,,
754,1,DDP,,Floricolas,co2_cultivos,,2052,,,,,,,0.0,,,,,,,,,,,,,,,
754,1,DDP,,Floricolas,co2_cultivos,,2053,,,,,,,0.0,,,,,,,,,,,,,,,
754,1,DDP,,Floricolas,co2_cultivos,,2054,,,,,,,0.0,,,,,,,,,,,,,,,
754,1,DDP,,Floricolas,co2_cultivos,,2055,,,,,,,0.0,,,,,,,,,,,,,,,
754,1,DDP,,Floricolas,co2_cultivos,,2056,,,,,,,0.0,,,,,,,,,,,,,,,
754,1,DDP,,Floricolas,co2_cultivos,,2057,,,,,,,0.0,,,,,,,,,,,,,,,
754,1,DDP,,Floricolas,co2_cultivos,,2058,,,,,,,0.0,,,,,,,,,,,,,,,
754,1,DDP,,Floricolas,co2_cultivos,,2059,,,,,,,0.0,,,,,,,,,,,,,,,
754,1,DDP,,Floricolas,co2_cultivos,,2060,,,,,,,0.0,,,,,,,,,,,,,,,
754,1,DDP,,Floricolas,co2_cultivos,,2061,,,,,,,0.0,,,,,,,,,,,,,,,
754,1,DDP,,Floricolas,co2_cultivos,,2062,,,,,,,0.0,,,,,,,,,,,,,,,
754,1,DDP,,Floricolas,co2_cultivos,,2063,,,,,,,0.0,,,,,,,,,,,,,,,
754,1,DDP,,Floricolas,co2_cultivos,,2064,,,,,,,0.0,,,,,,,,,,,,,,,
754,1,DDP,,Floricolas,co2_cultivos,,2065,,,,,,,0.0,,,,,,,,,,,,,,,
754,1,DDP,,Floricolas,co2_cultivos,,2066,,,,,,,0.0,,,,,,,,,,,,,,,
754,1,DDP,,Floricolas,co2_cultivos,,2067,,,,,,,0.0,,,,,,,,,,,,,,,
754,1,DDP,,Floricolas,co2_cultivos,,2068,,,,,,,0.0,,,,,,,,,,,,,,,
754,1,DDP,,Floricolas,co2_cultivos,,2069,,,,,,,0.0,,,,,,,,,,,,,,,
754,1,DDP,,Floricolas,co2_cultivos,,2070,,,,,,,0.0,,,,,,,,,,,,,,,
754,1,DDP,,Arroz,co2_quemas,,2018,,,,,,,0.0388784,,,,,,,,,,,,,,,
754,1,DDP,,Arroz,co2_quemas,,2019,,,,,,,0.0388784,,,,,,,,,,,,,,,
754,1,DDP,,Arroz,co2_quemas,,2020,,,,,,,0.0388784,,,,,,,,,,,,,,,
754,1,DDP,,Arroz,co2_quemas,,2021,,,,,,,0.0388784,,,,,,,,,,,,,,,
754,1,DDP,,Arroz,co2_quemas,,2022,,,,,,,0.039083636749526,,,,,,,,,,,,,,,
754,1,DDP,,Arroz,co2_quemas,,2023,,,,,,,0.0397947819330165,,,,,,,,,,,,,,,
754,1,DDP,,Arroz,co2_quemas,,2024,,,,,,,0.0379916010001208,,,,,,,,,,,,,,,
754,1,DDP,,Arroz,co2_quemas,,2025,,,,,,,0.0384031659129033,,,,,,,,,,,,,,,
754,1,DDP,,Arroz,co2_quemas,,2026,,,,,,,0.036673986303081,,,,,,,,,,,,,,,
754,1,DDP,,Arroz,co2_quemas,,2027,,,,,,,0.0362138219088583,,,,,,,,,,,,,,,
754,1,DDP,,Arroz,co2_quemas,,2028,,,,,,,0.0357322469205211,,,,,,,,,,,,,,,
754,1,DDP,,Arroz,co2_quemas,,2029,,,,,,,0.0353624198450644,,,,,,,,,,,,,,,
754,1,DDP,,Arroz,co2_quemas,,2030,,,,,,,0.0348783573279836,,,,,,,,,,,,,,,
754,1,DDP,,Arroz,co2_quemas,,2031,,,,,,,0.0344594112493529,,,,,,,,,,,,,,,
754,1,DDP,,Arroz,co2_quemas,,2032,,,,,,,0.0340105338025736,,,,,,,,,,,,,,,
754,1,DDP,,Arroz,co2_quemas,,2033,,,,,,,0.03349267864028,,,,,,,,,,,,,,,
754,1,DDP,,Arroz,co2_quemas,,2034,,,,,,,0.0330023181559944,,,,,,,,,,,,,,,
754,1,DDP,,Arroz,co2_quemas,,2035,,,,,,,0.0325011113114132,,,,,,,,,,,,,,,
754,1,DDP,,Arroz,co2_quemas,,2036,,,,,,,0.0320975178693755,,,,,,,,,,,,,,,
754,1,DDP,,Arroz,co2_quemas,,2037,,,,,,,0.0317051388757243,,,,,,,,,,,,,,,
754,1,DDP,,Arroz,co2_quemas,,2038,,,,,,,0.0312638073285023,,,,,,,,,,,,,,,
754,1,DDP,,Arroz,co2_quemas,,2039,,,,,,,0.030837801333508,,,,,,,,,,,,,,,
754,1,DDP,,Arroz,co2_quemas,,2040,,,,,,,0.0303601236617941,,,,,,,,,,,,,,,
754,1,DDP,,Arroz,co2_quemas,,2041,,,,,,,0.029941436236058,,,,,,,,,,,,,,,
754,1,DDP,,Arroz,co2_quemas,,2042,,,,,,,0.0295107682162359,,,,,,,,,,,,,,,
754,1,DDP,,Arroz,co2_quemas,,2043,,,,,,,0.0291186506310824,,,,,,,,,,,,,,,
754,1,DDP,,Arroz,co2_quemas,,2044,,,,,,,0.0287275755221573,,,,,,,,,,,,,,,
754,1,DDP,,Arroz,co2_quemas,,2045,,,,,,,0.0283700135326123,,,,,,,,,,,,,,,
754,1,DDP,,Arroz,co2_quemas,,2046,,,,,,,0.0279742959168045,,,,,,,,,,,,,,,
754,1,DDP,,Arroz,co2_quemas,,2047,,,,,,,0.0276131295255165,,,,,,,,,,,,,,,
754,1,DDP,,Arroz,co2_quemas,,2048,,,,,,,0.0272262717987885,,,,,,,,,,,,,,,
754,1,DDP,,Arroz,co2_quemas,,2049,,,,,,,0.0268682583976293,,,,,,,,,,,,,,,
754,1,DDP,,Arroz,co2_quemas,,2050,,,,,,,0.0265155700941269,,,,,,,,,,,,,,,
754,1,DDP,,Arroz,co2_quemas,,2051,,,,,,,0.0264056211734014,,,,,,,,,,,,,,,
754,1,DDP,,Arroz,co2_quemas,,2052,,,,,,,0.0263097716665263,,,,,,,,,,,,,,,
754,1,DDP,,Arroz,co2_quemas,,2053,,,,,,,0.0262142833988889,,,,,,,,,,,,,,,
754,1,DDP,,Arroz,co2_quemas,,2054,,,,,,,0.0261162593555288,,,,,,,,,,,,,,,
754,1,DDP,,Arroz,co2_quemas,,2055,,,,,,,0.0260183147355121,,,,,,,,,,,,,,,
754,1,DDP,,Arroz,co2_quemas,,2056,,,,,,,0.0259176630931913,,,,,,,,,,,,,,,
754,1,DDP,,Arroz,co2_quemas,,2057,,,,,,,0.0258219633449849,,,,,,,,,,,,,,,
754,1,DDP,,Arroz,co2_quemas,,2058,,,,,,,0.0257256454208236,,,,,,,,,,,,,,,
754,1,DDP,,Arroz,co2_quemas,,2059,,,,,,,0.0256288244602646,,,,,,,,,,,,,,,
754,1,DDP,,Arroz,co2_quemas,,2060,,,,,,,0.0255321566990694,,,,,,,,,,,,,,,
754,1,DDP,,Arroz,co2_quemas,,2061,,,,,,,0.0254361859707629,,,,,,,,,,,,,,,
754,1,DDP,,Arroz,co2_quemas,,2062,,,,,,,0.0253404452404072,,,,,,,,,,,,,,,
754,1,DDP,,Arroz,co2_quemas,,2063,,,,,,,0.0252447272337675,,,,,,,,,,,,,,,
754,1,DDP,,Arroz,co2_quemas,,2064,,,,,,,0.0251489793525238,,,,,,,,,,,,,,,
754,1,DDP,,Arroz,co2_quemas,,2065,,,,,,,0.0250535045510543,,,,,,,,,,,,,,,
754,1,DDP,,Arroz,co2_quemas,,2066,,,,,,,0.0249583001543478,,,,,,,,,,,,,,,
754,1,DDP,,Arroz,co2_quemas,,2067,,,,,,,0.0248634820208339,,,,,,,,,,,,,,,
754,1,DDP,,Arroz,co2_quemas,,2068,,,,,,,0.0247687898133606,,,,,,,,,,,,,,,
754,1,DDP,,Arroz,co2_quemas,,2069,,,,,,,0.0246742542265206,,,,,,,,,,,,,,,
754,1,DDP,,Arroz,co2_quemas,,2070,,,,,,,0.0245799094538296,,,,,,,,,,,,,,,
754,1,DDP,,Cana,co2_quemas,,2018,,,,,,,0.0528997814032137,,,,,,,,,,,,,,,
754,1,DDP,,Cana,co2_quemas,,2019,,,,,,,0.0482151690746121,,,,,,,,,,,,,,,
754,1,DDP,,Cana,co2_quemas,,2020,,,,,,,0.0473804352229337,,,,,,,,,,,,,,,
754,1,DDP,,Cana,co2_quemas,,2021,,,,,,,0.0464290384835108,,,,,,,,,,,,,,,
754,1,DDP,,Cana,co2_quemas,,2022,,,,,,,0.0464290384835108,,,,,,,,,,,,,,,
754,1,DDP,,Cana,co2_quemas,,2023,,,,,,,0.0464290384835108,,,,,,,,,,,,,,,
754,1,DDP,,Cana,co2_quemas,,2024,,,,,,,0.0464290384835108,,,,,,,,,,,,,,,
754,1,DDP,,Cana,co2_quemas,,2025,,,,,,,0.0464290384835108,,,,,,,,,,,,,,,
754,1,DDP,,Cana,co2_quemas,,2026,,,,,,,0.0464290384835108,,,,,,,,,,,,,,,
754,1,DDP,,Cana,co2_quemas,,2027,,,,,,,0.0464290384835108,,,,,,,,,,,,,,,
754,1,DDP,,Cana,co2_quemas,,2028,,,,,,,0.0464290384835108,,,,,,,,,,,,,,,
754,1,DDP,,Cana,co2_quemas,,2029,,,,,,,0.0464290384835108,,,,,,,,,,,,,,,
754,1,DDP,,Cana,co2_quemas,,2030,,,,,,,0.0464290384835108,,,,,,,,,,,,,,,
754,1,DDP,,Cana,co2_quemas,,2031,,,,,,,0.0464290384835108,,,,,,,,,,,,,,,
754,1,DDP,,Cana,co2_quemas,,2032,,,,,,,0.0464290384835108,,,,,,,,,,,,,,,
754,1,DDP,,Cana,co2_quemas,,2033,,,,,,,0.0464290384835108,,,,,,,,,,,,,,,
754,1,DDP,,Cana,co2_quemas,,2034,,,,,,,0.0464290384835108,,,,,,,,,,,,,,,
754,1,DDP,,Cana,co2_quemas,,2035,,,,,,,0.0464290384835108,,,,,,,,,,,,,,,
754,1,DDP,,Cana,co2_quemas,,2036,,,,,,,0.0464290384835108,,,,,,,,,,,,,,,
754,1,DDP,,Cana,co2_quemas,,2037,,,,,,,0.0464290384835108,,,,,,,,,,,,,,,
754,1,DDP,,Cana,co2_quemas,,2038,,,,,,,0.0464290384835108,,,,,,,,,,,,,,,
754,1,DDP,,Cana,co2_quemas,,2039,,,,,,,0.0464290384835108,,,,,,,,,,,,,,,
754,1,DDP,,Cana,co2_quemas,,2040,,,,,,,0.0464290384835108,,,,,,,,,,,,,,,
754,1,DDP,,Cana,co2_quemas,,2041,,,,,,,0.0464290384835108,,,,,,,,,,,,,,,
754,1,DDP,,Cana,co2_quemas,,2042,,,,,,,0.0464290384835108,,,,,,,,,,,,,,,
754,1,DDP,,Cana,co2_quemas,,2043,,,,,,,0.0464290384835108,,,,,,,,,,,,,,,
754,1,DDP,,Cana,co2_quemas,,2044,,,,,,,0.0464290384835108,,,,,,,,,,,,,,,
754,1,DDP,,Cana,co2_quemas,,2045,,,,,,,0.0464290384835108,,,,,,,,,,,,,,,
754,1,DDP,,Cana,co2_quemas,,2046,,,,,,,0.0464290384835108,,,,,,,,,,,,,,,
754,1,DDP,,Cana,co2_quemas,,2047,,,,,,,0.0464290384835108,,,,,,,,,,,,,,,
754,1,DDP,,Cana,co2_quemas,,2048,,,,,,,0.0464290384835108,,,,,,,,,,,,,,,
754,1,DDP,,Cana,co2_quemas,,2049,,,,,,,0.0464290384835108,,,,,,,,,,,,,,,
754,1,DDP,,Cana,co2_quemas,,2050,,,,,,,0.0464290384835108,,,,,,,,,,,,,,,
754,1,DDP,,Cana,co2_quemas,,2051,,,,,,,0.0464290384835108,,,,,,,,,,,,,,,
754,1,DDP,,Cana,co2_quemas,,2052,,,,,,,0.0464290384835108,,,,,,,,,,,,,,,
754,1,DDP,,Cana,co2_quemas,,2053,,,,,,,0.0464290384835108,,,,,,,,,,,,,,,
754,1,DDP,,Cana,co2_quemas,,2054,,,,,,,0.0464290384835108,,,,,,,,,,,,,,,
754,1,DDP,,Cana,co2_quemas,,2055,,,,,,,0.0464290384835108,,,,,,,,,,,,,,,
754,1,DDP,,Cana,co2_quemas,,2056,,,,,,,0.0464290384835108,,,,,,,,,,,,,,,
754,1,DDP,,Cana,co2_quemas,,2057,,,,,,,0.0464290384835108,,,,,,,,,,,,,,,
754,1,DDP,,Cana,co2_quemas,,2058,,,,,,,0.0464290384835108,,,,,,,,,,,,,,,
754,1,DDP,,Cana,co2_quemas,,2059,,,,,,,0.0464290384835108,,,,,,,,,,,,,,,
754,1,DDP,,Cana,co2_quemas,,2060,,,,,,,0.0464290384835108,,,,,,,,,,,,,,,
754,1,DDP,,Cana,co2_quemas,,2061,,,,,,,0.0464290384835108,,,,,,,,,,,,,,,
754,1,DDP,,Cana,co2_quemas,,2062,,,,,,,0.0464290384835108,,,,,,,,,,,,,,,
754,1,DDP,,Cana,co2_quemas,,2063,,,,,,,0.0464290384835108,,,,,,,,,,,,,,,
754,1,DDP,,Cana,co2_quemas,,2064,,,,,,,0.0464290384835108,,,,,,,,,,,,,,,
754,1,DDP,,Cana,co2_quemas,,2065,,,,,,,0.0464290384835108,,,,,,,,,,,,,,,
754,1,DDP,,Cana,co2_quemas,,2066,,,,,,,0.0464290384835108,,,,,,,,,,,,,,,
754,1,DDP,,Cana,co2_quemas,,2067,,,,,,,0.0464290384835108,,,,,,,,,,,,,,,
754,1,DDP,,Cana,co2_quemas,,2068,,,,,,,0.0464290384835108,,,,,,,,,,,,,,,
754,1,DDP,,Cana,co2_quemas,,2069,,,,,,,0.0464290384835108,,,,,,,,,,,,,,,
754,1,DDP,,Cana,co2_quemas,,2070,,,,,,,0.0464290384835108,,,,,,,,,,,,,,,
754,1,DDP,,Maiz,co2_quemas,,2018,,,,,,,0.0749345630387399,,,,,,,,,,,,,,,
754,1,DDP,,Maiz,co2_quemas,,2019,,,,,,,0.0736732217324439,,,,,,,,,,,,,,,
754,1,DDP,,Maiz,co2_quemas,,2020,,,,,,,0.0757007731236529,,,,,,,,,,,,,,,
754,1,DDP,,Maiz,co2_quemas,,2021,,,,,,,0.0729913927719618,,,,,,,,,,,,,,,
754,1,DDP,,Maiz,co2_quemas,,2022,,,,,,,0.0729913927719618,,,,,,,,,,,,,,,
754,1,DDP,,Maiz,co2_quemas,,2023,,,,,,,0.0729913927719618,,,,,,,,,,,,,,,
754,1,DDP,,Maiz,co2_quemas,,2024,,,,,,,0.0729913927719618,,,,,,,,,,,,,,,
754,1,DDP,,Maiz,co2_quemas,,2025,,,,,,,0.0729913927719618,,,,,,,,,,,,,,,
754,1,DDP,,Maiz,co2_quemas,,2026,,,,,,,0.0729913927719617,,,,,,,,,,,,,,,
754,1,DDP,,Maiz,co2_quemas,,2027,,,,,,,0.0729913927719618,,,,,,,,,,,,,,,
754,1,DDP,,Maiz,co2_quemas,,2028,,,,,,,0.0729913927719618,,,,,,,,,,,,,,,
754,1,DDP,,Maiz,co2_quemas,,2029,,,,,,,0.0729913927719618,,,,,,,,,,,,,,,
754,1,DDP,,Maiz,co2_quemas,,2030,,,,,,,0.0729913927719618,,,,,,,,,,,,,,,
754,1,DDP,,Maiz,co2_quemas,,2031,,,,,,,0.0729913927719618,,,,,,,,,,,,,,,
754,1,DDP,,Maiz,co2_quemas,,2032,,,,,,,0.0729913927719618,,,,,,,,,,,,,,,
754,1,DDP,,Maiz,co2_quemas,,2033,,,,,,,0.0729913927719618,,,,,,,,,,,,,,,
754,1,DDP,,Maiz,co2_quemas,,2034,,,,,,,0.0729913927719618,,,,,,,,,,,,,,,
754,1,DDP,,Maiz,co2_quemas,,2035,,,,,,,0.0729913927719617,,,,,,,,,,,,,,,
754,1,DDP,,Maiz,co2_quemas,,2036,,,,,,,0.0729913927719618,,,,,,,,,,,,,,,
754,1,DDP,,Maiz,co2_quemas,,2037,,,,,,,0.0729913927719618,,,,,,,,,,,,,,,
754,1,DDP,,Maiz,co2_quemas,,2038,,,,,,,0.0729913927719618,,,,,,,,,,,,,,,
754,1,DDP,,Maiz,co2_quemas,,2039,,,,,,,0.0729913927719618,,,,,,,,,,,,,,,
754,1,DDP,,Maiz,co2_quemas,,2040,,,,,,,0.0729913927719618,,,,,,,,,,,,,,,
754,1,DDP,,Maiz,co2_quemas,,2041,,,,,,,0.0729913927719618,,,,,,,,,,,,,,,
754,1,DDP,,Maiz,co2_quemas,,2042,,,,,,,0.0729913927719617,,,,,,,,,,,,,,,
754,1,DDP,,Maiz,co2_quemas,,2043,,,,,,,0.0729913927719618,,,,,,,,,,,,,,,
754,1,DDP,,Maiz,co2_quemas,,2044,,,,,,,0.0729913927719618,,,,,,,,,,,,,,,
754,1,DDP,,Maiz,co2_quemas,,2045,,,,,,,0.0729913927719618,,,,,,,,,,,,,,,
754,1,DDP,,Maiz,co2_quemas,,2046,,,,,,,0.0729913927719617,,,,,,,,,,,,,,,
754,1,DDP,,Maiz,co2_quemas,,2047,,,,,,,0.0729913927719618,,,,,,,,,,,,,,,
754,1,DDP,,Maiz,co2_quemas,,2048,,,,,,,0.0729913927719617,,,,,,,,,,,,,,,
754,1,DDP,,Maiz,co2_quemas,,2049,,,,,,,0.0729913927719617,,,,,,,,,,,,,,,
754,1,DDP,,Maiz,co2_quemas,,2050,,,,,,,0.0729913927719618,,,,,,,,,,,,,,,
754,1,DDP,,Maiz,co2_quemas,,2051,,,,,,,0.0729913927719618,,,,,,,,,,,,,,,
754,1,DDP,,Maiz,co2_quemas,,2052,,,,,,,0.0729913927719618,,,,,,,,,,,,,,,
754,1,DDP,,Maiz,co2_quemas,,2053,,,,,,,0.0729913927719617,,,,,,,,,,,,,,,
754,1,DDP,,Maiz,co2_quemas,,2054,,,,,,,0.0729913927719618,,,,,,,,,,,,,,,
754,1,DDP,,Maiz,co2_quemas,,2055,,,,,,,0.0729913927719618,,,,,,,,,,,,,,,
754,1,DDP,,Maiz,co2_quemas,,2056,,,,,,,0.0729913927719617,,,,,,,,,,,,,,,
754,1,DDP,,Maiz,co2_quemas,,2057,,,,,,,0.0729913927719618,,,,,,,,,,,,,,,
754,1,DDP,,Maiz,co2_quemas,,2058,,,,,,,0.0729913927719618,,,,,,,,,,,,,,,
754,1,DDP,,Maiz,co2_quemas,,2059,,,,,,,0.0729913927719618,,,,,,,,,,,,,,,
754,1,DDP,,Maiz,co2_quemas,,2060,,,,,,,0.0729913927719618,,,,,,,,,,,,,,,
754,1,DDP,,Maiz,co2_quemas,,2061,,,,,,,0.0729913927719618,,,,,,,,,,,,,,,
754,1,DDP,,Maiz,co2_quemas,,2062,,,,,,,0.0729913927719618,,,,,,,,,,,,,,,
754,1,DDP,,Maiz,co2_quemas,,2063,,,,,,,0.0729913927719618,,,,,,,,,,,,,,,
754,1,DDP,,Maiz,co2_quemas,,2064,,,,,,,0.0729913927719618,,,,,,,,,,,,,,,
754,1,DDP,,Maiz,co2_quemas,,2065,,,,,,,0.0729913927719618,,,,,,,,,,,,,,,
754,1,DDP,,Maiz,co2_quemas,,2066,,,,,,,0.0729913927719618,,,,,,,,,,,,,,,
754,1,DDP,,Maiz,co2_quemas,,2067,,,,,,,0.0729913927719618,,,,,,,,,,,,,,,
754,1,DDP,,Maiz,co2_quemas,,2068,,,,,,,0.0729913927719618,,,,,,,,,,,,,,,
754,1,DDP,,Maiz,co2_quemas,,2069,,,,,,,0.0729913927719617,,,,,,,,,,,,,,,
754,1,DDP,,Maiz,co2_quemas,,2070,,,,,,,0.0729913927719618,,,,,,,,,,,,,,,
754,1,DDP,,Cereales,co2_quemas,,2018,,,,,,,0.0339748896156991,,,,,,,,,,,,,,,
754,1,DDP,,Cereales,co2_quemas,,2019,,,,,,,0.0338842323137044,,,,,,,,,,,,,,,
754,1,DDP,,Cereales,co2_quemas,,2020,,,,,,,0.0328538684429066,,,,,,,,,,,,,,,
754,1,DDP,,Cereales,co2_quemas,,2021,,,,,,,0.034500304516129,,,,,,,,,,,,,,,
754,1,DDP,,Cereales,co2_quemas,,2022,,,,,,,0.034500304516129,,,,,,,,,,,,,,,
754,1,DDP,,Cereales,co2_quemas,,2023,,,,,,,0.0246,,,,,,,,,,,,,,,
754,1,DDP,,Cereales,co2_quemas,,2024,,,,,,,0.0244,,,,,,,,,,,,,,,
754,1,DDP,,Cereales,co2_quemas,,2025,,,,,,,0.0242,,,,,,,,,,,,,,,
754,1,DDP,,Cereales,co2_quemas,,2026,,,,,,,0.024,,,,,,,,,,,,,,,
754,1,DDP,,Cereales,co2_quemas,,2027,,,,,,,0.0238,,,,,,,,,,,,,,,
754,1,DDP,,Cereales,co2_quemas,,2028,,,,,,,0.0236,,,,,,,,,,,,,,,
754,1,DDP,,Cereales,co2_quemas,,2029,,,,,,,0.0234,,,,,,,,,,,,,,,
754,1,DDP,,Cereales,co2_quemas,,2030,,,,,,,0.0232,,,,,,,,,,,,,,,
754,1,DDP,,Cereales,co2_quemas,,2031,,,,,,,0.023,,,,,,,,,,,,,,,
754,1,DDP,,Cereales,co2_quemas,,2032,,,,,,,0.0228,,,,,,,,,,,,,,,
754,1,DDP,,Cereales,co2_quemas,,2033,,,,,,,0.0226,,,,,,,,,,,,,,,
754,1,DDP,,Cereales,co2_quemas,,2034,,,,,,,0.0224,,,,,,,,,,,,,,,
754,1,DDP,,Cereales,co2_quemas,,2035,,,,,,,0.0222,,,,,,,,,,,,,,,
754,1,DDP,,Cereales,co2_quemas,,2036,,,,,,,0.022,,,,,,,,,,,,,,,
754,1,DDP,,Cereales,co2_quemas,,2037,,,,,,,0.0218,,,,,,,,,,,,,,,
754,1,DDP,,Cereales,co2_quemas,,2038,,,,,,,0.0216,,,,,,,,,,,,,,,
754,1,DDP,,Cereales,co2_quemas,,2039,,,,,,,0.0214,,,,,,,,,,,,,,,
754,1,DDP,,Cereales,co2_quemas,,2040,,,,,,,0.0212,,,,,,,,,,,,,,,
754,1,DDP,,Cereales,co2_quemas,,2041,,,,,,,0.021,,,,,,,,,,,,,,,
754,1,DDP,,Cereales,co2_quemas,,2042,,,,,,,0.0208,,,,,,,,,,,,,,,
754,1,DDP,,Cereales,co2_quemas,,2043,,,,,,,0.0206,,,,,,,,,,,,,,,
754,1,DDP,,Cereales,co2_quemas,,2044,,,,,,,0.0204,,,,,,,,,,,,,,,
754,1,DDP,,Cereales,co2_quemas,,2045,,,,,,,0.0202,,,,,,,,,,,,,,,
754,1,DDP,,Cereales,co2_quemas,,2046,,,,,,,0.02,,,,,,,,,,,,,,,
754,1,DDP,,Cereales,co2_quemas,,2047,,,,,,,0.0198,,,,,,,,,,,,,,,
754,1,DDP,,Cereales,co2_quemas,,2048,,,,,,,0.0196,,,,,,,,,,,,,,,
754,1,DDP,,Cereales,co2_quemas,,2049,,,,,,,0.0194,,,,,,,,,,,,,,,
754,1,DDP,,Cereales,co2_quemas,,2050,,,,,,,0.0192,,,,,,,,,,,,,,,
754,1,DDP,,Cereales,co2_quemas,,2051,,,,,,,0.019,,,,,,,,,,,,,,,
754,1,DDP,,Cereales,co2_quemas,,2052,,,,,,,0.0188,,,,,,,,,,,,,,,
754,1,DDP,,Cereales,co2_quemas,,2053,,,,,,,0.0186,,,,,,,,,,,,,,,
754,1,DDP,,Cereales,co2_quemas,,2054,,,,,,,0.0184,,,,,,,,,,,,,,,
754,1,DDP,,Cereales,co2_quemas,,2055,,,,,,,0.0182,,,,,,,,,,,,,,,
754,1,DDP,,Cereales,co2_quemas,,2056,,,,,,,0.018,,,,,,,,,,,,,,,
754,1,DDP,,Cereales,co2_quemas,,2057,,,,,,,0.0178,,,,,,,,,,,,,,,
754,1,DDP,,Cereales,co2_quemas,,2058,,,,,,,0.0176,,,,,,,,,,,,,,,
754,1,DDP,,Cereales,co2_quemas,,2059,,,,,,,0.0174,,,,,,,,,,,,,,,
754,1,DDP,,Cereales,co2_quemas,,2060,,,,,,,0.0172,,,,,,,,,,,,,,,
754,1,DDP,,Cereales,co2_quemas,,2061,,,,,,,0.017,,,,,,,,,,,,,,,
754,1,DDP,,Cereales,co2_quemas,,2062,,,,,,,0.0168,,,,,,,,,,,,,,,
754,1,DDP,,Cereales,co2_quemas,,2063,,,,,,,0.0166,,,,,,,,,,,,,,,
754,1,DDP,,Cereales,co2_quemas,,2064,,,,,,,0.0164,,,,,,,,,,,,,,,
754,1,DDP,,Cereales,co2_quemas,,2065,,,,,,,0.0162,,,,,,,,,,,,,,,
754,1,DDP,,Cereales,co2_quemas,,2066,,,,,,,0.016,,,,,,,,,,,,,,,
754,1,DDP,,Cereales,co2_quemas,,2067,,,,,,,0.0158,,,,,,,,,,,,,,,
754,1,DDP,,Cereales,co2_quemas,,2068,,,,,,,0.0156,,,,,,,,,,,,,,,
754,1,DDP,,Cereales,co2_quemas,,2069,,,,,,,0.0154,,,,,,,,,,,,,,,
754,1,DDP,,Cereales,co2_quemas,,2070,,,,,,,0.0152,,,,,,,,,,,,,,,
754,1,DDP,,Vacuno_porcino,co2_ferm,,2018,,,,,,,0.025,,,,,,,,,,,,,,,
754,1,DDP,,Vacuno_porcino,co2_ferm,,2019,,,,,,,0.025,,,,,,,,,,,,,,,
754,1,DDP,,Vacuno_porcino,co2_ferm,,2020,,,,,,,0.025,,,,,,,,,,,,,,,
754,1,DDP,,Vacuno_porcino,co2_ferm,,2021,,,,,,,0.025,,,,,,,,,,,,,,,
754,1,DDP,,Vacuno_porcino,co2_ferm,,2022,,,,,,,0.025,,,,,,,,,,,,,,,
754,1,DDP,,Vacuno_porcino,co2_ferm,,2023,,,,,,,0.123,,,,,,,,,,,,,,,
754,1,DDP,,Vacuno_porcino,co2_ferm,,2024,,,,,,,0.122,,,,,,,,,,,,,,,
754,1,DDP,,Vacuno_porcino,co2_ferm,,2025,,,,,,,0.121,,,,,,,,,,,,,,,
754,1,DDP,,Vacuno_porcino,co2_ferm,,2026,,,,,,,0.12,,,,,,,,,,,,,,,
754,1,DDP,,Vacuno_porcino,co2_ferm,,2027,,,,,,,0.119,,,,,,,,,,,,,,,
754,1,DDP,,Vacuno_porcino,co2_ferm,,2028,,,,,,,0.118,,,,,,,,,,,,,,,
754,1,DDP,,Vacuno_porcino,co2_ferm,,2029,,,,,,,0.117,,,,,,,,,,,,,,,
754,1,DDP,,Vacuno_porcino,co2_ferm,,2030,,,,,,,0.116,,,,,,,,,,,,,,,
754,1,DDP,,Vacuno_porcino,co2_ferm,,2031,,,,,,,0.115,,,,,,,,,,,,,,,
754,1,DDP,,Vacuno_porcino,co2_ferm,,2032,,,,,,,0.114,,,,,,,,,,,,,,,
754,1,DDP,,Vacuno_porcino,co2_ferm,,2033,,,,,,,0.113,,,,,,,,,,,,,,,
754,1,DDP,,Vacuno_porcino,co2_ferm,,2034,,,,,,,0.112,,,,,,,,,,,,,,,
754,1,DDP,,Vacuno_porcino,co2_ferm,,2035,,,,,,,0.111,,,,,,,,,,,,,,,
754,1,DDP,,Vacuno_porcino,co2_ferm,,2036,,,,,,,0.11,,,,,,,,,,,,,,,
754,1,DDP,,Vacuno_porcino,co2_ferm,,2037,,,,,,,0.109,,,,,,,,,,,,,,,
754,1,DDP,,Vacuno_porcino,co2_ferm,,2038,,,,,,,0.108,,,,,,,,,,,,,,,
754,1,DDP,,Vacuno_porcino,co2_ferm,,2039,,,,,,,0.107,,,,,,,,,,,,,,,
754,1,DDP,,Vacuno_porcino,co2_ferm,,2040,,,,,,,0.106,,,,,,,,,,,,,,,
754,1,DDP,,Vacuno_porcino,co2_ferm,,2041,,,,,,,0.105,,,,,,,,,,,,,,,
754,1,DDP,,Vacuno_porcino,co2_ferm,,2042,,,,,,,0.104,,,,,,,,,,,,,,,
754,1,DDP,,Vacuno_porcino,co2_ferm,,2043,,,,,,,0.103,,,,,,,,,,,,,,,
754,1,DDP,,Vacuno_porcino,co2_ferm,,2044,,,,,,,0.102,,,,,,,,,,,,,,,
754,1,DDP,,Vacuno_porcino,co2_ferm,,2045,,,,,,,0.101,,,,,,,,,,,,,,,
754,1,DDP,,Vacuno_porcino,co2_ferm,,2046,,,,,,,0.1,,,,,,,,,,,,,,,
754,1,DDP,,Vacuno_porcino,co2_ferm,,2047,,,,,,,0.099,,,,,,,,,,,,,,,
754,1,DDP,,Vacuno_porcino,co2_ferm,,2048,,,,,,,0.098,,,,,,,,,,,,,,,
754,1,DDP,,Vacuno_porcino,co2_ferm,,2049,,,,,,,0.097,,,,,,,,,,,,,,,
754,1,DDP,,Vacuno_porcino,co2_ferm,,2050,,,,,,,0.096,,,,,,,,,,,,,,,
754,1,DDP,,Vacuno_porcino,co2_ferm,,2051,,,,,,,0.095,,,,,,,,,,,,,,,
754,1,DDP,,Vacuno_porcino,co2_ferm,,2052,,,,,,,0.094,,,,,,,,,,,,,,,
754,1,DDP,,Vacuno_porcino,co2_ferm,,2053,,,,,,,0.093,,,,,,,,,,,,,,,
754,1,DDP,,Vacuno_porcino,co2_ferm,,2054,,,,,,,0.092,,,,,,,,,,,,,,,
754,1,DDP,,Vacuno_porcino,co2_ferm,,2055,,,,,,,0.091,,,,,,,,,,,,,,,
754,1,DDP,,Vacuno_porcino,co2_ferm,,2056,,,,,,,0.09,,,,,,,,,,,,,,,
754,1,DDP,,Vacuno_porcino,co2_ferm,,2057,,,,,,,0.089,,,,,,,,,,,,,,,
754,1,DDP,,Vacuno_porcino,co2_ferm,,2058,,,,,,,0.088,,,,,,,,,,,,,,,
754,1,DDP,,Vacuno_porcino,co2_ferm,,2059,,,,,,,0.087,,,,,,,,,,,,,,,
754,1,DDP,,Vacuno_porcino,co2_ferm,,2060,,,,,,,0.086,,,,,,,,,,,,,,,
754,1,DDP,,Vacuno_porcino,co2_ferm,,2061,,,,,,,0.085,,,,,,,,,,,,,,,
754,1,DDP,,Vacuno_porcino,co2_ferm,,2062,,,,,,,0.084,,,,,,,,,,,,,,,
754,1,DDP,,Vacuno_porcino,co2_ferm,,2063,,,,,,,0.083,,,,,,,,,,,,,,,
754,1,DDP,,Vacuno_porcino,co2_ferm,,2064,,,,,,,0.082,,,,,,,,,,,,,,,
754,1,DDP,,Vacuno_porcino,co2_ferm,,2065,,,,,,,0.081,,,,,,,,,,,,,,,
754,1,DDP,,Vacuno_porcino,co2_ferm,,2066,,,,,,,0.08,,,,,,,,,,,,,,,
754,1,DDP,,Vacuno_porcino,co2_ferm,,2067,,,,,,,0.079,,,,,,,,,,,,,,,
754,1,DDP,,Vacuno_porcino,co2_ferm,,2068,,,,,,,0.078,,,,,,,,,,,,,,,
754,1,DDP,,Vacuno_porcino,co2_ferm,,2069,,,,,,,0.077,,,,,,,,,,,,,,,
754,1,DDP,,Vacuno_porcino,co2_ferm,,2070,,,,,,,0.076,,,,,,,,,,,,,,,
754,1,DDP,,Vacuno_ovino,co2_ferm,,2018,,,,,,,0.125,,,,,,,,,,,,,,,
754,1,DDP,,Vacuno_ovino,co2_ferm,,2019,,,,,,,0.125,,,,,,,,,,,,,,,
754,1,DDP,,Vacuno_ovino,co2_ferm,,2020,,,,,,,0.125,,,,,,,,,,,,,,,
754,1,DDP,,Vacuno_ovino,co2_ferm,,2021,,,,,,,0.125,,,,,,,,,,,,,,,
754,1,DDP,,Vacuno_ovino,co2_ferm,,2022,,,,,,,0.125,,,,,,,,,,,,,,,
754,1,DDP,,Vacuno_ovino,co2_ferm,,2023,,,,,,,0.246,,,,,,,,,,,,,,,
754,1,DDP,,Vacuno_ovino,co2_ferm,,2024,,,,,,,0.244,,,,,,,,,,,,,,,
754,1,DDP,,Vacuno_ovino,co2_ferm,,2025,,,,,,,0.242,,,,,,,,,,,,,,,
754,1,DDP,,Vacuno_ovino,co2_ferm,,2026,,,,,,,0.24,,,,,,,,,,,,,,,
754,1,DDP,,Vacuno_ovino,co2_ferm,,2027,,,,,,,0.238,,,,,,,,,,,,,,,
754,1,DDP,,Vacuno_ovino,co2_ferm,,2028,,,,,,,0.236,,,,,,,,,,,,,,,
754,1,DDP,,Vacuno_ovino,co2_ferm,,2029,,,,,,,0.234,,,,,,,,,,,,,,,
754,1,DDP,,Vacuno_ovino,co2_ferm,,2030,,,,,,,0.232,,,,,,,,,,,,,,,
754,1,DDP,,Vacuno_ovino,co2_ferm,,2031,,,,,,,0.23,,,,,,,,,,,,,,,
754,1,DDP,,Vacuno_ovino,co2_ferm,,2032,,,,,,,0.228,,,,,,,,,,,,,,,
754,1,DDP,,Vacuno_ovino,co2_ferm,,2033,,,,,,,0.226,,,,,,,,,,,,,,,
754,1,DDP,,Vacuno_ovino,co2_ferm,,2034,,,,,,,0.224,,,,,,,,,,,,,,,
754,1,DDP,,Vacuno_ovino,co2_ferm,,2035,,,,,,,0.222,,,,,,,,,,,,,,,
754,1,DDP,,Vacuno_ovino,co2_ferm,,2036,,,,,,,0.22,,,,,,,,,,,,,,,
754,1,DDP,,Vacuno_ovino,co2_ferm,,2037,,,,,,,0.218,,,,,,,,,,,,,,,
754,1,DDP,,Vacuno_ovino,co2_ferm,,2038,,,,,,,0.216,,,,,,,,,,,,,,,
754,1,DDP,,Vacuno_ovino,co2_ferm,,2039,,,,,,,0.214,,,,,,,,,,,,,,,
754,1,DDP,,Vacuno_ovino,co2_ferm,,2040,,,,,,,0.212,,,,,,,,,,,,,,,
754,1,DDP,,Vacuno_ovino,co2_ferm,,2041,,,,,,,0.21,,,,,,,,,,,,,,,
754,1,DDP,,Vacuno_ovino,co2_ferm,,2042,,,,,,,0.208,,,,,,,,,,,,,,,
754,1,DDP,,Vacuno_ovino,co2_ferm,,2043,,,,,,,0.206,,,,,,,,,,,,,,,
754,1,DDP,,Vacuno_ovino,co2_ferm,,2044,,,,,,,0.204,,,,,,,,,,,,,,,
754,1,DDP,,Vacuno_ovino,co2_ferm,,2045,,,,,,,0.202,,,,,,,,,,,,,,,
754,1,DDP,,Vacuno_ovino,co2_ferm,,2046,,,,,,,0.2,,,,,,,,,,,,,,,
754,1,DDP,,Vacuno_ovino,co2_ferm,,2047,,,,,,,0.198,,,,,,,,,,,,,,,
754,1,DDP,,Vacuno_ovino,co2_ferm,,2048,,,,,,,0.196,,,,,,,,,,,,,,,
754,1,DDP,,Vacuno_ovino,co2_ferm,,2049,,,,,,,0.194,,,,,,,,,,,,,,,
754,1,DDP,,Vacuno_ovino,co2_ferm,,2050,,,,,,,0.1919999999999999,,,,,,,,,,,,,,,
754,1,DDP,,Vacuno_ovino,co2_ferm,,2051,,,,,,,0.1899999999999999,,,,,,,,,,,,,,,
754,1,DDP,,Vacuno_ovino,co2_ferm,,2052,,,,,,,0.1879999999999999,,,,,,,,,,,,,,,
754,1,DDP,,Vacuno_ovino,co2_ferm,,2053,,,,,,,0.1859999999999999,,,,,,,,,,,,,,,
754,1,DDP,,Vacuno_ovino,co2_ferm,,2054,,,,,,,0.1839999999999999,,,,,,,,,,,,,,,
754,1,DDP,,Vacuno_ovino,co2_ferm,,2055,,,,,,,0.1819999999999999,,,,,,,,,,,,,,,
754,1,DDP,,Vacuno_ovino,co2_ferm,,2056,,,,,,,0.1799999999999999,,,,,,,,,,,,,,,
754,1,DDP,,Vacuno_ovino,co2_ferm,,2057,,,,,,,0.1779999999999999,,,,,,,,,,,,,,,
754,1,DDP,,Vacuno_ovino,co2_ferm,,2058,,,,,,,0.1759999999999999,,,,,,,,,,,,,,,
754,1,DDP,,Vacuno_ovino,co2_ferm,,2059,,,,,,,0.1739999999999999,,,,,,,,,,,,,,,
754,1,DDP,,Vacuno_ovino,co2_ferm,,2060,,,,,,,0.1719999999999999,,,,,,,,,,,,,,,
754,1,DDP,,Vacuno_ovino,co2_ferm,,2061,,,,,,,0.17,,,,,,,,,,,,,,,
754,1,DDP,,Vacuno_ovino,co2_ferm,,2062,,,,,,,0.168,,,,,,,,,,,,,,,
754,1,DDP,,Vacuno_ovino,co2_ferm,,2063,,,,,,,0.166,,,,,,,,,,,,,,,
754,1,DDP,,Vacuno_ovino,co2_ferm,,2064,,,,,,,0.164,,,,,,,,,,,,,,,
754,1,DDP,,Vacuno_ovino,co2_ferm,,2065,,,,,,,0.1619999999999999,,,,,,,,,,,,,,,
754,1,DDP,,Vacuno_ovino,co2_ferm,,2066,,,,,,,0.16,,,,,,,,,,,,,,,
754,1,DDP,,Vacuno_ovino,co2_ferm,,2067,,,,,,,0.158,,,,,,,,,,,,,,,
754,1,DDP,,Vacuno_ovino,co2_ferm,,2068,,,,,,,0.156,,,,,,,,,,,,,,,
754,1,DDP,,Vacuno_ovino,co2_ferm,,2069,,,,,,,0.154,,,,,,,,,,,,,,,
754,1,DDP,,Vacuno_ovino,co2_ferm,,2070,,,,,,,0.152,,,,,,,,,,,,,,,
754,1,DDP,,Vacuno_otras_especies,co2_ferm,,2018,,,,,,,0.25,,,,,,,,,,,,,,,
754,1,DDP,,Vacuno_otras_especies,co2_ferm,,2019,,,,,,,0.25,,,,,,,,,,,,,,,
754,1,DDP,,Vacuno_otras_especies,co2_ferm,,2020,,,,,,,0.25,,,,,,,,,,,,,,,
754,1,DDP,,Vacuno_otras_especies,co2_ferm,,2021,,,,,,,0.25,,,,,,,,,,,,,,,
754,1,DDP,,Vacuno_otras_especies,co2_ferm,,2022,,,,,,,0.25,,,,,,,,,,,,,,,
754,1,DDP,,Vacuno_otras_especies,co2_ferm,,2023,,,,,,,0.031488,,,,,,,,,,,,,,,
754,1,DDP,,Vacuno_otras_especies,co2_ferm,,2024,,,,,,,0.031232,,,,,,,,,,,,,,,
754,1,DDP,,Vacuno_otras_especies,co2_ferm,,2025,,,,,,,0.030976,,,,,,,,,,,,,,,
754,1,DDP,,Vacuno_otras_especies,co2_ferm,,2026,,,,,,,0.03072,,,,,,,,,,,,,,,
754,1,DDP,,Vacuno_otras_especies,co2_ferm,,2027,,,,,,,0.030464,,,,,,,,,,,,,,,
754,1,DDP,,Vacuno_otras_especies,co2_ferm,,2028,,,,,,,0.030208,,,,,,,,,,,,,,,
754,1,DDP,,Vacuno_otras_especies,co2_ferm,,2029,,,,,,,0.029952,,,,,,,,,,,,,,,
754,1,DDP,,Vacuno_otras_especies,co2_ferm,,2030,,,,,,,0.029696,,,,,,,,,,,,,,,
754,1,DDP,,Vacuno_otras_especies,co2_ferm,,2031,,,,,,,0.02944,,,,,,,,,,,,,,,
754,1,DDP,,Vacuno_otras_especies,co2_ferm,,2032,,,,,,,0.029184,,,,,,,,,,,,,,,
754,1,DDP,,Vacuno_otras_especies,co2_ferm,,2033,,,,,,,0.028928,,,,,,,,,,,,,,,
754,1,DDP,,Vacuno_otras_especies,co2_ferm,,2034,,,,,,,0.028672,,,,,,,,,,,,,,,
754,1,DDP,,Vacuno_otras_especies,co2_ferm,,2035,,,,,,,0.028416,,,,,,,,,,,,,,,
754,1,DDP,,Vacuno_otras_especies,co2_ferm,,2036,,,,,,,0.02816,,,,,,,,,,,,,,,
754,1,DDP,,Vacuno_otras_especies,co2_ferm,,2037,,,,,,,0.027904,,,,,,,,,,,,,,,
754,1,DDP,,Vacuno_otras_especies,co2_ferm,,2038,,,,,,,0.027648,,,,,,,,,,,,,,,
754,1,DDP,,Vacuno_otras_especies,co2_ferm,,2039,,,,,,,0.027392,,,,,,,,,,,,,,,
754,1,DDP,,Vacuno_otras_especies,co2_ferm,,2040,,,,,,,0.027136,,,,,,,,,,,,,,,
754,1,DDP,,Vacuno_otras_especies,co2_ferm,,2041,,,,,,,0.02688,,,,,,,,,,,,,,,
754,1,DDP,,Vacuno_otras_especies,co2_ferm,,2042,,,,,,,0.026624,,,,,,,,,,,,,,,
754,1,DDP,,Vacuno_otras_especies,co2_ferm,,2043,,,,,,,0.026368,,,,,,,,,,,,,,,
754,1,DDP,,Vacuno_otras_especies,co2_ferm,,2044,,,,,,,0.026112,,,,,,,,,,,,,,,
754,1,DDP,,Vacuno_otras_especies,co2_ferm,,2045,,,,,,,0.025856,,,,,,,,,,,,,,,
754,1,DDP,,Vacuno_otras_especies,co2_ferm,,2046,,,,,,,0.0256,,,,,,,,,,,,,,,
754,1,DDP,,Vacuno_otras_especies,co2_ferm,,2047,,,,,,,0.025344,,,,,,,,,,,,,,,
754,1,DDP,,Vacuno_otras_especies,co2_ferm,,2048,,,,,,,0.025088,,,,,,,,,,,,,,,
754,1,DDP,,Vacuno_otras_especies,co2_ferm,,2049,,,,,,,0.024832,,,,,,,,,,,,,,,
754,1,DDP,,Vacuno_otras_especies,co2_ferm,,2050,,,,,,,0.024576,,,,,,,,,,,,,,,
754,1,DDP,,Vacuno_otras_especies,co2_ferm,,2051,,,,,,,0.02432,,,,,,,,,,,,,,,
754,1,DDP,,Vacuno_otras_especies,co2_ferm,,2052,,,,,,,0.024064,,,,,,,,,,,,,,,
754,1,DDP,,Vacuno_otras_especies,co2_ferm,,2053,,,,,,,0.023808,,,,,,,,,,,,,,,
754,1,DDP,,Vacuno_otras_especies,co2_ferm,,2054,,,,,,,0.023552,,,,,,,,,,,,,,,
754,1,DDP,,Vacuno_otras_especies,co2_ferm,,2055,,,,,,,0.023296,,,,,,,,,,,,,,,
754,1,DDP,,Vacuno_otras_especies,co2_ferm,,2056,,,,,,,0.02304,,,,,,,,,,,,,,,
754,1,DDP,,Vacuno_otras_especies,co2_ferm,,2057,,,,,,,0.022784,,,,,,,,,,,,,,,
754,1,DDP,,Vacuno_otras_especies,co2_ferm,,2058,,,,,,,0.022528,,,,,,,,,,,,,,,
754,1,DDP,,Vacuno_otras_especies,co2_ferm,,2059,,,,,,,0.022272,,,,,,,,,,,,,,,
754,1,DDP,,Vacuno_otras_especies,co2_ferm,,2060,,,,,,,0.022016,,,,,,,,,,,,,,,
754,1,DDP,,Vacuno_otras_especies,co2_ferm,,2061,,,,,,,0.02176,,,,,,,,,,,,,,,
754,1,DDP,,Vacuno_otras_especies,co2_ferm,,2062,,,,,,,0.021504,,,,,,,,,,,,,,,
754,1,DDP,,Vacuno_otras_especies,co2_ferm,,2063,,,,,,,0.021248,,,,,,,,,,,,,,,
754,1,DDP,,Vacuno_otras_especies,co2_ferm,,2064,,,,,,,0.020992,,,,,,,,,,,,,,,
754,1,DDP,,Vacuno_otras_especies,co2_ferm,,2065,,,,,,,0.020736,,,,,,,,,,,,,,,
754,1,DDP,,Vacuno_otras_especies,co2_ferm,,2066,,,,,,,0.02048,,,,,,,,,,,,,,,
754,1,DDP,,Vacuno_otras_especies,co2_ferm,,2067,,,,,,,0.020224,,,,,,,,,,,,,,,
754,1,DDP,,Vacuno_otras_especies,co2_ferm,,2068,,,,,,,0.019968,,,,,,,,,,,,,,,
754,1,DDP,,Vacuno_otras_especies,co2_ferm,,2069,,,,,,,0.019712,,,,,,,,,,,,,,,
754,1,DDP,,Vacuno_otras_especies,co2_ferm,,2070,,,,,,,0.019456,,,,,,,,,,,,,,,
754,1,DDP,,Vacuno_porcino,co2_estiercol,,2018,,,,,,,0.032,,,,,,,,,,,,,,,
754,1,DDP,,Vacuno_porcino,co2_estiercol,,2019,,,,,,,0.032,,,,,,,,,,,,,,,
754,1,DDP,,Vacuno_porcino,co2_estiercol,,2020,,,,,,,0.032,,,,,,,,,,,,,,,
754,1,DDP,,Vacuno_porcino,co2_estiercol,,2021,,,,,,,0.032,,,,,,,,,,,,,,,
754,1,DDP,,Vacuno_porcino,co2_estiercol,,2022,,,,,,,0.032,,,,,,,,,,,,,,,
754,1,DDP,,Vacuno_porcino,co2_estiercol,,2023,,,,,,,0.003198,,,,,,,,,,,,,,,
754,1,DDP,,Vacuno_porcino,co2_estiercol,,2024,,,,,,,0.003172,,,,,,,,,,,,,,,
754,1,DDP,,Vacuno_porcino,co2_estiercol,,2025,,,,,,,0.003146,,,,,,,,,,,,,,,
754,1,DDP,,Vacuno_porcino,co2_estiercol,,2026,,,,,,,0.00312,,,,,,,,,,,,,,,
754,1,DDP,,Vacuno_porcino,co2_estiercol,,2027,,,,,,,0.003094,,,,,,,,,,,,,,,
754,1,DDP,,Vacuno_porcino,co2_estiercol,,2028,,,,,,,0.003068,,,,,,,,,,,,,,,
754,1,DDP,,Vacuno_porcino,co2_estiercol,,2029,,,,,,,0.003042,,,,,,,,,,,,,,,
754,1,DDP,,Vacuno_porcino,co2_estiercol,,2030,,,,,,,0.003016,,,,,,,,,,,,,,,
754,1,DDP,,Vacuno_porcino,co2_estiercol,,2031,,,,,,,0.00299,,,,,,,,,,,,,,,
754,1,DDP,,Vacuno_porcino,co2_estiercol,,2032,,,,,,,0.002964,,,,,,,,,,,,,,,
754,1,DDP,,Vacuno_porcino,co2_estiercol,,2033,,,,,,,0.002938,,,,,,,,,,,,,,,
754,1,DDP,,Vacuno_porcino,co2_estiercol,,2034,,,,,,,0.002912,,,,,,,,,,,,,,,
754,1,DDP,,Vacuno_porcino,co2_estiercol,,2035,,,,,,,0.002886,,,,,,,,,,,,,,,
754,1,DDP,,Vacuno_porcino,co2_estiercol,,2036,,,,,,,0.00286,,,,,,,,,,,,,,,
754,1,DDP,,Vacuno_porcino,co2_estiercol,,2037,,,,,,,0.002834,,,,,,,,,,,,,,,
754,1,DDP,,Vacuno_porcino,co2_estiercol,,2038,,,,,,,0.002808,,,,,,,,,,,,,,,
754,1,DDP,,Vacuno_porcino,co2_estiercol,,2039,,,,,,,0.002782,,,,,,,,,,,,,,,
754,1,DDP,,Vacuno_porcino,co2_estiercol,,2040,,,,,,,0.002756,,,,,,,,,,,,,,,
754,1,DDP,,Vacuno_porcino,co2_estiercol,,2041,,,,,,,0.00273,,,,,,,,,,,,,,,
754,1,DDP,,Vacuno_porcino,co2_estiercol,,2042,,,,,,,0.002704,,,,,,,,,,,,,,,
754,1,DDP,,Vacuno_porcino,co2_estiercol,,2043,,,,,,,0.002678,,,,,,,,,,,,,,,
754,1,DDP,,Vacuno_porcino,co2_estiercol,,2044,,,,,,,0.002652,,,,,,,,,,,,,,,
754,1,DDP,,Vacuno_porcino,co2_estiercol,,2045,,,,,,,0.002626,,,,,,,,,,,,,,,
754,1,DDP,,Vacuno_porcino,co2_estiercol,,2046,,,,,,,0.0026,,,,,,,,,,,,,,,
754,1,DDP,,Vacuno_porcino,co2_estiercol,,2047,,,,,,,0.002574,,,,,,,,,,,,,,,
754,1,DDP,,Vacuno_porcino,co2_estiercol,,2048,,,,,,,0.002548,,,,,,,,,,,,,,,
754,1,DDP,,Vacuno_porcino,co2_estiercol,,2049,,,,,,,0.002522,,,,,,,,,,,,,,,
754,1,DDP,,Vacuno_porcino,co2_estiercol,,2050,,,,,,,0.002496,,,,,,,,,,,,,,,
754,1,DDP,,Vacuno_porcino,co2_estiercol,,2051,,,,,,,0.00247,,,,,,,,,,,,,,,
754,1,DDP,,Vacuno_porcino,co2_estiercol,,2052,,,,,,,0.002444,,,,,,,,,,,,,,,
754,1,DDP,,Vacuno_porcino,co2_estiercol,,2053,,,,,,,0.002418,,,,,,,,,,,,,,,
754,1,DDP,,Vacuno_porcino,co2_estiercol,,2054,,,,,,,0.002392,,,,,,,,,,,,,,,
754,1,DDP,,Vacuno_porcino,co2_estiercol,,2055,,,,,,,0.002366,,,,,,,,,,,,,,,
754,1,DDP,,Vacuno_porcino,co2_estiercol,,2056,,,,,,,0.00234,,,,,,,,,,,,,,,
754,1,DDP,,Vacuno_porcino,co2_estiercol,,2057,,,,,,,0.002314,,,,,,,,,,,,,,,
754,1,DDP,,Vacuno_porcino,co2_estiercol,,2058,,,,,,,0.002288,,,,,,,,,,,,,,,
754,1,DDP,,Vacuno_porcino,co2_estiercol,,2059,,,,,,,0.002262,,,,,,,,,,,,,,,
754,1,DDP,,Vacuno_porcino,co2_estiercol,,2060,,,,,,,0.002236,,,,,,,,,,,,,,,
754,1,DDP,,Vacuno_porcino,co2_estiercol,,2061,,,,,,,0.00221,,,,,,,,,,,,,,,
754,1,DDP,,Vacuno_porcino,co2_estiercol,,2062,,,,,,,0.002184,,,,,,,,,,,,,,,
754,1,DDP,,Vacuno_porcino,co2_estiercol,,2063,,,,,,,0.002158,,,,,,,,,,,,,,,
754,1,DDP,,Vacuno_porcino,co2_estiercol,,2064,,,,,,,0.002132,,,,,,,,,,,,,,,
754,1,DDP,,Vacuno_porcino,co2_estiercol,,2065,,,,,,,0.002106,,,,,,,,,,,,,,,
754,1,DDP,,Vacuno_porcino,co2_estiercol,,2066,,,,,,,0.00208,,,,,,,,,,,,,,,
754,1,DDP,,Vacuno_porcino,co2_estiercol,,2067,,,,,,,0.002054,,,,,,,,,,,,,,,
754,1,DDP,,Vacuno_porcino,co2_estiercol,,2068,,,,,,,0.002028,,,,,,,,,,,,,,,
754,1,DDP,,Vacuno_porcino,co2_estiercol,,2069,,,,,,,0.002002,,,,,,,,,,,,,,,
754,1,DDP,,Vacuno_porcino,co2_estiercol,,2070,,,,,,,0.001976,,,,,,,,,,,,,,,
754,1,DDP,,Vacuno_ovino,co2_estiercol,,2018,,,,,,,0.00325,,,,,,,,,,,,,,,
754,1,DDP,,Vacuno_ovino,co2_estiercol,,2019,,,,,,,0.00325,,,,,,,,,,,,,,,
754,1,DDP,,Vacuno_ovino,co2_estiercol,,2020,,,,,,,0.00325,,,,,,,,,,,,,,,
754,1,DDP,,Vacuno_ovino,co2_estiercol,,2021,,,,,,,0.00325,,,,,,,,,,,,,,,
754,1,DDP,,Vacuno_ovino,co2_estiercol,,2022,,,,,,,0.00325,,,,,,,,,,,,,,,
754,1,DDP,,Vacuno_ovino,co2_estiercol,,2023,,,,,,,0.019434,,,,,,,,,,,,,,,
754,1,DDP,,Vacuno_ovino,co2_estiercol,,2024,,,,,,,0.019276,,,,,,,,,,,,,,,
754,1,DDP,,Vacuno_ovino,co2_estiercol,,2025,,,,,,,0.019118,,,,,,,,,,,,,,,
754,1,DDP,,Vacuno_ovino,co2_estiercol,,2026,,,,,,,0.01896,,,,,,,,,,,,,,,
754,1,DDP,,Vacuno_ovino,co2_estiercol,,2027,,,,,,,0.018802,,,,,,,,,,,,,,,
754,1,DDP,,Vacuno_ovino,co2_estiercol,,2028,,,,,,,0.018644,,,,,,,,,,,,,,,
754,1,DDP,,Vacuno_ovino,co2_estiercol,,2029,,,,,,,0.018486,,,,,,,,,,,,,,,
754,1,DDP,,Vacuno_ovino,co2_estiercol,,2030,,,,,,,0.018328,,,,,,,,,,,,,,,
754,1,DDP,,Vacuno_ovino,co2_estiercol,,2031,,,,,,,0.01817,,,,,,,,,,,,,,,
754,1,DDP,,Vacuno_ovino,co2_estiercol,,2032,,,,,,,0.018012,,,,,,,,,,,,,,,
754,1,DDP,,Vacuno_ovino,co2_estiercol,,2033,,,,,,,0.017854,,,,,,,,,,,,,,,
754,1,DDP,,Vacuno_ovino,co2_estiercol,,2034,,,,,,,0.017696,,,,,,,,,,,,,,,
754,1,DDP,,Vacuno_ovino,co2_estiercol,,2035,,,,,,,0.017538,,,,,,,,,,,,,,,
754,1,DDP,,Vacuno_ovino,co2_estiercol,,2036,,,,,,,0.01738,,,,,,,,,,,,,,,
754,1,DDP,,Vacuno_ovino,co2_estiercol,,2037,,,,,,,0.017222,,,,,,,,,,,,,,,
754,1,DDP,,Vacuno_ovino,co2_estiercol,,2038,,,,,,,0.017064,,,,,,,,,,,,,,,
754,1,DDP,,Vacuno_ovino,co2_estiercol,,2039,,,,,,,0.016906,,,,,,,,,,,,,,,
754,1,DDP,,Vacuno_ovino,co2_estiercol,,2040,,,,,,,0.016748,,,,,,,,,,,,,,,
754,1,DDP,,Vacuno_ovino,co2_estiercol,,2041,,,,,,,0.01659,,,,,,,,,,,,,,,
754,1,DDP,,Vacuno_ovino,co2_estiercol,,2042,,,,,,,0.016432,,,,,,,,,,,,,,,
754,1,DDP,,Vacuno_ovino,co2_estiercol,,2043,,,,,,,0.016274,,,,,,,,,,,,,,,
754,1,DDP,,Vacuno_ovino,co2_estiercol,,2044,,,,,,,0.016116,,,,,,,,,,,,,,,
754,1,DDP,,Vacuno_ovino,co2_estiercol,,2045,,,,,,,0.015958,,,,,,,,,,,,,,,
754,1,DDP,,Vacuno_ovino,co2_estiercol,,2046,,,,,,,0.0158,,,,,,,,,,,,,,,
754,1,DDP,,Vacuno_ovino,co2_estiercol,,2047,,,,,,,0.015642,,,,,,,,,,,,,,,
754,1,DDP,,Vacuno_ovino,co2_estiercol,,2048,,,,,,,0.015484,,,,,,,,,,,,,,,
754,1,DDP,,Vacuno_ovino,co2_estiercol,,2049,,,,,,,0.015326,,,,,,,,,,,,,,,
754,1,DDP,,Vacuno_ovino,co2_estiercol,,2050,,,,,,,0.015168,,,,,,,,,,,,,,,
754,1,DDP,,Vacuno_ovino,co2_estiercol,,2051,,,,,,,0.01501,,,,,,,,,,,,,,,
754,1,DDP,,Vacuno_ovino,co2_estiercol,,2052,,,,,,,0.014852,,,,,,,,,,,,,,,
754,1,DDP,,Vacuno_ovino,co2_estiercol,,2053,,,,,,,0.014694,,,,,,,,,,,,,,,
754,1,DDP,,Vacuno_ovino,co2_estiercol,,2054,,,,,,,0.014536,,,,,,,,,,,,,,,
754,1,DDP,,Vacuno_ovino,co2_estiercol,,2055,,,,,,,0.014378,,,,,,,,,,,,,,,
754,1,DDP,,Vacuno_ovino,co2_estiercol,,2056,,,,,,,0.01422,,,,,,,,,,,,,,,
754,1,DDP,,Vacuno_ovino,co2_estiercol,,2057,,,,,,,0.014062,,,,,,,,,,,,,,,
754,1,DDP,,Vacuno_ovino,co2_estiercol,,2058,,,,,,,0.013904,,,,,,,,,,,,,,,
754,1,DDP,,Vacuno_ovino,co2_estiercol,,2059,,,,,,,0.013746,,,,,,,,,,,,,,,
754,1,DDP,,Vacuno_ovino,co2_estiercol,,2060,,,,,,,0.013588,,,,,,,,,,,,,,,
754,1,DDP,,Vacuno_ovino,co2_estiercol,,2061,,,,,,,0.01343,,,,,,,,,,,,,,,
754,1,DDP,,Vacuno_ovino,co2_estiercol,,2062,,,,,,,0.013272,,,,,,,,,,,,,,,
754,1,DDP,,Vacuno_ovino,co2_estiercol,,2063,,,,,,,0.013114,,,,,,,,,,,,,,,
754,1,DDP,,Vacuno_ovino,co2_estiercol,,2064,,,,,,,0.012956,,,,,,,,,,,,,,,
754,1,DDP,,Vacuno_ovino,co2_estiercol,,2065,,,,,,,0.012798,,,,,,,,,,,,,,,
754,1,DDP,,Vacuno_ovino,co2_estiercol,,2066,,,,,,,0.01264,,,,,,,,,,,,,,,
754,1,DDP,,Vacuno_ovino,co2_estiercol,,2067,,,,,,,0.012482,,,,,,,,,,,,,,,
754,1,DDP,,Vacuno_ovino,co2_estiercol,,2068,,,,,,,0.012324,,,,,,,,,,,,,,,
754,1,DDP,,Vacuno_ovino,co2_estiercol,,2069,,,,,,,0.012166,,,,,,,,,,,,,,,
754,1,DDP,,Vacuno_ovino,co2_estiercol,,2070,,,,,,,0.012008,,,,,,,,,,,,,,,
754,1,DDP,,Vacuno_otras_especies,co2_estiercol,,2018,,,,,,,0.01975,,,,,,,,,,,,,,,
754,1,DDP,,Vacuno_otras_especies,co2_estiercol,,2019,,,,,,,0.01975,,,,,,,,,,,,,,,
754,1,DDP,,Vacuno_otras_especies,co2_estiercol,,2020,,,,,,,0.01975,,,,,,,,,,,,,,,
754,1,DDP,,Vacuno_otras_especies,co2_estiercol,,2021,,,,,,,0.01975,,,,,,,,,,,,,,,
754,1,DDP,,Vacuno_otras_especies,co2_estiercol,,2022,,,,,,,0.01975,,,,,,,,,,,,,,,
754,1,DDP,,Vacuno_otras_especies,co2_estiercol,,2023,,,,,,,0.01852155,,,,,,,,,,,,,,,
754,1,DDP,,Vacuno_otras_especies,co2_estiercol,,2024,,,,,,,0.017907325,,,,,,,,,,,,,,,
754,1,DDP,,Vacuno_otras_especies,co2_estiercol,,2025,,,,,,,0.0172931,,,,,,,,,,,,,,,
754,1,DDP,,Vacuno_otras_especies,co2_estiercol,,2026,,,,,,,0.016678875,,,,,,,,,,,,,,,
754,1,DDP,,Vacuno_otras_especies,co2_estiercol,,2027,,,,,,,0.01606465,,,,,,,,,,,,,,,
754,1,DDP,,Vacuno_otras_especies,co2_estiercol,,2028,,,,,,,0.015450425,,,,,,,,,,,,,,,
754,1,DDP,,Vacuno_otras_especies,co2_estiercol,,2029,,,,,,,0.0148362,,,,,,,,,,,,,,,
754,1,DDP,,Vacuno_otras_especies,co2_estiercol,,2030,,,,,,,0.014221975,,,,,,,,,,,,,,,
754,1,DDP,,Vacuno_otras_especies,co2_estiercol,,2031,,,,,,,0.01360775,,,,,,,,,,,,,,,
754,1,DDP,,Vacuno_otras_especies,co2_estiercol,,2032,,,,,,,0.012993525,,,,,,,,,,,,,,,
754,1,DDP,,Vacuno_otras_especies,co2_estiercol,,2033,,,,,,,0.0123793,,,,,,,,,,,,,,,
754,1,DDP,,Vacuno_otras_especies,co2_estiercol,,2034,,,,,,,0.011765075,,,,,,,,,,,,,,,
754,1,DDP,,Vacuno_otras_especies,co2_estiercol,,2035,,,,,,,0.01115085,,,,,,,,,,,,,,,
754,1,DDP,,Vacuno_otras_especies,co2_estiercol,,2036,,,,,,,0.010536625,,,,,,,,,,,,,,,
754,1,DDP,,Vacuno_otras_especies,co2_estiercol,,2037,,,,,,,0.0099224,,,,,,,,,,,,,,,
754,1,DDP,,Vacuno_otras_especies,co2_estiercol,,2038,,,,,,,0.009308175,,,,,,,,,,,,,,,
754,1,DDP,,Vacuno_otras_especies,co2_estiercol,,2039,,,,,,,0.00869395,,,,,,,,,,,,,,,
754,1,DDP,,Vacuno_otras_especies,co2_estiercol,,2040,,,,,,,0.008079725,,,,,,,,,,,,,,,
754,1,DDP,,Vacuno_otras_especies,co2_estiercol,,2041,,,,,,,0.0074655,,,,,,,,,,,,,,,
754,1,DDP,,Vacuno_otras_especies,co2_estiercol,,2042,,,,,,,0.006851275,,,,,,,,,,,,,,,
754,1,DDP,,Vacuno_otras_especies,co2_estiercol,,2043,,,,,,,0.00623705,,,,,,,,,,,,,,,
754,1,DDP,,Vacuno_otras_especies,co2_estiercol,,2044,,,,,,,0.005622825,,,,,,,,,,,,,,,
754,1,DDP,,Vacuno_otras_especies,co2_estiercol,,2045,,,,,,,0.0050086,,,,,,,,,,,,,,,
754,1,DDP,,Vacuno_otras_especies,co2_estiercol,,2046,,,,,,,0.004394375,,,,,,,,,,,,,,,
754,1,DDP,,Vacuno_otras_especies,co2_estiercol,,2047,,,,,,,0.00378015,,,,,,,,,,,,,,,
754,1,DDP,,Vacuno_otras_especies,co2_estiercol,,2048,,,,,,,0.003165925,,,,,,,,,,,,,,,
754,1,DDP,,Vacuno_otras_especies,co2_estiercol,,2049,,,,,,,0.0025517,,,,,,,,,,,,,,,
754,1,DDP,,Vacuno_otras_especies,co2_estiercol,,2050,,,,,,,0.001937475,,,,,,,,,,,,,,,
754,1,DDP,,Vacuno_otras_especies,co2_estiercol,,2051,,,,,,,0.00132325,,,,,,,,,,,,,,,
754,1,DDP,,Vacuno_otras_especies,co2_estiercol,,2052,,,,,,,0.000709025,,,,,,,,,,,,,,,
754,1,DDP,,Vacuno_otras_especies,co2_estiercol,,2053,,,,,,,9.48e-05,,,,,,,,,,,,,,,
754,1,DDP,,Vacuno_otras_especies,co2_estiercol,,2054,,,,,,,-0.000519425,,,,,,,,,,,,,,,
754,1,DDP,,Vacuno_otras_especies,co2_estiercol,,2055,,,,,,,-0.00113365,,,,,,,,,,,,,,,
754,1,DDP,,Vacuno_otras_especies,co2_estiercol,,2056,,,,,,,-0.001747875,,,,,,,,,,,,,,,
754,1,DDP,,Vacuno_otras_especies,co2_estiercol,,2057,,,,,,,-0.0023621,,,,,,,,,,,,,,,
754,1,DDP,,Vacuno_otras_especies,co2_estiercol,,2058,,,,,,,-0.002976325,,,,,,,,,,,,,,,
754,1,DDP,,Vacuno_otras_especies,co2_estiercol,,2059,,,,,,,-0.00359055,,,,,,,,,,,,,,,
754,1,DDP,,Vacuno_otras_especies,co2_estiercol,,2060,,,,,,,-0.004204775,,,,,,,,,,,,,,,
754,1,DDP,,Vacuno_otras_especies,co2_estiercol,,2061,,,,,,,-0.004819,,,,,,,,,,,,,,,
754,1,DDP,,Vacuno_otras_especies,co2_estiercol,,2062,,,,,,,-0.005433225,,,,,,,,,,,,,,,
754,1,DDP,,Vacuno_otras_especies,co2_estiercol,,2063,,,,,,,-0.00604745,,,,,,,,,,,,,,,
754,1,DDP,,Vacuno_otras_especies,co2_estiercol,,2064,,,,,,,-0.006661675,,,,,,,,,,,,,,,
754,1,DDP,,Vacuno_otras_especies,co2_estiercol,,2065,,,,,,,-0.0072759,,,,,,,,,,,,,,,
754,1,DDP,,Vacuno_otras_especies,co2_estiercol,,2066,,,,,,,-0.007890125,,,,,,,,,,,,,,,
754,1,DDP,,Vacuno_otras_especies,co2_estiercol,,2067,,,,,,,-0.00850435,,,,,,,,,,,,,,,
754,1,DDP,,Vacuno_otras_especies,co2_estiercol,,2068,,,,,,,-0.009118575,,,,,,,,,,,,,,,
754,1,DDP,,Vacuno_otras_especies,co2_estiercol,,2069,,,,,,,-0.0097328,,,,,,,,,,,,,,,
754,1,DDP,,Vacuno_otras_especies,co2_estiercol,,2070,,,,,,,-0.010347025,,,,,,,,,,,,,,,
754,1,DDP,,Cultivos,co2_encalado,,2018,,,,,,,0.0055455241924781,,,,,,,,,,,,,,,
754,1,DDP,,Cultivos,co2_encalado,,2019,,,,,,,0.0055980334672187,,,,,,,,,,,,,,,
754,1,DDP,,Cultivos,co2_encalado,,2020,,,,,,,0.0056706163590442,,,,,,,,,,,,,,,
754,1,DDP,,Cultivos,co2_encalado,,2021,,,,,,,0.0056907295571927,,,,,,,,,,,,,,,
754,1,DDP,,Cultivos,co2_encalado,,2022,,,,,,,0.005708256672799,,,,,,,,,,,,,,,
754,1,DDP,,Cultivos,co2_encalado,,2023,,,,,,,0.005732740632783,,,,,,,,,,,,,,,
754,1,DDP,,Cultivos,co2_encalado,,2024,,,,,,,0.0057527181748851,,,,,,,,,,,,,,,
754,1,DDP,,Cultivos,co2_encalado,,2025,,,,,,,0.0057840840544093,,,,,,,,,,,,,,,
754,1,DDP,,Cultivos,co2_encalado,,2026,,,,,,,0.0058211135683626,,,,,,,,,,,,,,,
754,1,DDP,,Cultivos,co2_encalado,,2027,,,,,,,0.005846426522859,,,,,,,,,,,,,,,
754,1,DDP,,Cultivos,co2_encalado,,2028,,,,,,,0.0058769783168554,,,,,,,,,,,,,,,
754,1,DDP,,Cultivos,co2_encalado,,2029,,,,,,,0.005922011350271,,,,,,,,,,,,,,,
754,1,DDP,,Cultivos,co2_encalado,,2030,,,,,,,0.0059621118580572,,,,,,,,,,,,,,,
754,1,DDP,,Cultivos,co2_encalado,,2031,,,,,,,0.0059893938181306,,,,,,,,,,,,,,,
754,1,DDP,,Cultivos,co2_encalado,,2032,,,,,,,0.0060284643548399,,,,,,,,,,,,,,,
754,1,DDP,,Cultivos,co2_encalado,,2033,,,,,,,0.0060593836930509,,,,,,,,,,,,,,,
754,1,DDP,,Cultivos,co2_encalado,,2034,,,,,,,0.006098296901421,,,,,,,,,,,,,,,
754,1,DDP,,Cultivos,co2_encalado,,2035,,,,,,,0.0061349421896876,,,,,,,,,,,,,,,
754,1,DDP,,Cultivos,co2_encalado,,2036,,,,,,,0.0061656462831457,,,,,,,,,,,,,,,
754,1,DDP,,Cultivos,co2_encalado,,2037,,,,,,,0.0061978114885641,,,,,,,,,,,,,,,
754,1,DDP,,Cultivos,co2_encalado,,2038,,,,,,,0.0062251678008209,,,,,,,,,,,,,,,
754,1,DDP,,Cultivos,co2_encalado,,2039,,,,,,,0.0062446081602519,,,,,,,,,,,,,,,
754,1,DDP,,Cultivos,co2_encalado,,2040,,,,,,,0.006264676811403,,,,,,,,,,,,,,,
754,1,DDP,,Cultivos,co2_encalado,,2041,,,,,,,0.0062796081377848,,,,,,,,,,,,,,,
754,1,DDP,,Cultivos,co2_encalado,,2042,,,,,,,0.0062915819898986,,,,,,,,,,,,,,,
754,1,DDP,,Cultivos,co2_encalado,,2043,,,,,,,0.0063078541151632,,,,,,,,,,,,,,,
754,1,DDP,,Cultivos,co2_encalado,,2044,,,,,,,0.0063122539310237,,,,,,,,,,,,,,,
754,1,DDP,,Cultivos,co2_encalado,,2045,,,,,,,0.0063188512994115,,,,,,,,,,,,,,,
754,1,DDP,,Cultivos,co2_encalado,,2046,,,,,,,0.006314491967432,,,,,,,,,,,,,,,
754,1,DDP,,Cultivos,co2_encalado,,2047,,,,,,,0.0063152870718554,,,,,,,,,,,,,,,
754,1,DDP,,Cultivos,co2_encalado,,2048,,,,,,,0.0063149175932176,,,,,,,,,,,,,,,
754,1,DDP,,Cultivos,co2_encalado,,2049,,,,,,,0.0063115837418736,,,,,,,,,,,,,,,
754,1,DDP,,Cultivos,co2_encalado,,2050,,,,,,,0.0063072759223136,,,,,,,,,,,,,,,
754,1,DDP,,Cultivos,co2_encalado,,2051,,,,,,,0.0063072354845285,,,,,,,,,,,,,,,
754,1,DDP,,Cultivos,co2_encalado,,2052,,,,,,,0.0063049727370205,,,,,,,,,,,,,,,
754,1,DDP,,Cultivos,co2_encalado,,2053,,,,,,,0.0063007282862806,,,,,,,,,,,,,,,
754,1,DDP,,Cultivos,co2_encalado,,2054,,,,,,,0.0062942834039102,,,,,,,,,,,,,,,
754,1,DDP,,Cultivos,co2_encalado,,2055,,,,,,,0.006285806103357,,,,,,,,,,,,,,,
754,1,DDP,,Cultivos,co2_encalado,,2056,,,,,,,0.0062756668674689,,,,,,,,,,,,,,,
754,1,DDP,,Cultivos,co2_encalado,,2057,,,,,,,0.0062637203788343,,,,,,,,,,,,,,,
754,1,DDP,,Cultivos,co2_encalado,,2058,,,,,,,0.0062501749550104,,,,,,,,,,,,,,,
754,1,DDP,,Cultivos,co2_encalado,,2059,,,,,,,0.0062351148501541,,,,,,,,,,,,,,,
754,1,DDP,,Cultivos,co2_encalado,,2060,,,,,,,0.0062181815962697,,,,,,,,,,,,,,,
754,1,DDP,,Cultivos,co2_encalado,,2061,,,,,,,0.0061999937834316,,,,,,,,,,,,,,,
754,1,DDP,,Cultivos,co2_encalado,,2062,,,,,,,0.0061803393482496,,,,,,,,,,,,,,,
754,1,DDP,,Cultivos,co2_encalado,,2063,,,,,,,0.0061597994612068,,,,,,,,,,,,,,,
754,1,DDP,,Cultivos,co2_encalado,,2064,,,,,,,0.006138006631394,,,,,,,,,,,,,,,
754,1,DDP,,Cultivos,co2_encalado,,2065,,,,,,,0.0061149581519248,,,,,,,,,,,,,,,
754,1,DDP,,Cultivos,co2_encalado,,2066,,,,,,,0.0060907622090598,,,,,,,,,,,,,,,
754,1,DDP,,Cultivos,co2_encalado,,2067,,,,,,,0.0060654149587522,,,,,,,,,,,,,,,
754,1,DDP,,Cultivos,co2_encalado,,2068,,,,,,,0.006038598725578,,,,,,,,,,,,,,,
754,1,DDP,,Cultivos,co2_encalado,,2069,,,,,,,0.0060103683876759,,,,,,,,,,,,,,,
754,1,DDP,,Cultivos,co2_encalado,,2070,,,,,,,0.0059807671966026,,,,,,,,,,,,,,,
754,1,DDP,,Cultivos,co2_urea,,2018,,,,,,,0.0482398758750886,,,,,,,,,,,,,,,
754,1,DDP,,Cultivos,co2_urea,,2019,,,,,,,0.0486966480048018,,,,,,,,,,,,,,,
754,1,DDP,,Cultivos,co2_urea,,2020,,,,,,,0.0493280382162212,,,,,,,,,,,,,,,
754,1,DDP,,Cultivos,co2_urea,,2021,,,,,,,0.0495030006090371,,,,,,,,,,,,,,,
754,1,DDP,,Cultivos,co2_urea,,2022,,,,,,,0.0496554669678429,,,,,,,,,,,,,,,
754,1,DDP,,Cultivos,co2_urea,,2023,,,,,,,0.0498684501141715,,,,,,,,,,,,,,,
754,1,DDP,,Cultivos,co2_urea,,2024,,,,,,,0.0500422324506731,,,,,,,,,,,,,,,
754,1,DDP,,Cultivos,co2_urea,,2025,,,,,,,0.0503150806219991,,,,,,,,,,,,,,,
754,1,DDP,,Cultivos,co2_urea,,2026,,,,,,,0.0506371960965368,,,,,,,,,,,,,,,
754,1,DDP,,Cultivos,co2_urea,,2027,,,,,,,0.0508573905705949,,,,,,,,,,,,,,,
754,1,DDP,,Cultivos,co2_urea,,2028,,,,,,,0.0511231571057313,,,,,,,,,,,,,,,
754,1,DDP,,Cultivos,co2_urea,,2029,,,,,,,0.0515148942737327,,,,,,,,,,,,,,,
754,1,DDP,,Cultivos,co2_urea,,2030,,,,,,,0.0518637239697169,,,,,,,,,,,,,,,
754,1,DDP,,Cultivos,co2_urea,,2031,,,,,,,0.0521010465963776,,,,,,,,,,,,,,,
754,1,DDP,,Cultivos,co2_urea,,2032,,,,,,,0.0524409166926593,,,,,,,,,,,,,,,
754,1,DDP,,Cultivos,co2_urea,,2033,,,,,,,0.052709880452562,,,,,,,,,,,,,,,
754,1,DDP,,Cultivos,co2_urea,,2034,,,,,,,0.0530483819677511,,,,,,,,,,,,,,,
754,1,DDP,,Cultivos,co2_urea,,2035,,,,,,,0.0533671551073198,,,,,,,,,,,,,,,
754,1,DDP,,Cultivos,co2_urea,,2036,,,,,,,0.053634246477922,,,,,,,,,,,,,,,
754,1,DDP,,Cultivos,co2_urea,,2037,,,,,,,0.0539140478930857,,,,,,,,,,,,,,,
754,1,DDP,,Cultivos,co2_urea,,2038,,,,,,,0.0541520173008215,,,,,,,,,,,,,,,
754,1,DDP,,Cultivos,co2_urea,,2039,,,,,,,0.0543211267471726,,,,,,,,,,,,,,,
754,1,DDP,,Cultivos,co2_urea,,2040,,,,,,,0.0544957016307919,,,,,,,,,,,,,,,
754,1,DDP,,Cultivos,co2_urea,,2041,,,,,,,0.0546255875182769,,,,,,,,,,,,,,,
754,1,DDP,,Cultivos,co2_urea,,2042,,,,,,,0.0547297466779283,,,,,,,,,,,,,,,
754,1,DDP,,Cultivos,co2_urea,,2043,,,,,,,0.0548712960203784,,,,,,,,,,,,,,,
754,1,DDP,,Cultivos,co2_urea,,2044,,,,,,,0.0549095695115068,,,,,,,,,,,,,,,
754,1,DDP,,Cultivos,co2_urea,,2045,,,,,,,0.0549669592588209,,,,,,,,,,,,,,,
754,1,DDP,,Cultivos,co2_urea,,2046,,,,,,,0.0549290379323079,,,,,,,,,,,,,,,
754,1,DDP,,Cultivos,co2_urea,,2047,,,,,,,0.0549359544540584,,,,,,,,,,,,,,,
754,1,DDP,,Cultivos,co2_urea,,2048,,,,,,,0.054932740401967,,,,,,,,,,,,,,,
754,1,DDP,,Cultivos,co2_urea,,2049,,,,,,,0.0549037396133243,,,,,,,,,,,,,,,
754,1,DDP,,Cultivos,co2_urea,,2050,,,,,,,0.0548662663874123,,,,,,,,,,,,,,,
754,1,DDP,,Cultivos,co2_urea,,2051,,,,,,,0.0548659146237796,,,,,,,,,,,,,,,
754,1,DDP,,Cultivos,co2_urea,,2052,,,,,,,0.0548462312439698,,,,,,,,,,,,,,,
754,1,DDP,,Cultivos,co2_urea,,2053,,,,,,,0.0548093092561211,,,,,,,,,,,,,,,
754,1,DDP,,Cultivos,co2_urea,,2054,,,,,,,0.0547532459671,,,,,,,,,,,,,,,
754,1,DDP,,Cultivos,co2_urea,,2055,,,,,,,0.0546795029065256,,,,,,,,,,,,,,,
754,1,DDP,,Cultivos,co2_urea,,2056,,,,,,,0.0545913028619967,,,,,,,,,,,,,,,
754,1,DDP,,Cultivos,co2_urea,,2057,,,,,,,0.0544873817340974,,,,,,,,,,,,,,,
754,1,DDP,,Cultivos,co2_urea,,2058,,,,,,,0.05436955165325,,,,,,,,,,,,,,,
754,1,DDP,,Cultivos,co2_urea,,2059,,,,,,,0.0542385455366563,,,,,,,,,,,,,,,
754,1,DDP,,Cultivos,co2_urea,,2060,,,,,,,0.0540912451125316,,,,,,,,,,,,,,,
754,1,DDP,,Cultivos,co2_urea,,2061,,,,,,,0.0539330314246469,,,,,,,,,,,,,,,
754,1,DDP,,Cultivos,co2_urea,,2062,,,,,,,0.0537620597580081,,,,,,,,,,,,,,,
754,1,DDP,,Cultivos,co2_urea,,2063,,,,,,,0.0535833856476728,,,,,,,,,,,,,,,
754,1,DDP,,Cultivos,co2_urea,,2064,,,,,,,0.053393812332572,,,,,,,,,,,,,,,
754,1,DDP,,Cultivos,co2_urea,,2065,,,,,,,0.0531933162658142,,,,,,,,,,,,,,,
754,1,DDP,,Cultivos,co2_urea,,2066,,,,,,,0.0529828385472112,,,,,,,,,,,,,,,
754,1,DDP,,Cultivos,co2_urea,,2067,,,,,,,0.0527623457378441,,,,,,,,,,,,,,,
754,1,DDP,,Cultivos,co2_urea,,2068,,,,,,,0.0525290744158084,,,,,,,,,,,,,,,
754,1,DDP,,Cultivos,co2_urea,,2069,,,,,,,0.0522835019597087,,,,,,,,,,,,,,,
754,1,DDP,,Cultivos,co2_urea,,2070,,,,,,,0.0520260046098514,,,,,,,,,,,,,,,
754,1,DDP,,Cultivos,co2_suelo_indirectas,,2018,,,,,,,0.1592465713122683,,,,,,,,,,,,,,,
754,1,DDP,,Cultivos,co2_suelo_indirectas,,2019,,,,,,,0.1607544399418679,,,,,,,,,,,,,,,
754,1,DDP,,Cultivos,co2_suelo_indirectas,,2020,,,,,,,0.1628387472603408,,,,,,,,,,,,,,,
754,1,DDP,,Cultivos,co2_suelo_indirectas,,2021,,,,,,,0.1634163225683011,,,,,,,,,,,,,,,
754,1,DDP,,Cultivos,co2_suelo_indirectas,,2022,,,,,,,0.1639196353243945,,,,,,,,,,,,,,,
754,1,DDP,,Cultivos,co2_suelo_indirectas,,2023,,,,,,,0.1646227224527267,,,,,,,,,,,,,,,
754,1,DDP,,Cultivos,co2_suelo_indirectas,,2024,,,,,,,0.1651964022298926,,,,,,,,,,,,,,,
754,1,DDP,,Cultivos,co2_suelo_indirectas,,2025,,,,,,,0.1660971121712901,,,,,,,,,,,,,,,
754,1,DDP,,Cultivos,co2_suelo_indirectas,,2026,,,,,,,0.1671604603652113,,,,,,,,,,,,,,,
754,1,DDP,,Cultivos,co2_suelo_indirectas,,2027,,,,,,,0.1678873530940911,,,,,,,,,,,,,,,
754,1,DDP,,Cultivos,co2_suelo_indirectas,,2028,,,,,,,0.1687646855648379,,,,,,,,,,,,,,,
754,1,DDP,,Cultivos,co2_suelo_indirectas,,2029,,,,,,,0.1700578646978302,,,,,,,,,,,,,,,
754,1,DDP,,Cultivos,co2_suelo_indirectas,,2030,,,,,,,0.1712094002697961,,,,,,,,,,,,,,,
754,1,DDP,,Cultivos,co2_suelo_indirectas,,2031,,,,,,,0.1719928354239078,,,,,,,,,,,,,,,
754,1,DDP,,Cultivos,co2_suelo_indirectas,,2032,,,,,,,0.1731147941052399,,,,,,,,,,,,,,,
754,1,DDP,,Cultivos,co2_suelo_indirectas,,2033,,,,,,,0.1740026810617211,,,,,,,,,,,,,,,
754,1,DDP,,Cultivos,co2_suelo_indirectas,,2034,,,,,,,0.1751201218656204,,,,,,,,,,,,,,,
754,1,DDP,,Cultivos,co2_suelo_indirectas,,2035,,,,,,,0.1761724365447506,,,,,,,,,,,,,,,
754,1,DDP,,Cultivos,co2_suelo_indirectas,,2036,,,,,,,0.1770541424825028,,,,,,,,,,,,,,,
754,1,DDP,,Cultivos,co2_suelo_indirectas,,2037,,,,,,,0.1779778060534563,,,,,,,,,,,,,,,
754,1,DDP,,Cultivos,co2_suelo_indirectas,,2038,,,,,,,0.1787633763222783,,,,,,,,,,,,,,,
754,1,DDP,,Cultivos,co2_suelo_indirectas,,2039,,,,,,,0.1793216302360667,,,,,,,,,,,,,,,
754,1,DDP,,Cultivos,co2_suelo_indirectas,,2040,,,,,,,0.1798979263220185,,,,,,,,,,,,,,,
754,1,DDP,,Cultivos,co2_suelo_indirectas,,2041,,,,,,,0.1803266977868827,,,,,,,,,,,,,,,
754,1,DDP,,Cultivos,co2_suelo_indirectas,,2042,,,,,,,0.180670541728111,,,,,,,,,,,,,,,
754,1,DDP,,Cultivos,co2_suelo_indirectas,,2043,,,,,,,0.1811378158876683,,,,,,,,,,,,,,,
754,1,DDP,,Cultivos,co2_suelo_indirectas,,2044,,,,,,,0.1812641620302276,,,,,,,,,,,,,,,
754,1,DDP,,Cultivos,co2_suelo_indirectas,,2045,,,,,,,0.1814536136057645,,,,,,,,,,,,,,,
754,1,DDP,,Cultivos,co2_suelo_indirectas,,2046,,,,,,,0.1813284300078125,,,,,,,,,,,,,,,
754,1,DDP,,Cultivos,co2_suelo_indirectas,,2047,,,,,,,0.1813512624126267,,,,,,,,,,,,,,,
754,1,DDP,,Cultivos,co2_suelo_indirectas,,2048,,,,,,,0.1813406523775409,,,,,,,,,,,,,,,
754,1,DDP,,Cultivos,co2_suelo_indirectas,,2049,,,,,,,0.1812449167216561,,,,,,,,,,,,,,,
754,1,DDP,,Cultivos,co2_suelo_indirectas,,2050,,,,,,,0.1811212123664055,,,,,,,,,,,,,,,
754,1,DDP,,Cultivos,co2_suelo_indirectas,,2051,,,,,,,0.1811200511454983,,,,,,,,,,,,,,,
754,1,DDP,,Cultivos,co2_suelo_indirectas,,2052,,,,,,,0.1810550735581873,,,,,,,,,,,,,,,
754,1,DDP,,Cultivos,co2_suelo_indirectas,,2053,,,,,,,0.1809331889168138,,,,,,,,,,,,,,,
754,1,DDP,,Cultivos,co2_suelo_indirectas,,2054,,,,,,,0.1807481161654616,,,,,,,,,,,,,,,
754,1,DDP,,Cultivos,co2_suelo_indirectas,,2055,,,,,,,0.1805046800176374,,,,,,,,,,,,,,,
754,1,DDP,,Cultivos,co2_suelo_indirectas,,2056,,,,,,,0.180213519345558,,,,,,,,,,,,,,,
754,1,DDP,,Cultivos,co2_suelo_indirectas,,2057,,,,,,,0.1798704611804059,,,,,,,,,,,,,,,
754,1,DDP,,Cultivos,co2_suelo_indirectas,,2058,,,,,,,0.1794814876179329,,,,,,,,,,,,,,,
754,1,DDP,,Cultivos,co2_suelo_indirectas,,2059,,,,,,,0.1790490181202395,,,,,,,,,,,,,,,
754,1,DDP,,Cultivos,co2_suelo_indirectas,,2060,,,,,,,0.1785627588364171,,,,,,,,,,,,,,,
754,1,DDP,,Cultivos,co2_suelo_indirectas,,2061,,,,,,,0.1780404733439016,,,,,,,,,,,,,,,
754,1,DDP,,Cultivos,co2_suelo_indirectas,,2062,,,,,,,0.1774760719807167,,,,,,,,,,,,,,,
754,1,DDP,,Cultivos,co2_suelo_indirectas,,2063,,,,,,,0.176886243774549,,,,,,,,,,,,,,,
754,1,DDP,,Cultivos,co2_suelo_indirectas,,2064,,,,,,,0.1762604357703933,,,,,,,,,,,,,,,
754,1,DDP,,Cultivos,co2_suelo_indirectas,,2065,,,,,,,0.1755985702366707,,,,,,,,,,,,,,,
754,1,DDP,,Cultivos,co2_suelo_indirectas,,2066,,,,,,,0.1749037538753695,,,,,,,,,,,,,,,
754,1,DDP,,Cultivos,co2_suelo_indirectas,,2067,,,,,,,0.1741758762999452,,,,,,,,,,,,,,,
754,1,DDP,,Cultivos,co2_suelo_indirectas,,2068,,,,,,,0.1734058150685307,,,,,,,,,,,,,,,
754,1,DDP,,Cultivos,co2_suelo_indirectas,,2069,,,,,,,0.1725951460746081,,,,,,,,,,,,,,,
754,1,DDP,,Cultivos,co2_suelo_indirectas,,2070,,,,,,,0.1717451113400049,,,,,,,,,,,,,,,
754,1,DDP,,Ganaderia_importada,co2_n20pastoreo,,2018,,,,,,,0.0889342989440696,,,,,,,,,,,,,,,
754,1,DDP,,Ganaderia_importada,co2_n20pastoreo,,2019,,,,,,,0.0981713382664345,,,,,,,,,,,,,,,
754,1,DDP,,Ganaderia_importada,co2_n20pastoreo,,2020,,,,,,,0.1329540024428177,,,,,,,,,,,,,,,
754,1,DDP,,Ganaderia_importada,co2_n20pastoreo,,2021,,,,,,,0.1259716472700085,,,,,,,,,,,,,,,
754,1,DDP,,Ganaderia_importada,co2_n20pastoreo,,2022,,,,,,,0.1259718418298539,,,,,,,,,,,,,,,
754,1,DDP,,Ganaderia_importada,co2_n20pastoreo,,2023,,,,,,,0.1259720313385014,,,,,,,,,,,,,,,
754,1,DDP,,Ganaderia_importada,co2_n20pastoreo,,2024,,,,,,,0.1259722160571758,,,,,,,,,,,,,,,
754,1,DDP,,Ganaderia_importada,co2_n20pastoreo,,2025,,,,,,,0.1259723962323546,,,,,,,,,,,,,,,
754,1,DDP,,Ganaderia_importada,co2_n20pastoreo,,2026,,,,,,,0.1259725721074162,,,,,,,,,,,,,,,
754,1,DDP,,Ganaderia_importada,co2_n20pastoreo,,2027,,,,,,,0.125972743910424,,,,,,,,,,,,,,,
754,1,DDP,,Ganaderia_importada,co2_n20pastoreo,,2028,,,,,,,0.1259729118635332,,,,,,,,,,,,,,,
754,1,DDP,,Ganaderia_importada,co2_n20pastoreo,,2029,,,,,,,0.1259730761715454,,,,,,,,,,,,,,,
754,1,DDP,,Ganaderia_importada,co2_n20pastoreo,,2030,,,,,,,0.1259732370454765,,,,,,,,,,,,,,,
754,1,DDP,,Ganaderia_importada,co2_n20pastoreo,,2031,,,,,,,0.1259733946805421,,,,,,,,,,,,,,,
754,1,DDP,,Ganaderia_importada,co2_n20pastoreo,,2032,,,,,,,0.1259735492674592,,,,,,,,,,,,,,,
754,1,DDP,,Ganaderia_importada,co2_n20pastoreo,,2033,,,,,,,0.125973700993058,,,,,,,,,,,,,,,
754,1,DDP,,Ganaderia_importada,co2_n20pastoreo,,2034,,,,,,,0.1259738500293837,,,,,,,,,,,,,,,
754,1,DDP,,Ganaderia_importada,co2_n20pastoreo,,2035,,,,,,,0.1259739965486032,,,,,,,,,,,,,,,
754,1,DDP,,Ganaderia_importada,co2_n20pastoreo,,2036,,,,,,,0.1259741407104547,,,,,,,,,,,,,,,
754,1,DDP,,Ganaderia_importada,co2_n20pastoreo,,2037,,,,,,,0.1259742826786127,,,,,,,,,,,,,,,
754,1,DDP,,Ganaderia_importada,co2_n20pastoreo,,2038,,,,,,,0.1259744225996586,,,,,,,,,,,,,,,
754,1,DDP,,Ganaderia_importada,co2_n20pastoreo,,2039,,,,,,,0.1259745606222541,,,,,,,,,,,,,,,
754,1,DDP,,Ganaderia_importada,co2_n20pastoreo,,2040,,,,,,,0.125974696885653,,,,,,,,,,,,,,,
754,1,DDP,,Ganaderia_importada,co2_n20pastoreo,,2041,,,,,,,0.1259748315153311,,,,,,,,,,,,,,,
754,1,DDP,,Ganaderia_importada,co2_n20pastoreo,,2042,,,,,,,0.1259749646370736,,,,,,,,,,,,,,,
754,1,DDP,,Ganaderia_importada,co2_n20pastoreo,,2043,,,,,,,0.125975096379545,,,,,,,,,,,,,,,
754,1,DDP,,Ganaderia_importada,co2_n20pastoreo,,2044,,,,,,,0.1259752268548699,,,,,,,,,,,,,,,
754,1,DDP,,Ganaderia_importada,co2_n20pastoreo,,2045,,,,,,,0.12597535618482,,,,,,,,,,,,,,,
754,1,DDP,,Ganaderia_importada,co2_n20pastoreo,,2046,,,,,,,0.1259754844753185,,,,,,,,,,,,,,,
754,1,DDP,,Ganaderia_importada,co2_n20pastoreo,,2047,,,,,,,0.1259756118197698,,,,,,,,,,,,,,,
754,1,DDP,,Ganaderia_importada,co2_n20pastoreo,,2048,,,,,,,0.1259757383347117,,,,,,,,,,,,,,,
754,1,DDP,,Ganaderia_importada,co2_n20pastoreo,,2049,,,,,,,0.1259758641050487,,,,,,,,,,,,,,,
754,1,DDP,,Ganaderia_importada,co2_n20pastoreo,,2050,,,,,,,0.1259759892100162,,,,,,,,,,,,,,,
754,1,DDP,,Ganaderia_importada,co2_n20pastoreo,,2051,,,,,,,0.1259761137519485,,,,,,,,,,,,,,,
754,1,DDP,,Ganaderia_importada,co2_n20pastoreo,,2052,,,,,,,0.1259762378316021,,,,,,,,,,,,,,,
754,1,DDP,,Ganaderia_importada,co2_n20pastoreo,,2053,,,,,,,0.1259763615482893,,,,,,,,,,,,,,,
754,1,DDP,,Ganaderia_importada,co2_n20pastoreo,,2054,,,,,,,0.1259764850000085,,,,,,,,,,,,,,,
754,1,DDP,,Ganaderia_importada,co2_n20pastoreo,,2055,,,,,,,0.1259766082835716,,,,,,,,,,,,,,,
754,1,DDP,,Ganaderia_importada,co2_n20pastoreo,,2056,,,,,,,0.1259767314947284,,,,,,,,,,,,,,,
754,1,DDP,,Ganaderia_importada,co2_n20pastoreo,,2057,,,,,,,0.1259768547282896,,,,,,,,,,,,,,,
754,1,DDP,,Ganaderia_importada,co2_n20pastoreo,,2058,,,,,,,0.1259769780782465,,,,,,,,,,,,,,,
754,1,DDP,,Ganaderia_importada,co2_n20pastoreo,,2059,,,,,,,0.1259771016378899,,,,,,,,,,,,,,,
754,1,DDP,,Ganaderia_importada,co2_n20pastoreo,,2060,,,,,,,0.1259772254999263,,,,,,,,,,,,,,,
754,1,DDP,,Ganaderia_importada,co2_n20pastoreo,,2061,,,,,,,0.1259773497565931,,,,,,,,,,,,,,,
754,1,DDP,,Ganaderia_importada,co2_n20pastoreo,,2062,,,,,,,0.1259774744997719,,,,,,,,,,,,,,,
754,1,DDP,,Ganaderia_importada,co2_n20pastoreo,,2063,,,,,,,0.1259775998211018,,,,,,,,,,,,,,,
754,1,DDP,,Ganaderia_importada,co2_n20pastoreo,,2064,,,,,,,0.1259777258120905,,,,,,,,,,,,,,,
754,1,DDP,,Ganaderia_importada,co2_n20pastoreo,,2065,,,,,,,0.1259778525642252,,,,,,,,,,,,,,,
754,1,DDP,,Ganaderia_importada,co2_n20pastoreo,,2066,,,,,,,0.125977980169083,,,,,,,,,,,,,,,
754,1,DDP,,Ganaderia_importada,co2_n20pastoreo,,2067,,,,,,,0.1259781087184406,,,,,,,,,,,,,,,
754,1,DDP,,Ganaderia_importada,co2_n20pastoreo,,2068,,,,,,,0.1259782383043845,,,,,,,,,,,,,,,
754,1,DDP,,Ganaderia_importada,co2_n20pastoreo,,2069,,,,,,,0.1259783690194197,,,,,,,,,,,,,,,
754,1,DDP,,Ganaderia_importada,co2_n20pastoreo,,2070,,,,,,,0.1259785009565804,,,,,,,,,,,,,,,
754,1,DDP,,Ganaderia_importada,co2_gestiondirectaestiercol,,2018,,,,,,,0.0081412070644751,,,,,,,,,,,,,,,
754,1,DDP,,Ganaderia_importada,co2_gestiondirectaestiercol,,2019,,,,,,,0.0092165972874318,,,,,,,,,,,,,,,
754,1,DDP,,Ganaderia_importada,co2_gestiondirectaestiercol,,2020,,,,,,,0.0092553090622788,,,,,,,,,,,,,,,
754,1,DDP,,Ganaderia_importada,co2_gestiondirectaestiercol,,2021,,,,,,,0.0083549382073933,,,,,,,,,,,,,,,
754,1,DDP,,Ganaderia_importada,co2_gestiondirectaestiercol,,2022,,,,,,,0.008185365559662,,,,,,,,,,,,,,,
754,1,DDP,,Ganaderia_importada,co2_gestiondirectaestiercol,,2023,,,,,,,0.008185365559662,,,,,,,,,,,,,,,
754,1,DDP,,Ganaderia_importada,co2_gestiondirectaestiercol,,2024,,,,,,,0.008185365559662,,,,,,,,,,,,,,,
754,1,DDP,,Ganaderia_importada,co2_gestiondirectaestiercol,,2025,,,,,,,0.008185365559662,,,,,,,,,,,,,,,
754,1,DDP,,Ganaderia_importada,co2_gestiondirectaestiercol,,2026,,,,,,,0.008185365559662,,,,,,,,,,,,,,,
754,1,DDP,,Ganaderia_importada,co2_gestiondirectaestiercol,,2027,,,,,,,0.008185365559662,,,,,,,,,,,,,,,
754,1,DDP,,Ganaderia_importada,co2_gestiondirectaestiercol,,2028,,,,,,,0.008185365559662,,,,,,,,,,,,,,,
754,1,DDP,,Ganaderia_importada,co2_gestiondirectaestiercol,,2029,,,,,,,0.008185365559662,,,,,,,,,,,,,,,
754,1,DDP,,Ganaderia_importada,co2_gestiondirectaestiercol,,2030,,,,,,,0.008185365559662,,,,,,,,,,,,,,,
754,1,DDP,,Ganaderia_importada,co2_gestiondirectaestiercol,,2031,,,,,,,0.008185365559662,,,,,,,,,,,,,,,
754,1,DDP,,Ganaderia_importada,co2_gestiondirectaestiercol,,2032,,,,,,,0.008185365559662,,,,,,,,,,,,,,,
754,1,DDP,,Ganaderia_importada,co2_gestiondirectaestiercol,,2033,,,,,,,0.008185365559662,,,,,,,,,,,,,,,
754,1,DDP,,Ganaderia_importada,co2_gestiondirectaestiercol,,2034,,,,,,,0.008185365559662,,,,,,,,,,,,,,,
754,1,DDP,,Ganaderia_importada,co2_gestiondirectaestiercol,,2035,,,,,,,0.008185365559662,,,,,,,,,,,,,,,
754,1,DDP,,Ganaderia_importada,co2_gestiondirectaestiercol,,2036,,,,,,,0.008185365559662,,,,,,,,,,,,,,,
754,1,DDP,,Ganaderia_importada,co2_gestiondirectaestiercol,,2037,,,,,,,0.008185365559662,,,,,,,,,,,,,,,
754,1,DDP,,Ganaderia_importada,co2_gestiondirectaestiercol,,2038,,,,,,,0.008185365559662,,,,,,,,,,,,,,,
754,1,DDP,,Ganaderia_importada,co2_gestiondirectaestiercol,,2039,,,,,,,0.008185365559662,,,,,,,,,,,,,,,
754,1,DDP,,Ganaderia_importada,co2_gestiondirectaestiercol,,2040,,,,,,,0.008185365559662,,,,,,,,,,,,,,,
754,1,DDP,,Ganaderia_importada,co2_gestiondirectaestiercol,,2041,,,,,,,0.008185365559662,,,,,,,,,,,,,,,
754,1,DDP,,Ganaderia_importada,co2_gestiondirectaestiercol,,2042,,,,,,,0.008185365559662,,,,,,,,,,,,,,,
754,1,DDP,,Ganaderia_importada,co2_gestiondirectaestiercol,,2043,,,,,,,0.008185365559662,,,,,,,,,,,,,,,
754,1,DDP,,Ganaderia_importada,co2_gestiondirectaestiercol,,2044,,,,,,,0.008185365559662,,,,,,,,,,,,,,,
754,1,DDP,,Ganaderia_importada,co2_gestiondirectaestiercol,,2045,,,,,,,0.008185365559662,,,,,,,,,,,,,,,
754,1,DDP,,Ganaderia_importada,co2_gestiondirectaestiercol,,2046,,,,,,,0.008185365559662,,,,,,,,,,,,,,,
754,1,DDP,,Ganaderia_importada,co2_gestiondirectaestiercol,,2047,,,,,,,0.008185365559662,,,,,,,,,,,,,,,
754,1,DDP,,Ganaderia_importada,co2_gestiondirectaestiercol,,2048,,,,,,,0.008185365559662,,,,,,,,,,,,,,,
754,1,DDP,,Ganaderia_importada,co2_gestiondirectaestiercol,,2049,,,,,,,0.008185365559662,,,,,,,,,,,,,,,
754,1,DDP,,Ganaderia_importada,co2_gestiondirectaestiercol,,2050,,,,,,,0.008185365559662,,,,,,,,,,,,,,,
754,1,DDP,,Ganaderia_importada,co2_gestiondirectaestiercol,,2051,,,,,,,0.008185365559662,,,,,,,,,,,,,,,
754,1,DDP,,Ganaderia_importada,co2_gestiondirectaestiercol,,2052,,,,,,,0.008185365559662,,,,,,,,,,,,,,,
754,1,DDP,,Ganaderia_importada,co2_gestiondirectaestiercol,,2053,,,,,,,0.008185365559662,,,,,,,,,,,,,,,
754,1,DDP,,Ganaderia_importada,co2_gestiondirectaestiercol,,2054,,,,,,,0.008185365559662,,,,,,,,,,,,,,,
754,1,DDP,,Ganaderia_importada,co2_gestiondirectaestiercol,,2055,,,,,,,0.008185365559662,,,,,,,,,,,,,,,
754,1,DDP,,Ganaderia_importada,co2_gestiondirectaestiercol,,2056,,,,,,,0.008185365559662,,,,,,,,,,,,,,,
754,1,DDP,,Ganaderia_importada,co2_gestiondirectaestiercol,,2057,,,,,,,0.008185365559662,,,,,,,,,,,,,,,
754,1,DDP,,Ganaderia_importada,co2_gestiondirectaestiercol,,2058,,,,,,,0.008185365559662,,,,,,,,,,,,,,,
754,1,DDP,,Ganaderia_importada,co2_gestiondirectaestiercol,,2059,,,,,,,0.008185365559662,,,,,,,,,,,,,,,
754,1,DDP,,Ganaderia_importada,co2_gestiondirectaestiercol,,2060,,,,,,,0.008185365559662,,,,,,,,,,,,,,,
754,1,DDP,,Ganaderia_importada,co2_gestiondirectaestiercol,,2061,,,,,,,0.008185365559662,,,,,,,,,,,,,,,
754,1,DDP,,Ganaderia_importada,co2_gestiondirectaestiercol,,2062,,,,,,,0.008185365559662,,,,,,,,,,,,,,,
754,1,DDP,,Ganaderia_importada,co2_gestiondirectaestiercol,,2063,,,,,,,0.008185365559662,,,,,,,,,,,,,,,
754,1,DDP,,Ganaderia_importada,co2_gestiondirectaestiercol,,2064,,,,,,,0.008185365559662,,,,,,,,,,,,,,,
754,1,DDP,,Ganaderia_importada,co2_gestiondirectaestiercol,,2065,,,,,,,0.008185365559662,,,,,,,,,,,,,,,
754,1,DDP,,Ganaderia_importada,co2_gestiondirectaestiercol,,2066,,,,,,,0.008185365559662,,,,,,,,,,,,,,,
754,1,DDP,,Ganaderia_importada,co2_gestiondirectaestiercol,,2067,,,,,,,0.008185365559662,,,,,,,,,,,,,,,
754,1,DDP,,Ganaderia_importada,co2_gestiondirectaestiercol,,2068,,,,,,,0.008185365559662,,,,,,,,,,,,,,,
754,1,DDP,,Ganaderia_importada,co2_gestiondirectaestiercol,,2069,,,,,,,0.008185365559662,,,,,,,,,,,,,,,
754,1,DDP,,Ganaderia_importada,co2_gestiondirectaestiercol,,2070,,,,,,,0.008185365559662,,,,,,,,,,,,,,,
754,1,DDP,,Ganaderia_criolla,co2_n20pastoreo,,2018,,,,,,,0.0889342989440696,,,,,,,,,,,,,,,
754,1,DDP,,Ganaderia_criolla,co2_n20pastoreo,,2019,,,,,,,0.0981713382664345,,,,,,,,,,,,,,,
754,1,DDP,,Ganaderia_criolla,co2_n20pastoreo,,2020,,,,,,,0.1329540024428177,,,,,,,,,,,,,,,
754,1,DDP,,Ganaderia_criolla,co2_n20pastoreo,,2021,,,,,,,0.1259716472700085,,,,,,,,,,,,,,,
754,1,DDP,,Ganaderia_criolla,co2_n20pastoreo,,2022,,,,,,,0.1259718418298539,,,,,,,,,,,,,,,
754,1,DDP,,Ganaderia_criolla,co2_n20pastoreo,,2023,,,,,,,0.1259720313385014,,,,,,,,,,,,,,,
754,1,DDP,,Ganaderia_criolla,co2_n20pastoreo,,2024,,,,,,,0.1259722160571758,,,,,,,,,,,,,,,
754,1,DDP,,Ganaderia_criolla,co2_n20pastoreo,,2025,,,,,,,0.1259723962323546,,,,,,,,,,,,,,,
754,1,DDP,,Ganaderia_criolla,co2_n20pastoreo,,2026,,,,,,,0.1259725721074162,,,,,,,,,,,,,,,
754,1,DDP,,Ganaderia_criolla,co2_n20pastoreo,,2027,,,,,,,0.125972743910424,,,,,,,,,,,,,,,
754,1,DDP,,Ganaderia_criolla,co2_n20pastoreo,,2028,,,,,,,0.1259729118635332,,,,,,,,,,,,,,,
754,1,DDP,,Ganaderia_criolla,co2_n20pastoreo,,2029,,,,,,,0.1259730761715454,,,,,,,,,,,,,,,
754,1,DDP,,Ganaderia_criolla,co2_n20pastoreo,,2030,,,,,,,0.1259732370454765,,,,,,,,,,,,,,,
754,1,DDP,,Ganaderia_criolla,co2_n20pastoreo,,2031,,,,,,,0.1259733946805421,,,,,,,,,,,,,,,
754,1,DDP,,Ganaderia_criolla,co2_n20pastoreo,,2032,,,,,,,0.1259735492674592,,,,,,,,,,,,,,,
754,1,DDP,,Ganaderia_criolla,co2_n20pastoreo,,2033,,,,,,,0.125973700993058,,,,,,,,,,,,,,,
754,1,DDP,,Ganaderia_criolla,co2_n20pastoreo,,2034,,,,,,,0.1259738500293837,,,,,,,,,,,,,,,
754,1,DDP,,Ganaderia_criolla,co2_n20pastoreo,,2035,,,,,,,0.1259739965486032,,,,,,,,,,,,,,,
754,1,DDP,,Ganaderia_criolla,co2_n20pastoreo,,2036,,,,,,,0.1259741407104547,,,,,,,,,,,,,,,
754,1,DDP,,Ganaderia_criolla,co2_n20pastoreo,,2037,,,,,,,0.1259742826786127,,,,,,,,,,,,,,,
754,1,DDP,,Ganaderia_criolla,co2_n20pastoreo,,2038,,,,,,,0.1259744225996586,,,,,,,,,,,,,,,
754,1,DDP,,Ganaderia_criolla,co2_n20pastoreo,,2039,,,,,,,0.1259745606222541,,,,,,,,,,,,,,,
754,1,DDP,,Ganaderia_criolla,co2_n20pastoreo,,2040,,,,,,,0.125974696885653,,,,,,,,,,,,,,,
754,1,DDP,,Ganaderia_criolla,co2_n20pastoreo,,2041,,,,,,,0.1259748315153311,,,,,,,,,,,,,,,
754,1,DDP,,Ganaderia_criolla,co2_n20pastoreo,,2042,,,,,,,0.1259749646370736,,,,,,,,,,,,,,,
754,1,DDP,,Ganaderia_criolla,co2_n20pastoreo,,2043,,,,,,,0.125975096379545,,,,,,,,,,,,,,,
754,1,DDP,,Ganaderia_criolla,co2_n20pastoreo,,2044,,,,,,,0.1259752268548699,,,,,,,,,,,,,,,
754,1,DDP,,Ganaderia_criolla,co2_n20pastoreo,,2045,,,,,,,0.12597535618482,,,,,,,,,,,,,,,
754,1,DDP,,Ganaderia_criolla,co2_n20pastoreo,,2046,,,,,,,0.1259754844753185,,,,,,,,,,,,,,,
754,1,DDP,,Ganaderia_criolla,co2_n20pastoreo,,2047,,,,,,,0.1259756118197698,,,,,,,,,,,,,,,
754,1,DDP,,Ganaderia_criolla,co2_n20pastoreo,,2048,,,,,,,0.1259757383347117,,,,,,,,,,,,,,,
754,1,DDP,,Ganaderia_criolla,co2_n20pastoreo,,2049,,,,,,,0.1259758641050487,,,,,,,,,,,,,,,
754,1,DDP,,Ganaderia_criolla,co2_n20pastoreo,,2050,,,,,,,0.1259759892100162,,,,,,,,,,,,,,,
754,1,DDP,,Ganaderia_criolla,co2_n20pastoreo,,2051,,,,,,,0.1259761137519485,,,,,,,,,,,,,,,
754,1,DDP,,Ganaderia_criolla,co2_n20pastoreo,,2052,,,,,,,0.1259762378316021,,,,,,,,,,,,,,,
754,1,DDP,,Ganaderia_criolla,co2_n20pastoreo,,2053,,,,,,,0.1259763615482893,,,,,,,,,,,,,,,
754,1,DDP,,Ganaderia_criolla,co2_n20pastoreo,,2054,,,,,,,0.1259764850000085,,,,,,,,,,,,,,,
754,1,DDP,,Ganaderia_criolla,co2_n20pastoreo,,2055,,,,,,,0.1259766082835716,,,,,,,,,,,,,,,
754,1,DDP,,Ganaderia_criolla,co2_n20pastoreo,,2056,,,,,,,0.1259767314947284,,,,,,,,,,,,,,,
754,1,DDP,,Ganaderia_criolla,co2_n20pastoreo,,2057,,,,,,,0.1259768547282896,,,,,,,,,,,,,,,
754,1,DDP,,Ganaderia_criolla,co2_n20pastoreo,,2058,,,,,,,0.1259769780782465,,,,,,,,,,,,,,,
754,1,DDP,,Ganaderia_criolla,co2_n20pastoreo,,2059,,,,,,,0.1259771016378899,,,,,,,,,,,,,,,
754,1,DDP,,Ganaderia_criolla,co2_n20pastoreo,,2060,,,,,,,0.1259772254999263,,,,,,,,,,,,,,,
754,1,DDP,,Ganaderia_criolla,co2_n20pastoreo,,2061,,,,,,,0.1259773497565931,,,,,,,,,,,,,,,
754,1,DDP,,Ganaderia_criolla,co2_n20pastoreo,,2062,,,,,,,0.1259774744997719,,,,,,,,,,,,,,,
754,1,DDP,,Ganaderia_criolla,co2_n20pastoreo,,2063,,,,,,,0.1259775998211018,,,,,,,,,,,,,,,
754,1,DDP,,Ganaderia_criolla,co2_n20pastoreo,,2064,,,,,,,0.1259777258120905,,,,,,,,,,,,,,,
754,1,DDP,,Ganaderia_criolla,co2_n20pastoreo,,2065,,,,,,,0.1259778525642252,,,,,,,,,,,,,,,
754,1,DDP,,Ganaderia_criolla,co2_n20pastoreo,,2066,,,,,,,0.125977980169083,,,,,,,,,,,,,,,
754,1,DDP,,Ganaderia_criolla,co2_n20pastoreo,,2067,,,,,,,0.1259781087184406,,,,,,,,,,,,,,,
754,1,DDP,,Ganaderia_criolla,co2_n20pastoreo,,2068,,,,,,,0.1259782383043845,,,,,,,,,,,,,,,
754,1,DDP,,Ganaderia_criolla,co2_n20pastoreo,,2069,,,,,,,0.1259783690194197,,,,,,,,,,,,,,,
754,1,DDP,,Ganaderia_criolla,co2_n20pastoreo,,2070,,,,,,,0.1259785009565804,,,,,,,,,,,,,,,
754,1,DDP,,Ganaderia_criolla,co2_gestiondirectaestiercol,,2018,,,,,,,0.0081412070644751,,,,,,,,,,,,,,,
754,1,DDP,,Ganaderia_criolla,co2_gestiondirectaestiercol,,2019,,,,,,,0.0092165972874318,,,,,,,,,,,,,,,
754,1,DDP,,Ganaderia_criolla,co2_gestiondirectaestiercol,,2020,,,,,,,0.0092553090622788,,,,,,,,,,,,,,,
754,1,DDP,,Ganaderia_criolla,co2_gestiondirectaestiercol,,2021,,,,,,,0.0083549382073933,,,,,,,,,,,,,,,
754,1,DDP,,Ganaderia_criolla,co2_gestiondirectaestiercol,,2022,,,,,,,0.008185365559662,,,,,,,,,,,,,,,
754,1,DDP,,Ganaderia_criolla,co2_gestiondirectaestiercol,,2023,,,,,,,0.008185365559662,,,,,,,,,,,,,,,
754,1,DDP,,Ganaderia_criolla,co2_gestiondirectaestiercol,,2024,,,,,,,0.008185365559662,,,,,,,,,,,,,,,
754,1,DDP,,Ganaderia_criolla,co2_gestiondirectaestiercol,,2025,,,,,,,0.008185365559662,,,,,,,,,,,,,,,
754,1,DDP,,Ganaderia_criolla,co2_gestiondirectaestiercol,,2026,,,,,,,0.008185365559662,,,,,,,,,,,,,,,
754,1,DDP,,Ganaderia_criolla,co2_gestiondirectaestiercol,,2027,,,,,,,0.008185365559662,,,,,,,,,,,,,,,
754,1,DDP,,Ganaderia_criolla,co2_gestiondirectaestiercol,,2028,,,,,,,0.008185365559662,,,,,,,,,,,,,,,
754,1,DDP,,Ganaderia_criolla,co2_gestiondirectaestiercol,,2029,,,,,,,0.008185365559662,,,,,,,,,,,,,,,
754,1,DDP,,Ganaderia_criolla,co2_gestiondirectaestiercol,,2030,,,,,,,0.008185365559662,,,,,,,,,,,,,,,
754,1,DDP,,Ganaderia_criolla,co2_gestiondirectaestiercol,,2031,,,,,,,0.008185365559662,,,,,,,,,,,,,,,
754,1,DDP,,Ganaderia_criolla,co2_gestiondirectaestiercol,,2032,,,,,,,0.008185365559662,,,,,,,,,,,,,,,
754,1,DDP,,Ganaderia_criolla,co2_gestiondirectaestiercol,,2033,,,,,,,0.008185365559662,,,,,,,,,,,,,,,
754,1,DDP,,Ganaderia_criolla,co2_gestiondirectaestiercol,,2034,,,,,,,0.008185365559662,,,,,,,,,,,,,,,
754,1,DDP,,Ganaderia_criolla,co2_gestiondirectaestiercol,,2035,,,,,,,0.008185365559662,,,,,,,,,,,,,,,
754,1,DDP,,Ganaderia_criolla,co2_gestiondirectaestiercol,,2036,,,,,,,0.008185365559662,,,,,,,,,,,,,,,
754,1,DDP,,Ganaderia_criolla,co2_gestiondirectaestiercol,,2037,,,,,,,0.008185365559662,,,,,,,,,,,,,,,
754,1,DDP,,Ganaderia_criolla,co2_gestiondirectaestiercol,,2038,,,,,,,0.008185365559662,,,,,,,,,,,,,,,
754,1,DDP,,Ganaderia_criolla,co2_gestiondirectaestiercol,,2039,,,,,,,0.008185365559662,,,,,,,,,,,,,,,
754,1,DDP,,Ganaderia_criolla,co2_gestiondirectaestiercol,,2040,,,,,,,0.008185365559662,,,,,,,,,,,,,,,
754,1,DDP,,Ganaderia_criolla,co2_gestiondirectaestiercol,,2041,,,,,,,0.008185365559662,,,,,,,,,,,,,,,
754,1,DDP,,Ganaderia_criolla,co2_gestiondirectaestiercol,,2042,,,,,,,0.008185365559662,,,,,,,,,,,,,,,
754,1,DDP,,Ganaderia_criolla,co2_gestiondirectaestiercol,,2043,,,,,,,0.008185365559662,,,,,,,,,,,,,,,
754,1,DDP,,Ganaderia_criolla,co2_gestiondirectaestiercol,,2044,,,,,,,0.008185365559662,,,,,,,,,,,,,,,
754,1,DDP,,Ganaderia_criolla,co2_gestiondirectaestiercol,,2045,,,,,,,0.008185365559662,,,,,,,,,,,,,,,
754,1,DDP,,Ganaderia_criolla,co2_gestiondirectaestiercol,,2046,,,,,,,0.008185365559662,,,,,,,,,,,,,,,
754,1,DDP,,Ganaderia_criolla,co2_gestiondirectaestiercol,,2047,,,,,,,0.008185365559662,,,,,,,,,,,,,,,
754,1,DDP,,Ganaderia_criolla,co2_gestiondirectaestiercol,,2048,,,,,,,0.008185365559662,,,,,,,,,,,,,,,
754,1,DDP,,Ganaderia_criolla,co2_gestiondirectaestiercol,,2049,,,,,,,0.008185365559662,,,,,,,,,,,,,,,
754,1,DDP,,Ganaderia_criolla,co2_gestiondirectaestiercol,,2050,,,,,,,0.008185365559662,,,,,,,,,,,,,,,
754,1,DDP,,Ganaderia_criolla,co2_gestiondirectaestiercol,,2051,,,,,,,0.008185365559662,,,,,,,,,,,,,,,
754,1,DDP,,Ganaderia_criolla,co2_gestiondirectaestiercol,,2052,,,,,,,0.008185365559662,,,,,,,,,,,,,,,
754,1,DDP,,Ganaderia_criolla,co2_gestiondirectaestiercol,,2053,,,,,,,0.008185365559662,,,,,,,,,,,,,,,
754,1,DDP,,Ganaderia_criolla,co2_gestiondirectaestiercol,,2054,,,,,,,0.008185365559662,,,,,,,,,,,,,,,
754,1,DDP,,Ganaderia_criolla,co2_gestiondirectaestiercol,,2055,,,,,,,0.008185365559662,,,,,,,,,,,,,,,
754,1,DDP,,Ganaderia_criolla,co2_gestiondirectaestiercol,,2056,,,,,,,0.008185365559662,,,,,,,,,,,,,,,
754,1,DDP,,Ganaderia_criolla,co2_gestiondirectaestiercol,,2057,,,,,,,0.008185365559662,,,,,,,,,,,,,,,
754,1,DDP,,Ganaderia_criolla,co2_gestiondirectaestiercol,,2058,,,,,,,0.008185365559662,,,,,,,,,,,,,,,
754,1,DDP,,Ganaderia_criolla,co2_gestiondirectaestiercol,,2059,,,,,,,0.008185365559662,,,,,,,,,,,,,,,
754,1,DDP,,Ganaderia_criolla,co2_gestiondirectaestiercol,,2060,,,,,,,0.008185365559662,,,,,,,,,,,,,,,
754,1,DDP,,Ganaderia_criolla,co2_gestiondirectaestiercol,,2061,,,,,,,0.008185365559662,,,,,,,,,,,,,,,
754,1,DDP,,Ganaderia_criolla,co2_gestiondirectaestiercol,,2062,,,,,,,0.008185365559662,,,,,,,,,,,,,,,
754,1,DDP,,Ganaderia_criolla,co2_gestiondirectaestiercol,,2063,,,,,,,0.008185365559662,,,,,,,,,,,,,,,
754,1,DDP,,Ganaderia_criolla,co2_gestiondirectaestiercol,,2064,,,,,,,0.008185365559662,,,,,,,,,,,,,,,
754,1,DDP,,Ganaderia_criolla,co2_gestiondirectaestiercol,,2065,,,,,,,0.008185365559662,,,,,,,,,,,,,,,
754,1,DDP,,Ganaderia_criolla,co2_gestiondirectaestiercol,,2066,,,,,,,0.008185365559662,,,,,,,,,,,,,,,
754,1,DDP,,Ganaderia_criolla,co2_gestiondirectaestiercol,,2067,,,,,,,0.008185365559662,,,,,,,,,,,,,,,
754,1,DDP,,Ganaderia_criolla,co2_gestiondirectaestiercol,,2068,,,,,,,0.008185365559662,,,,,,,,,,,,,,,
754,1,DDP,,Ganaderia_criolla,co2_gestiondirectaestiercol,,2069,,,,,,,0.008185365559662,,,,,,,,,,,,,,,
754,1,DDP,,Ganaderia_criolla,co2_gestiondirectaestiercol,,2070,,,,,,,0.008185365559662,,,,,,,,,,,,,,,
754,1,DDP,,Ganaderia_mestiza,co2_n20pastoreo,,2018,,,,,,,0.0889342989440696,,,,,,,,,,,,,,,
754,1,DDP,,Ganaderia_mestiza,co2_n20pastoreo,,2019,,,,,,,0.0981713382664345,,,,,,,,,,,,,,,
754,1,DDP,,Ganaderia_mestiza,co2_n20pastoreo,,2020,,,,,,,0.1329540024428177,,,,,,,,,,,,,,,
754,1,DDP,,Ganaderia_mestiza,co2_n20pastoreo,,2021,,,,,,,0.1259716472700085,,,,,,,,,,,,,,,
754,1,DDP,,Ganaderia_mestiza,co2_n20pastoreo,,2022,,,,,,,0.1259718418298539,,,,,,,,,,,,,,,
754,1,DDP,,Ganaderia_mestiza,co2_n20pastoreo,,2023,,,,,,,0.1259720313385014,,,,,,,,,,,,,,,
754,1,DDP,,Ganaderia_mestiza,co2_n20pastoreo,,2024,,,,,,,0.1259722160571758,,,,,,,,,,,,,,,
754,1,DDP,,Ganaderia_mestiza,co2_n20pastoreo,,2025,,,,,,,0.1259723962323546,,,,,,,,,,,,,,,
754,1,DDP,,Ganaderia_mestiza,co2_n20pastoreo,,2026,,,,,,,0.1259725721074162,,,,,,,,,,,,,,,
754,1,DDP,,Ganaderia_mestiza,co2_n20pastoreo,,2027,,,,,,,0.125972743910424,,,,,,,,,,,,,,,
754,1,DDP,,Ganaderia_mestiza,co2_n20pastoreo,,2028,,,,,,,0.1259729118635332,,,,,,,,,,,,,,,
754,1,DDP,,Ganaderia_mestiza,co2_n20pastoreo,,2029,,,,,,,0.1259730761715454,,,,,,,,,,,,,,,
754,1,DDP,,Ganaderia_mestiza,co2_n20pastoreo,,2030,,,,,,,0.1259732370454765,,,,,,,,,,,,,,,
754,1,DDP,,Ganaderia_mestiza,co2_n20pastoreo,,2031,,,,,,,0.1259733946805421,,,,,,,,,,,,,,,
754,1,DDP,,Ganaderia_mestiza,co2_n20pastoreo,,2032,,,,,,,0.1259735492674592,,,,,,,,,,,,,,,
754,1,DDP,,Ganaderia_mestiza,co2_n20pastoreo,,2033,,,,,,,0.125973700993058,,,,,,,,,,,,,,,
754,1,DDP,,Ganaderia_mestiza,co2_n20pastoreo,,2034,,,,,,,0.1259738500293837,,,,,,,,,,,,,,,
754,1,DDP,,Ganaderia_mestiza,co2_n20pastoreo,,2035,,,,,,,0.1259739965486032,,,,,,,,,,,,,,,
754,1,DDP,,Ganaderia_mestiza,co2_n20pastoreo,,2036,,,,,,,0.1259741407104547,,,,,,,,,,,,,,,
754,1,DDP,,Ganaderia_mestiza,co2_n20pastoreo,,2037,,,,,,,0.1259742826786127,,,,,,,,,,,,,,,
754,1,DDP,,Ganaderia_mestiza,co2_n20pastoreo,,2038,,,,,,,0.1259744225996586,,,,,,,,,,,,,,,
754,1,DDP,,Ganaderia_mestiza,co2_n20pastoreo,,2039,,,,,,,0.1259745606222541,,,,,,,,,,,,,,,
754,1,DDP,,Ganaderia_mestiza,co2_n20pastoreo,,2040,,,,,,,0.125974696885653,,,,,,,,,,,,,,,
754,1,DDP,,Ganaderia_mestiza,co2_n20pastoreo,,2041,,,,,,,0.1259748315153311,,,,,,,,,,,,,,,
754,1,DDP,,Ganaderia_mestiza,co2_n20pastoreo,,2042,,,,,,,0.1259749646370736,,,,,,,,,,,,,,,
754,1,DDP,,Ganaderia_mestiza,co2_n20pastoreo,,2043,,,,,,,0.125975096379545,,,,,,,,,,,,,,,
754,1,DDP,,Ganaderia_mestiza,co2_n20pastoreo,,2044,,,,,,,0.1259752268548699,,,,,,,,,,,,,,,
754,1,DDP,,Ganaderia_mestiza,co2_n20pastoreo,,2045,,,,,,,0.12597535618482,,,,,,,,,,,,,,,
754,1,DDP,,Ganaderia_mestiza,co2_n20pastoreo,,2046,,,,,,,0.1259754844753185,,,,,,,,,,,,,,,
754,1,DDP,,Ganaderia_mestiza,co2_n20pastoreo,,2047,,,,,,,0.1259756118197698,,,,,,,,,,,,,,,
754,1,DDP,,Ganaderia_mestiza,co2_n20pastoreo,,2048,,,,,,,0.1259757383347117,,,,,,,,,,,,,,,
754,1,DDP,,Ganaderia_mestiza,co2_n20pastoreo,,2049,,,,,,,0.1259758641050487,,,,,,,,,,,,,,,
754,1,DDP,,Ganaderia_mestiza,co2_n20pastoreo,,2050,,,,,,,0.1259759892100162,,,,,,,,,,,,,,,
754,1,DDP,,Ganaderia_mestiza,co2_n20pastoreo,,2051,,,,,,,0.1259761137519485,,,,,,,,,,,,,,,
754,1,DDP,,Ganaderia_mestiza,co2_n20pastoreo,,2052,,,,,,,0.1259762378316021,,,,,,,,,,,,,,,
754,1,DDP,,Ganaderia_mestiza,co2_n20pastoreo,,2053,,,,,,,0.1259763615482893,,,,,,,,,,,,,,,
754,1,DDP,,Ganaderia_mestiza,co2_n20pastoreo,,2054,,,,,,,0.1259764850000085,,,,,,,,,,,,,,,
754,1,DDP,,Ganaderia_mestiza,co2_n20pastoreo,,2055,,,,,,,0.1259766082835716,,,,,,,,,,,,,,,
754,1,DDP,,Ganaderia_mestiza,co2_n20pastoreo,,2056,,,,,,,0.1259767314947284,,,,,,,,,,,,,,,
754,1,DDP,,Ganaderia_mestiza,co2_n20pastoreo,,2057,,,,,,,0.1259768547282896,,,,,,,,,,,,,,,
754,1,DDP,,Ganaderia_mestiza,co2_n20pastoreo,,2058,,,,,,,0.1259769780782465,,,,,,,,,,,,,,,
754,1,DDP,,Ganaderia_mestiza,co2_n20pastoreo,,2059,,,,,,,0.1259771016378899,,,,,,,,,,,,,,,
754,1,DDP,,Ganaderia_mestiza,co2_n20pastoreo,,2060,,,,,,,0.1259772254999263,,,,,,,,,,,,,,,
754,1,DDP,,Ganaderia_mestiza,co2_n20pastoreo,,2061,,,,,,,0.1259773497565931,,,,,,,,,,,,,,,
754,1,DDP,,Ganaderia_mestiza,co2_n20pastoreo,,2062,,,,,,,0.1259774744997719,,,,,,,,,,,,,,,
754,1,DDP,,Ganaderia_mestiza,co2_n20pastoreo,,2063,,,,,,,0.1259775998211018,,,,,,,,,,,,,,,
754,1,DDP,,Ganaderia_mestiza,co2_n20pastoreo,,2064,,,,,,,0.1259777258120905,,,,,,,,,,,,,,,
754,1,DDP,,Ganaderia_mestiza,co2_n20pastoreo,,2065,,,,,,,0.1259778525642252,,,,,,,,,,,,,,,
754,1,DDP,,Ganaderia_mestiza,co2_n20pastoreo,,2066,,,,,,,0.125977980169083,,,,,,,,,,,,,,,
754,1,DDP,,Ganaderia_mestiza,co2_n20pastoreo,,2067,,,,,,,0.1259781087184406,,,,,,,,,,,,,,,
754,1,DDP,,Ganaderia_mestiza,co2_n20pastoreo,,2068,,,,,,,0.1259782383043845,,,,,,,,,,,,,,,
754,1,DDP,,Ganaderia_mestiza,co2_n20pastoreo,,2069,,,,,,,0.1259783690194197,,,,,,,,,,,,,,,
754,1,DDP,,Ganaderia_mestiza,co2_n20pastoreo,,2070,,,,,,,0.1259785009565804,,,,,,,,,,,,,,,
754,1,DDP,,Ganaderia_mestiza,co2_gestiondirectaestiercol,,2018,,,,,,,0.0081412070644751,,,,,,,,,,,,,,,
754,1,DDP,,Ganaderia_mestiza,co2_gestiondirectaestiercol,,2019,,,,,,,0.0092165972874318,,,,,,,,,,,,,,,
754,1,DDP,,Ganaderia_mestiza,co2_gestiondirectaestiercol,,2020,,,,,,,0.0092553090622788,,,,,,,,,,,,,,,
754,1,DDP,,Ganaderia_mestiza,co2_gestiondirectaestiercol,,2021,,,,,,,0.0083549382073933,,,,,,,,,,,,,,,
754,1,DDP,,Ganaderia_mestiza,co2_gestiondirectaestiercol,,2022,,,,,,,0.008185365559662,,,,,,,,,,,,,,,
754,1,DDP,,Ganaderia_mestiza,co2_gestiondirectaestiercol,,2023,,,,,,,0.008185365559662,,,,,,,,,,,,,,,
754,1,DDP,,Ganaderia_mestiza,co2_gestiondirectaestiercol,,2024,,,,,,,0.008185365559662,,,,,,,,,,,,,,,
754,1,DDP,,Ganaderia_mestiza,co2_gestiondirectaestiercol,,2025,,,,,,,0.008185365559662,,,,,,,,,,,,,,,
754,1,DDP,,Ganaderia_mestiza,co2_gestiondirectaestiercol,,2026,,,,,,,0.008185365559662,,,,,,,,,,,,,,,
754,1,DDP,,Ganaderia_mestiza,co2_gestiondirectaestiercol,,2027,,,,,,,0.008185365559662,,,,,,,,,,,,,,,
754,1,DDP,,Ganaderia_mestiza,co2_gestiondirectaestiercol,,2028,,,,,,,0.008185365559662,,,,,,,,,,,,,,,
754,1,DDP,,Ganaderia_mestiza,co2_gestiondirectaestiercol,,2029,,,,,,,0.008185365559662,,,,,,,,,,,,,,,
754,1,DDP,,Ganaderia_mestiza,co2_gestiondirectaestiercol,,2030,,,,,,,0.008185365559662,,,,,,,,,,,,,,,
754,1,DDP,,Ganaderia_mestiza,co2_gestiondirectaestiercol,,2031,,,,,,,0.008185365559662,,,,,,,,,,,,,,,
754,1,DDP,,Ganaderia_mestiza,co2_gestiondirectaestiercol,,2032,,,,,,,0.008185365559662,,,,,,,,,,,,,,,
754,1,DDP,,Ganaderia_mestiza,co2_gestiondirectaestiercol,,2033,,,,,,,0.008185365559662,,,,,,,,,,,,,,,
754,1,DDP,,Ganaderia_mestiza,co2_gestiondirectaestiercol,,2034,,,,,,,0.008185365559662,,,,,,,,,,,,,,,
754,1,DDP,,Ganaderia_mestiza,co2_gestiondirectaestiercol,,2035,,,,,,,0.008185365559662,,,,,,,,,,,,,,,
754,1,DDP,,Ganaderia_mestiza,co2_gestiondirectaestiercol,,2036,,,,,,,0.008185365559662,,,,,,,,,,,,,,,
754,1,DDP,,Ganaderia_mestiza,co2_gestiondirectaestiercol,,2037,,,,,,,0.008185365559662,,,,,,,,,,,,,,,
754,1,DDP,,Ganaderia_mestiza,co2_gestiondirectaestiercol,,2038,,,,,,,0.008185365559662,,,,,,,,,,,,,,,
754,1,DDP,,Ganaderia_mestiza,co2_gestiondirectaestiercol,,2039,,,,,,,0.008185365559662,,,,,,,,,,,,,,,
754,1,DDP,,Ganaderia_mestiza,co2_gestiondirectaestiercol,,2040,,,,,,,0.008185365559662,,,,,,,,,,,,,,,
754,1,DDP,,Ganaderia_mestiza,co2_gestiondirectaestiercol,,2041,,,,,,,0.008185365559662,,,,,,,,,,,,,,,
754,1,DDP,,Ganaderia_mestiza,co2_gestiondirectaestiercol,,2042,,,,,,,0.008185365559662,,,,,,,,,,,,,,,
754,1,DDP,,Ganaderia_mestiza,co2_gestiondirectaestiercol,,2043,,,,,,,0.008185365559662,,,,,,,,,,,,,,,
754,1,DDP,,Ganaderia_mestiza,co2_gestiondirectaestiercol,,2044,,,,,,,0.008185365559662,,,,,,,,,,,,,,,
754,1,DDP,,Ganaderia_mestiza,co2_gestiondirectaestiercol,,2045,,,,,,,0.008185365559662,,,,,,,,,,,,,,,
754,1,DDP,,Ganaderia_mestiza,co2_gestiondirectaestiercol,,2046,,,,,,,0.008185365559662,,,,,,,,,,,,,,,
754,1,DDP,,Ganaderia_mestiza,co2_gestiondirectaestiercol,,2047,,,,,,,0.008185365559662,,,,,,,,,,,,,,,
754,1,DDP,,Ganaderia_mestiza,co2_gestiondirectaestiercol,,2048,,,,,,,0.008185365559662,,,,,,,,,,,,,,,
754,1,DDP,,Ganaderia_mestiza,co2_gestiondirectaestiercol,,2049,,,,,,,0.008185365559662,,,,,,,,,,,,,,,
754,1,DDP,,Ganaderia_mestiza,co2_gestiondirectaestiercol,,2050,,,,,,,0.008185365559662,,,,,,,,,,,,,,,
754,1,DDP,,Ganaderia_mestiza,co2_gestiondirectaestiercol,,2051,,,,,,,0.008185365559662,,,,,,,,,,,,,,,
754,1,DDP,,Ganaderia_mestiza,co2_gestiondirectaestiercol,,2052,,,,,,,0.008185365559662,,,,,,,,,,,,,,,
754,1,DDP,,Ganaderia_mestiza,co2_gestiondirectaestiercol,,2053,,,,,,,0.008185365559662,,,,,,,,,,,,,,,
754,1,DDP,,Ganaderia_mestiza,co2_gestiondirectaestiercol,,2054,,,,,,,0.008185365559662,,,,,,,,,,,,,,,
754,1,DDP,,Ganaderia_mestiza,co2_gestiondirectaestiercol,,2055,,,,,,,0.008185365559662,,,,,,,,,,,,,,,
754,1,DDP,,Ganaderia_mestiza,co2_gestiondirectaestiercol,,2056,,,,,,,0.008185365559662,,,,,,,,,,,,,,,
754,1,DDP,,Ganaderia_mestiza,co2_gestiondirectaestiercol,,2057,,,,,,,0.008185365559662,,,,,,,,,,,,,,,
754,1,DDP,,Ganaderia_mestiza,co2_gestiondirectaestiercol,,2058,,,,,,,0.008185365559662,,,,,,,,,,,,,,,
754,1,DDP,,Ganaderia_mestiza,co2_gestiondirectaestiercol,,2059,,,,,,,0.008185365559662,,,,,,,,,,,,,,,
754,1,DDP,,Ganaderia_mestiza,co2_gestiondirectaestiercol,,2060,,,,,,,0.008185365559662,,,,,,,,,,,,,,,
754,1,DDP,,Ganaderia_mestiza,co2_gestiondirectaestiercol,,2061,,,,,,,0.008185365559662,,,,,,,,,,,,,,,
754,1,DDP,,Ganaderia_mestiza,co2_gestiondirectaestiercol,,2062,,,,,,,0.008185365559662,,,,,,,,,,,,,,,
754,1,DDP,,Ganaderia_mestiza,co2_gestiondirectaestiercol,,2063,,,,,,,0.008185365559662,,,,,,,,,,,,,,,
754,1,DDP,,Ganaderia_mestiza,co2_gestiondirectaestiercol,,2064,,,,,,,0.008185365559662,,,,,,,,,,,,,,,
754,1,DDP,,Ganaderia_mestiza,co2_gestiondirectaestiercol,,2065,,,,,,,0.008185365559662,,,,,,,,,,,,,,,
754,1,DDP,,Ganaderia_mestiza,co2_gestiondirectaestiercol,,2066,,,,,,,0.008185365559662,,,,,,,,,,,,,,,
754,1,DDP,,Ganaderia_mestiza,co2_gestiondirectaestiercol,,2067,,,,,,,0.008185365559662,,,,,,,,,,,,,,,
754,1,DDP,,Ganaderia_mestiza,co2_gestiondirectaestiercol,,2068,,,,,,,0.008185365559662,,,,,,,,,,,,,,,
754,1,DDP,,Ganaderia_mestiza,co2_gestiondirectaestiercol,,2069,,,,,,,0.008185365559662,,,,,,,,,,,,,,,
754,1,DDP,,Ganaderia_mestiza,co2_gestiondirectaestiercol,,2070,,,,,,,0.008185365559662,,,,,,,,,,,,,,,
754,1,DDP,,Vacuno_porcino,co2_gestiondirectaestiercol,,2018,,,,,,,0.0,,,,,,,,,,,,,,,
754,1,DDP,,Vacuno_porcino,co2_gestiondirectaestiercol,,2019,,,,,,,0.0,,,,,,,,,,,,,,,
754,1,DDP,,Vacuno_porcino,co2_gestiondirectaestiercol,,2020,,,,,,,0.0,,,,,,,,,,,,,,,
754,1,DDP,,Vacuno_porcino,co2_gestiondirectaestiercol,,2021,,,,,,,0.0,,,,,,,,,,,,,,,
754,1,DDP,,Vacuno_porcino,co2_gestiondirectaestiercol,,2022,,,,,,,0.0,,,,,,,,,,,,,,,
754,1,DDP,,Vacuno_porcino,co2_gestiondirectaestiercol,,2023,,,,,,,0.0,,,,,,,,,,,,,,,
754,1,DDP,,Vacuno_porcino,co2_gestiondirectaestiercol,,2024,,,,,,,0.0,,,,,,,,,,,,,,,
754,1,DDP,,Vacuno_porcino,co2_gestiondirectaestiercol,,2025,,,,,,,0.0,,,,,,,,,,,,,,,
754,1,DDP,,Vacuno_porcino,co2_gestiondirectaestiercol,,2026,,,,,,,0.0,,,,,,,,,,,,,,,
754,1,DDP,,Vacuno_porcino,co2_gestiondirectaestiercol,,2027,,,,,,,0.0,,,,,,,,,,,,,,,
754,1,DDP,,Vacuno_porcino,co2_gestiondirectaestiercol,,2028,,,,,,,0.0,,,,,,,,,,,,,,,
754,1,DDP,,Vacuno_porcino,co2_gestiondirectaestiercol,,2029,,,,,,,0.0,,,,,,,,,,,,,,,
754,1,DDP,,Vacuno_porcino,co2_gestiondirectaestiercol,,2030,,,,,,,0.0,,,,,,,,,,,,,,,
754,1,DDP,,Vacuno_porcino,co2_gestiondirectaestiercol,,2031,,,,,,,0.0,,,,,,,,,,,,,,,
754,1,DDP,,Vacuno_porcino,co2_gestiondirectaestiercol,,2032,,,,,,,0.0,,,,,,,,,,,,,,,
754,1,DDP,,Vacuno_porcino,co2_gestiondirectaestiercol,,2033,,,,,,,0.0,,,,,,,,,,,,,,,
754,1,DDP,,Vacuno_porcino,co2_gestiondirectaestiercol,,2034,,,,,,,0.0,,,,,,,,,,,,,,,
754,1,DDP,,Vacuno_porcino,co2_gestiondirectaestiercol,,2035,,,,,,,0.0,,,,,,,,,,,,,,,
754,1,DDP,,Vacuno_porcino,co2_gestiondirectaestiercol,,2036,,,,,,,0.0,,,,,,,,,,,,,,,
754,1,DDP,,Vacuno_porcino,co2_gestiondirectaestiercol,,2037,,,,,,,0.0,,,,,,,,,,,,,,,
754,1,DDP,,Vacuno_porcino,co2_gestiondirectaestiercol,,2038,,,,,,,0.0,,,,,,,,,,,,,,,
754,1,DDP,,Vacuno_porcino,co2_gestiondirectaestiercol,,2039,,,,,,,0.0,,,,,,,,,,,,,,,
754,1,DDP,,Vacuno_porcino,co2_gestiondirectaestiercol,,2040,,,,,,,0.0,,,,,,,,,,,,,,,
754,1,DDP,,Vacuno_porcino,co2_gestiondirectaestiercol,,2041,,,,,,,0.0,,,,,,,,,,,,,,,
754,1,DDP,,Vacuno_porcino,co2_gestiondirectaestiercol,,2042,,,,,,,0.0,,,,,,,,,,,,,,,
754,1,DDP,,Vacuno_porcino,co2_gestiondirectaestiercol,,2043,,,,,,,0.0,,,,,,,,,,,,,,,
754,1,DDP,,Vacuno_porcino,co2_gestiondirectaestiercol,,2044,,,,,,,0.0,,,,,,,,,,,,,,,
754,1,DDP,,Vacuno_porcino,co2_gestiondirectaestiercol,,2045,,,,,,,0.0,,,,,,,,,,,,,,,
754,1,DDP,,Vacuno_porcino,co2_gestiondirectaestiercol,,2046,,,,,,,0.0,,,,,,,,,,,,,,,
754,1,DDP,,Vacuno_porcino,co2_gestiondirectaestiercol,,2047,,,,,,,0.0,,,,,,,,,,,,,,,
754,1,DDP,,Vacuno_porcino,co2_gestiondirectaestiercol,,2048,,,,,,,0.0,,,,,,,,,,,,,,,
754,1,DDP,,Vacuno_porcino,co2_gestiondirectaestiercol,,2049,,,,,,,0.0,,,,,,,,,,,,,,,
754,1,DDP,,Vacuno_porcino,co2_gestiondirectaestiercol,,2050,,,,,,,0.0,,,,,,,,,,,,,,,
754,1,DDP,,Vacuno_porcino,co2_gestiondirectaestiercol,,2051,,,,,,,0.0,,,,,,,,,,,,,,,
754,1,DDP,,Vacuno_porcino,co2_gestiondirectaestiercol,,2052,,,,,,,0.0,,,,,,,,,,,,,,,
754,1,DDP,,Vacuno_porcino,co2_gestiondirectaestiercol,,2053,,,,,,,0.0,,,,,,,,,,,,,,,
754,1,DDP,,Vacuno_porcino,co2_gestiondirectaestiercol,,2054,,,,,,,0.0,,,,,,,,,,,,,,,
754,1,DDP,,Vacuno_porcino,co2_gestiondirectaestiercol,,2055,,,,,,,0.0,,,,,,,,,,,,,,,
754,1,DDP,,Vacuno_porcino,co2_gestiondirectaestiercol,,2056,,,,,,,0.0,,,,,,,,,,,,,,,
754,1,DDP,,Vacuno_porcino,co2_gestiondirectaestiercol,,2057,,,,,,,0.0,,,,,,,,,,,,,,,
754,1,DDP,,Vacuno_porcino,co2_gestiondirectaestiercol,,2058,,,,,,,0.0,,,,,,,,,,,,,,,
754,1,DDP,,Vacuno_porcino,co2_gestiondirectaestiercol,,2059,,,,,,,0.0,,,,,,,,,,,,,,,
754,1,DDP,,Vacuno_porcino,co2_gestiondirectaestiercol,,2060,,,,,,,0.0,,,,,,,,,,,,,,,
754,1,DDP,,Vacuno_porcino,co2_gestiondirectaestiercol,,2061,,,,,,,0.0,,,,,,,,,,,,,,,
754,1,DDP,,Vacuno_porcino,co2_gestiondirectaestiercol,,2062,,,,,,,0.0,,,,,,,,,,,,,,,
754,1,DDP,,Vacuno_porcino,co2_gestiondirectaestiercol,,2063,,,,,,,0.0,,,,,,,,,,,,,,,
754,1,DDP,,Vacuno_porcino,co2_gestiondirectaestiercol,,2064,,,,,,,0.0,,,,,,,,,,,,,,,
754,1,DDP,,Vacuno_porcino,co2_gestiondirectaestiercol,,2065,,,,,,,0.0,,,,,,,,,,,,,,,
754,1,DDP,,Vacuno_porcino,co2_gestiondirectaestiercol,,2066,,,,,,,0.0,,,,,,,,,,,,,,,
754,1,DDP,,Vacuno_porcino,co2_gestiondirectaestiercol,,2067,,,,,,,0.0,,,,,,,,,,,,,,,
754,1,DDP,,Vacuno_porcino,co2_gestiondirectaestiercol,,2068,,,,,,,0.0,,,,,,,,,,,,,,,
754,1,DDP,,Vacuno_porcino,co2_gestiondirectaestiercol,,2069,,,,,,,0.0,,,,,,,,,,,,,,,
754,1,DDP,,Vacuno_porcino,co2_gestiondirectaestiercol,,2070,,,,,,,0.0,,,,,,,,,,,,,,,
754,1,DDP,,Vacuno_ovino,co2_gestiondirectaestiercol,,2018,,,,,,,0.0031067683695257,,,,,,,,,,,,,,,
754,1,DDP,,Vacuno_ovino,co2_gestiondirectaestiercol,,2019,,,,,,,0.0026219788109809,,,,,,,,,,,,,,,
754,1,DDP,,Vacuno_ovino,co2_gestiondirectaestiercol,,2020,,,,,,,0.001896805668277,,,,,,,,,,,,,,,
754,1,DDP,,Vacuno_ovino,co2_gestiondirectaestiercol,,2021,,,,,,,0.0022830483955537,,,,,,,,,,,,,,,
754,1,DDP,,Vacuno_ovino,co2_gestiondirectaestiercol,,2022,,,,,,,0.0022830483955537,,,,,,,,,,,,,,,
754,1,DDP,,Vacuno_ovino,co2_gestiondirectaestiercol,,2023,,,,,,,0.0022830483955537,,,,,,,,,,,,,,,
754,1,DDP,,Vacuno_ovino,co2_gestiondirectaestiercol,,2024,,,,,,,0.0022830483955537,,,,,,,,,,,,,,,
754,1,DDP,,Vacuno_ovino,co2_gestiondirectaestiercol,,2025,,,,,,,0.0022830483955537,,,,,,,,,,,,,,,
754,1,DDP,,Vacuno_ovino,co2_gestiondirectaestiercol,,2026,,,,,,,0.0022830483955537,,,,,,,,,,,,,,,
754,1,DDP,,Vacuno_ovino,co2_gestiondirectaestiercol,,2027,,,,,,,0.0022830483955537,,,,,,,,,,,,,,,
754,1,DDP,,Vacuno_ovino,co2_gestiondirectaestiercol,,2028,,,,,,,0.0022830483955537,,,,,,,,,,,,,,,
754,1,DDP,,Vacuno_ovino,co2_gestiondirectaestiercol,,2029,,,,,,,0.0022830483955537,,,,,,,,,,,,,,,
754,1,DDP,,Vacuno_ovino,co2_gestiondirectaestiercol,,2030,,,,,,,0.0022830483955537,,,,,,,,,,,,,,,
754,1,DDP,,Vacuno_ovino,co2_gestiondirectaestiercol,,2031,,,,,,,0.0022830483955537,,,,,,,,,,,,,,,
754,1,DDP,,Vacuno_ovino,co2_gestiondirectaestiercol,,2032,,,,,,,0.0022830483955537,,,,,,,,,,,,,,,
754,1,DDP,,Vacuno_ovino,co2_gestiondirectaestiercol,,2033,,,,,,,0.0022830483955537,,,,,,,,,,,,,,,
754,1,DDP,,Vacuno_ovino,co2_gestiondirectaestiercol,,2034,,,,,,,0.0022830483955537,,,,,,,,,,,,,,,
754,1,DDP,,Vacuno_ovino,co2_gestiondirectaestiercol,,2035,,,,,,,0.0022830483955537,,,,,,,,,,,,,,,
754,1,DDP,,Vacuno_ovino,co2_gestiondirectaestiercol,,2036,,,,,,,0.0022830483955537,,,,,,,,,,,,,,,
754,1,DDP,,Vacuno_ovino,co2_gestiondirectaestiercol,,2037,,,,,,,0.0022830483955537,,,,,,,,,,,,,,,
754,1,DDP,,Vacuno_ovino,co2_gestiondirectaestiercol,,2038,,,,,,,0.0022830483955537,,,,,,,,,,,,,,,
754,1,DDP,,Vacuno_ovino,co2_gestiondirectaestiercol,,2039,,,,,,,0.0022830483955537,,,,,,,,,,,,,,,
754,1,DDP,,Vacuno_ovino,co2_gestiondirectaestiercol,,2040,,,,,,,0.0022830483955537,,,,,,,,,,,,,,,
754,1,DDP,,Vacuno_ovino,co2_gestiondirectaestiercol,,2041,,,,,,,0.0022830483955537,,,,,,,,,,,,,,,
754,1,DDP,,Vacuno_ovino,co2_gestiondirectaestiercol,,2042,,,,,,,0.0022830483955537,,,,,,,,,,,,,,,
754,1,DDP,,Vacuno_ovino,co2_gestiondirectaestiercol,,2043,,,,,,,0.0022830483955537,,,,,,,,,,,,,,,
754,1,DDP,,Vacuno_ovino,co2_gestiondirectaestiercol,,2044,,,,,,,0.0022830483955537,,,,,,,,,,,,,,,
754,1,DDP,,Vacuno_ovino,co2_gestiondirectaestiercol,,2045,,,,,,,0.0022830483955537,,,,,,,,,,,,,,,
754,1,DDP,,Vacuno_ovino,co2_gestiondirectaestiercol,,2046,,,,,,,0.0022830483955537,,,,,,,,,,,,,,,
754,1,DDP,,Vacuno_ovino,co2_gestiondirectaestiercol,,2047,,,,,,,0.0022830483955537,,,,,,,,,,,,,,,
754,1,DDP,,Vacuno_ovino,co2_gestiondirectaestiercol,,2048,,,,,,,0.0022830483955537,,,,,,,,,,,,,,,
754,1,DDP,,Vacuno_ovino,co2_gestiondirectaestiercol,,2049,,,,,,,0.0022830483955537,,,,,,,,,,,,,,,
754,1,DDP,,Vacuno_ovino,co2_gestiondirectaestiercol,,2050,,,,,,,0.0022830483955537,,,,,,,,,,,,,,,
754,1,DDP,,Vacuno_ovino,co2_gestiondirectaestiercol,,2051,,,,,,,0.0022830483955537,,,,,,,,,,,,,,,
754,1,DDP,,Vacuno_ovino,co2_gestiondirectaestiercol,,2052,,,,,,,0.0022830483955537,,,,,,,,,,,,,,,
754,1,DDP,,Vacuno_ovino,co2_gestiondirectaestiercol,,2053,,,,,,,0.0022830483955537,,,,,,,,,,,,,,,
754,1,DDP,,Vacuno_ovino,co2_gestiondirectaestiercol,,2054,,,,,,,0.0022830483955537,,,,,,,,,,,,,,,
754,1,DDP,,Vacuno_ovino,co2_gestiondirectaestiercol,,2055,,,,,,,0.0022830483955537,,,,,,,,,,,,,,,
754,1,DDP,,Vacuno_ovino,co2_gestiondirectaestiercol,,2056,,,,,,,0.0022830483955537,,,,,,,,,,,,,,,
754,1,DDP,,Vacuno_ovino,co2_gestiondirectaestiercol,,2057,,,,,,,0.0022830483955537,,,,,,,,,,,,,,,
754,1,DDP,,Vacuno_ovino,co2_gestiondirectaestiercol,,2058,,,,,,,0.0022830483955537,,,,,,,,,,,,,,,
754,1,DDP,,Vacuno_ovino,co2_gestiondirectaestiercol,,2059,,,,,,,0.0022830483955537,,,,,,,,,,,,,,,
754,1,DDP,,Vacuno_ovino,co2_gestiondirectaestiercol,,2060,,,,,,,0.0022830483955537,,,,,,,,,,,,,,,
754,1,DDP,,Vacuno_ovino,co2_gestiondirectaestiercol,,2061,,,,,,,0.0022830483955537,,,,,,,,,,,,,,,
754,1,DDP,,Vacuno_ovino,co2_gestiondirectaestiercol,,2062,,,,,,,0.0022830483955537,,,,,,,,,,,,,,,
754,1,DDP,,Vacuno_ovino,co2_gestiondirectaestiercol,,2063,,,,,,,0.0022830483955537,,,,,,,,,,,,,,,
754,1,DDP,,Vacuno_ovino,co2_gestiondirectaestiercol,,2064,,,,,,,0.0022830483955537,,,,,,,,,,,,,,,
754,1,DDP,,Vacuno_ovino,co2_gestiondirectaestiercol,,2065,,,,,,,0.0022830483955537,,,,,,,,,,,,,,,
754,1,DDP,,Vacuno_ovino,co2_gestiondirectaestiercol,,2066,,,,,,,0.0022830483955537,,,,,,,,,,,,,,,
754,1,DDP,,Vacuno_ovino,co2_gestiondirectaestiercol,,2067,,,,,,,0.0022830483955537,,,,,,,,,,,,,,,
754,1,DDP,,Vacuno_ovino,co2_gestiondirectaestiercol,,2068,,,,,,,0.0022830483955537,,,,,,,,,,,,,,,
754,1,DDP,,Vacuno_ovino,co2_gestiondirectaestiercol,,2069,,,,,,,0.0022830483955537,,,,,,,,,,,,,,,
754,1,DDP,,Vacuno_ovino,co2_gestiondirectaestiercol,,2070,,,,,,,0.0022830483955537,,,,,,,,,,,,,,,
754,1,DDP,,Vacuno_otras_especies,co2_gestiondirectaestiercol,,2018,,,,,,,0.0488542517642939,,,,,,,,,,,,,,,
754,1,DDP,,Vacuno_otras_especies,co2_gestiondirectaestiercol,,2019,,,,,,,0.0551426405934403,,,,,,,,,,,,,,,
754,1,DDP,,Vacuno_otras_especies,co2_gestiondirectaestiercol,,2020,,,,,,,0.0784985602392915,,,,,,,,,,,,,,,
754,1,DDP,,Vacuno_otras_especies,co2_gestiondirectaestiercol,,2021,,,,,,,0.0732310170145304,,,,,,,,,,,,,,,
754,1,DDP,,Vacuno_otras_especies,co2_gestiondirectaestiercol,,2022,,,,,,,0.0732310170145304,,,,,,,,,,,,,,,
754,1,DDP,,Vacuno_otras_especies,co2_gestiondirectaestiercol,,2023,,,,,,,0.0732310170145304,,,,,,,,,,,,,,,
754,1,DDP,,Vacuno_otras_especies,co2_gestiondirectaestiercol,,2024,,,,,,,0.0732310170145304,,,,,,,,,,,,,,,
754,1,DDP,,Vacuno_otras_especies,co2_gestiondirectaestiercol,,2025,,,,,,,0.0732310170145304,,,,,,,,,,,,,,,
754,1,DDP,,Vacuno_otras_especies,co2_gestiondirectaestiercol,,2026,,,,,,,0.0732310170145304,,,,,,,,,,,,,,,
754,1,DDP,,Vacuno_otras_especies,co2_gestiondirectaestiercol,,2027,,,,,,,0.0732310170145304,,,,,,,,,,,,,,,
754,1,DDP,,Vacuno_otras_especies,co2_gestiondirectaestiercol,,2028,,,,,,,0.0732310170145304,,,,,,,,,,,,,,,
754,1,DDP,,Vacuno_otras_especies,co2_gestiondirectaestiercol,,2029,,,,,,,0.0732310170145304,,,,,,,,,,,,,,,
754,1,DDP,,Vacuno_otras_especies,co2_gestiondirectaestiercol,,2030,,,,,,,0.0732310170145304,,,,,,,,,,,,,,,
754,1,DDP,,Vacuno_otras_especies,co2_gestiondirectaestiercol,,2031,,,,,,,0.0732310170145304,,,,,,,,,,,,,,,
754,1,DDP,,Vacuno_otras_especies,co2_gestiondirectaestiercol,,2032,,,,,,,0.0732310170145304,,,,,,,,,,,,,,,
754,1,DDP,,Vacuno_otras_especies,co2_gestiondirectaestiercol,,2033,,,,,,,0.0732310170145304,,,,,,,,,,,,,,,
754,1,DDP,,Vacuno_otras_especies,co2_gestiondirectaestiercol,,2034,,,,,,,0.0732310170145304,,,,,,,,,,,,,,,
754,1,DDP,,Vacuno_otras_especies,co2_gestiondirectaestiercol,,2035,,,,,,,0.0732310170145304,,,,,,,,,,,,,,,
754,1,DDP,,Vacuno_otras_especies,co2_gestiondirectaestiercol,,2036,,,,,,,0.0732310170145304,,,,,,,,,,,,,,,
754,1,DDP,,Vacuno_otras_especies,co2_gestiondirectaestiercol,,2037,,,,,,,0.0732310170145304,,,,,,,,,,,,,,,
754,1,DDP,,Vacuno_otras_especies,co2_gestiondirectaestiercol,,2038,,,,,,,0.0732310170145304,,,,,,,,,,,,,,,
754,1,DDP,,Vacuno_otras_especies,co2_gestiondirectaestiercol,,2039,,,,,,,0.0732310170145304,,,,,,,,,,,,,,,
754,1,DDP,,Vacuno_otras_especies,co2_gestiondirectaestiercol,,2040,,,,,,,0.0732310170145304,,,,,,,,,,,,,,,
754,1,DDP,,Vacuno_otras_especies,co2_gestiondirectaestiercol,,2041,,,,,,,0.0732310170145304,,,,,,,,,,,,,,,
754,1,DDP,,Vacuno_otras_especies,co2_gestiondirectaestiercol,,2042,,,,,,,0.0732310170145304,,,,,,,,,,,,,,,
754,1,DDP,,Vacuno_otras_especies,co2_gestiondirectaestiercol,,2043,,,,,,,0.0732310170145304,,,,,,,,,,,,,,,
754,1,DDP,,Vacuno_otras_especies,co2_gestiondirectaestiercol,,2044,,,,,,,0.0732310170145304,,,,,,,,,,,,,,,
754,1,DDP,,Vacuno_otras_especies,co2_gestiondirectaestiercol,,2045,,,,,,,0.0732310170145304,,,,,,,,,,,,,,,
754,1,DDP,,Vacuno_otras_especies,co2_gestiondirectaestiercol,,2046,,,,,,,0.0732310170145304,,,,,,,,,,,,,,,
754,1,DDP,,Vacuno_otras_especies,co2_gestiondirectaestiercol,,2047,,,,,,,0.0732310170145304,,,,,,,,,,,,,,,
754,1,DDP,,Vacuno_otras_especies,co2_gestiondirectaestiercol,,2048,,,,,,,0.0732310170145304,,,,,,,,,,,,,,,
754,1,DDP,,Vacuno_otras_especies,co2_gestiondirectaestiercol,,2049,,,,,,,0.0732310170145304,,,,,,,,,,,,,,,
754,1,DDP,,Vacuno_otras_especies,co2_gestiondirectaestiercol,,2050,,,,,,,0.0732310170145304,,,,,,,,,,,,,,,
754,1,DDP,,Vacuno_otras_especies,co2_gestiondirectaestiercol,,2051,,,,,,,0.0732310170145304,,,,,,,,,,,,,,,
754,1,DDP,,Vacuno_otras_especies,co2_gestiondirectaestiercol,,2052,,,,,,,0.0732310170145304,,,,,,,,,,,,,,,
754,1,DDP,,Vacuno_otras_especies,co2_gestiondirectaestiercol,,2053,,,,,,,0.0732310170145304,,,,,,,,,,,,,,,
754,1,DDP,,Vacuno_otras_especies,co2_gestiondirectaestiercol,,2054,,,,,,,0.0732310170145304,,,,,,,,,,,,,,,
754,1,DDP,,Vacuno_otras_especies,co2_gestiondirectaestiercol,,2055,,,,,,,0.0732310170145304,,,,,,,,,,,,,,,
754,1,DDP,,Vacuno_otras_especies,co2_gestiondirectaestiercol,,2056,,,,,,,0.0732310170145304,,,,,,,,,,,,,,,
754,1,DDP,,Vacuno_otras_especies,co2_gestiondirectaestiercol,,2057,,,,,,,0.0732310170145304,,,,,,,,,,,,,,,
754,1,DDP,,Vacuno_otras_especies,co2_gestiondirectaestiercol,,2058,,,,,,,0.0732310170145304,,,,,,,,,,,,,,,
754,1,DDP,,Vacuno_otras_especies,co2_gestiondirectaestiercol,,2059,,,,,,,0.0732310170145304,,,,,,,,,,,,,,,
754,1,DDP,,Vacuno_otras_especies,co2_gestiondirectaestiercol,,2060,,,,,,,0.0732310170145304,,,,,,,,,,,,,,,
754,1,DDP,,Vacuno_otras_especies,co2_gestiondirectaestiercol,,2061,,,,,,,0.0732310170145304,,,,,,,,,,,,,,,
754,1,DDP,,Vacuno_otras_especies,co2_gestiondirectaestiercol,,2062,,,,,,,0.0732310170145304,,,,,,,,,,,,,,,
754,1,DDP,,Vacuno_otras_especies,co2_gestiondirectaestiercol,,2063,,,,,,,0.0732310170145304,,,,,,,,,,,,,,,
754,1,DDP,,Vacuno_otras_especies,co2_gestiondirectaestiercol,,2064,,,,,,,0.0732310170145304,,,,,,,,,,,,,,,
754,1,DDP,,Vacuno_otras_especies,co2_gestiondirectaestiercol,,2065,,,,,,,0.0732310170145304,,,,,,,,,,,,,,,
754,1,DDP,,Vacuno_otras_especies,co2_gestiondirectaestiercol,,2066,,,,,,,0.0732310170145304,,,,,,,,,,,,,,,
754,1,DDP,,Vacuno_otras_especies,co2_gestiondirectaestiercol,,2067,,,,,,,0.0732310170145304,,,,,,,,,,,,,,,
754,1,DDP,,Vacuno_otras_especies,co2_gestiondirectaestiercol,,2068,,,,,,,0.0732310170145304,,,,,,,,,,,,,,,
754,1,DDP,,Vacuno_otras_especies,co2_gestiondirectaestiercol,,2069,,,,,,,0.0732310170145304,,,,,,,,,,,,,,,
754,1,DDP,,Vacuno_otras_especies,co2_gestiondirectaestiercol,,2070,,,,,,,0.0732310170145304,,,,,,,,,,,,,,,
754,1,DDP,,Cambio_de_uso,co2_cambio_de_uso,,2018,,,,,,,40.9078973209,,,,,,,,,,,,,,,
754,1,DDP,,Cambio_de_uso,co2_cambio_de_uso,,2019,,,,,,,40.04923386169794,,,,,,,,,,,,,,,
754,1,DDP,,Cambio_de_uso,co2_cambio_de_uso,,2020,,,,,,,39.8150299764656,,,,,,,,,,,,,,,
754,1,DDP,,Cambio_de_uso,co2_cambio_de_uso,,2021,,,,,,,39.928181813458,,,,,,,,,,,,,,,
754,1,DDP,,Cambio_de_uso,co2_cambio_de_uso,,2022,,,,,,,39.75468582659837,,,,,,,,,,,,,,,
754,1,DDP,,Cambio_de_uso,co2_cambio_de_uso,,2023,,,,,,,36.850787105045065,,,,,,,,,,,,,,,
754,1,DDP,,Cambio_de_uso,co2_cambio_de_uso,,2024,,,,,,,36.27684467352429,,,,,,,,,,,,,,,
754,1,DDP,,Cambio_de_uso,co2_cambio_de_uso,,2025,,,,,,,35.70876426402532,,,,,,,,,,,,,,,
754,1,DDP,,Cambio_de_uso,co2_cambio_de_uso,,2026,,,,,,,35.14643012205188,,,,,,,,,,,,,,,
754,1,DDP,,Cambio_de_uso,co2_cambio_de_uso,,2027,,,,,,,34.5896266867959,,,,,,,,,,,,,,,
754,1,DDP,,Cambio_de_uso,co2_cambio_de_uso,,2028,,,,,,,34.038195738295336,,,,,,,,,,,,,,,
754,1,DDP,,Cambio_de_uso,co2_cambio_de_uso,,2029,,,,,,,33.4919198712244,,,,,,,,,,,,,,,
754,1,DDP,,Cambio_de_uso,co2_cambio_de_uso,,2030,,,,,,,32.95065733077204,,,,,,,,,,,,,,,
754,1,DDP,,Cambio_de_uso,co2_cambio_de_uso,,2031,,,,,,,32.41416368343379,,,,,,,,,,,,,,,
754,1,DDP,,Cambio_de_uso,co2_cambio_de_uso,,2032,,,,,,,31.88221442376548,,,,,,,,,,,,,,,
754,1,DDP,,Cambio_de_uso,co2_cambio_de_uso,,2033,,,,,,,31.354554527950196,,,,,,,,,,,,,,,
754,1,DDP,,Cambio_de_uso,co2_cambio_de_uso,,2034,,,,,,,30.8308657974169,,,,,,,,,,,,,,,
754,1,DDP,,Cambio_de_uso,co2_cambio_de_uso,,2035,,,,,,,30.310827456351646,,,,,,,,,,,,,,,
754,1,DDP,,Cambio_de_uso,co2_cambio_de_uso,,2036,,,,,,,29.794045068810686,,,,,,,,,,,,,,,
754,1,DDP,,Cambio_de_uso,co2_cambio_de_uso,,2037,,,,,,,29.280125397072208,,,,,,,,,,,,,,,
754,1,DDP,,Cambio_de_uso,co2_cambio_de_uso,,2038,,,,,,,28.76861913570215,,,,,,,,,,,,,,,
754,1,DDP,,Cambio_de_uso,co2_cambio_de_uso,,2039,,,,,,,28.259153889608253,,,,,,,,,,,,,,,
754,1,DDP,,Cambio_de_uso,co2_cambio_de_uso,,2040,,,,,,,27.75144343860165,,,,,,,,,,,,,,,
754,1,DDP,,Cambio_de_uso,co2_cambio_de_uso,,2041,,,,,,,27.245393702405984,,,,,,,,,,,,,,,
754,1,DDP,,Cambio_de_uso,co2_cambio_de_uso,,2042,,,,,,,26.74120845448465,,,,,,,,,,,,,,,
754,1,DDP,,Cambio_de_uso,co2_cambio_de_uso,,2043,,,,,,,26.239381744492878,,,,,,,,,,,,,,,
754,1,DDP,,Cambio_de_uso,co2_cambio_de_uso,,2044,,,,,,,25.740587708640405,,,,,,,,,,,,,,,
754,1,DDP,,Cambio_de_uso,co2_cambio_de_uso,,2045,,,,,,,25.28411749484416,,,,,,,,,,,,,,,
754,1,DDP,,Cambio_de_uso,co2_cambio_de_uso,,2046,,,,,,,24.839766057503436,,,,,,,,,,,,,,,
754,1,DDP,,Cambio_de_uso,co2_cambio_de_uso,,2047,,,,,,,24.397422030418223,,,,,,,,,,,,,,,
754,1,DDP,,Cambio_de_uso,co2_cambio_de_uso,,2048,,,,,,,23.956856995806742,,,,,,,,,,,,,,,
754,1,DDP,,Cambio_de_uso,co2_cambio_de_uso,,2049,,,,,,,23.51802264167551,,,,,,,,,,,,,,,
754,1,DDP,,Cambio_de_uso,co2_cambio_de_uso,,2050,,,,,,,23.08089690206427,,,,,,,,,,,,,,,
754,1,DDP,,Cambio_de_uso,co2_cambio_de_uso,,2051,,,,,,,22.645451538846668,,,,,,,,,,,,,,,
754,1,DDP,,Cambio_de_uso,co2_cambio_de_uso,,2052,,,,,,,22.211700217642328,,,,,,,,,,,,,,,
754,1,DDP,,Cambio_de_uso,co2_cambio_de_uso,,2053,,,,,,,21.779647671943074,,,,,,,,,,,,,,,
754,1,DDP,,Cambio_de_uso,co2_cambio_de_uso,,2054,,,,,,,21.349282957387835,,,,,,,,,,,,,,,
754,1,DDP,,Cambio_de_uso,co2_cambio_de_uso,,2055,,,,,,,20.920578116966084,,,,,,,,,,,,,,,
754,1,DDP,,Cambio_de_uso,co2_cambio_de_uso,,2056,,,,,,,20.493489582230097,,,,,,,,,,,,,,,
754,1,DDP,,Cambio_de_uso,co2_cambio_de_uso,,2057,,,,,,,20.067960719164766,,,,,,,,,,,,,,,
754,1,DDP,,Cambio_de_uso,co2_cambio_de_uso,,2058,,,,,,,19.64392457906062,,,,,,,,,,,,,,,
754,1,DDP,,Cambio_de_uso,co2_cambio_de_uso,,2059,,,,,,,19.221306308779862,,,,,,,,,,,,,,,
754,1,DDP,,Cambio_de_uso,co2_cambio_de_uso,,2060,,,,,,,18.80002525826811,,,,,,,,,,,,,,,
754,1,DDP,,Cambio_de_uso,co2_cambio_de_uso,,2061,,,,,,,18.37999651249951,,,,,,,,,,,,,,,
754,1,DDP,,Cambio_de_uso,co2_cambio_de_uso,,2062,,,,,,,17.96113217365466,,,,,,,,,,,,,,,
754,1,DDP,,Cambio_de_uso,co2_cambio_de_uso,,2063,,,,,,,17.543342234400736,,,,,,,,,,,,,,,
754,1,DDP,,Cambio_de_uso,co2_cambio_de_uso,,2064,,,,,,,17.1265352468127,,,,,,,,,,,,,,,
754,1,DDP,,Cambio_de_uso,co2_cambio_de_uso,,2065,,,,,,,16.710618779365316,,,,,,,,,,,,,,,
754,1,DDP,,Cambio_de_uso,co2_cambio_de_uso,,2066,,,,,,,16.29549978319189,,,,,,,,,,,,,,,
754,1,DDP,,Cambio_de_uso,co2_cambio_de_uso,,2067,,,,,,,15.881084806978931,,,,,,,,,,,,,,,
754,1,DDP,,Cambio_de_uso,co2_cambio_de_uso,,2068,,,,,,,15.46728011350525,,,,,,,,,,,,,,,
754,1,DDP,,Cambio_de_uso,co2_cambio_de_uso,,2069,,,,,,,15.053991856939417,,,,,,,,,,,,,,,
754,1,DDP,,Cambio_de_uso,co2_cambio_de_uso,,2070,,,,,,,14.641126070809701,,,,,,,,,,,,,,,
754,1,DDP,,Bosque_nativo_protegido,co2_remocion,,2018,,,,,,,-4.36212039,,,,,,,,,,,,,,,
754,1,DDP,,Bosque_nativo_protegido,co2_remocion,,2019,,,,,,,-4.36212039,,,,,,,,,,,,,,,
754,1,DDP,,Bosque_nativo_protegido,co2_remocion,,2020,,,,,,,-4.36212039,,,,,,,,,,,,,,,
754,1,DDP,,Bosque_nativo_protegido,co2_remocion,,2021,,,,,,,-4.36212039,,,,,,,,,,,,,,,
754,1,DDP,,Bosque_nativo_protegido,co2_remocion,,2022,,,,,,,-4.36212039,,,,,,,,,,,,,,,
754,1,DDP,,Bosque_nativo_protegido,co2_remocion,,2023,,,,,,,-4.3696392905668935,,,,,,,,,,,,,,,
754,1,DDP,,Bosque_nativo_protegido,co2_remocion,,2024,,,,,,,-4.37751334018056,,,,,,,,,,,,,,,
754,1,DDP,,Bosque_nativo_protegido,co2_remocion,,2025,,,,,,,-4.38524864786511,,,,,,,,,,,,,,,
754,1,DDP,,Bosque_nativo_protegido,co2_remocion,,2026,,,,,,,-4.392557772929615,,,,,,,,,,,,,,,
754,1,DDP,,Bosque_nativo_protegido,co2_remocion,,2027,,,,,,,-4.399621927187219,,,,,,,,,,,,,,,
754,1,DDP,,Bosque_nativo_protegido,co2_remocion,,2028,,,,,,,-4.4064686732678,,,,,,,,,,,,,,,
754,1,DDP,,Bosque_nativo_protegido,co2_remocion,,2029,,,,,,,-4.413128731377229,,,,,,,,,,,,,,,
754,1,DDP,,Bosque_nativo_protegido,co2_remocion,,2030,,,,,,,-4.419637591869273,,,,,,,,,,,,,,,
754,1,DDP,,Bosque_nativo_protegido,co2_remocion,,2031,,,,,,,-4.426037575984676,,,,,,,,,,,,,,,
754,1,DDP,,Bosque_nativo_protegido,co2_remocion,,2032,,,,,,,-4.432380464594068,,,,,,,,,,,,,,,
754,1,DDP,,Bosque_nativo_protegido,co2_remocion,,2033,,,,,,,-4.438730733408592,,,,,,,,,,,,,,,
754,1,DDP,,Bosque_nativo_protegido,co2_remocion,,2034,,,,,,,-4.445169381014285,,,,,,,,,,,,,,,
754,1,DDP,,Bosque_nativo_protegido,co2_remocion,,2035,,,,,,,-4.451798130466546,,,,,,,,,,,,,,,
754,1,DDP,,Bosque_nativo_protegido,co2_remocion,,2036,,,,,,,-4.458743439246505,,,,,,,,,,,,,,,
754,1,DDP,,Bosque_nativo_protegido,co2_remocion,,2037,,,,,,,-4.466159194181189,,,,,,,,,,,,,,,
754,1,DDP,,Bosque_nativo_protegido,co2_remocion,,2038,,,,,,,-4.474226253849101,,,,,,,,,,,,,,,
754,1,DDP,,Bosque_nativo_protegido,co2_remocion,,2039,,,,,,,-4.483146344773097,,,,,,,,,,,,,,,
754,1,DDP,,Bosque_nativo_protegido,co2_remocion,,2040,,,,,,,-4.493127817349139,,,,,,,,,,,,,,,
754,1,DDP,,Bosque_nativo_protegido,co2_remocion,,2041,,,,,,,-4.5043622036851305,,,,,,,,,,,,,,,
754,1,DDP,,Bosque_nativo_protegido,co2_remocion,,2042,,,,,,,-4.5169940552048775,,,,,,,,,,,,,,,
754,1,DDP,,Bosque_nativo_protegido,co2_remocion,,2043,,,,,,,-4.526682353339815,,,,,,,,,,,,,,,
754,1,DDP,,Bosque_nativo_protegido,co2_remocion,,2044,,,,,,,-4.537922162135202,,,,,,,,,,,,,,,
754,1,DDP,,Bosque_nativo_protegido,co2_remocion,,2045,,,,,,,-4.5505866241599255,,,,,,,,,,,,,,,
754,1,DDP,,Bosque_nativo_protegido,co2_remocion,,2046,,,,,,,-4.564465684926495,,,,,,,,,,,,,,,
754,1,DDP,,Bosque_nativo_protegido,co2_remocion,,2047,,,,,,,-4.5793037328889366,,,,,,,,,,,,,,,
754,1,DDP,,Bosque_nativo_protegido,co2_remocion,,2048,,,,,,,-4.594833282421734,,,,,,,,,,,,,,,
754,1,DDP,,Bosque_nativo_protegido,co2_remocion,,2049,,,,,,,-4.610801440019809,,,,,,,,,,,,,,,
754,1,DDP,,Bosque_nativo_protegido,co2_remocion,,2050,,,,,,,-4.626985303546941,,,,,,,,,,,,,,,
754,1,DDP,,Bosque_nativo_protegido,co2_remocion,,2051,,,,,,,-4.646940690849469,,,,,,,,,,,,,,,
754,1,DDP,,Bosque_nativo_protegido,co2_remocion,,2052,,,,,,,-4.6671970548837765,,,,,,,,,,,,,,,
754,1,DDP,,Bosque_nativo_protegido,co2_remocion,,2053,,,,,,,-4.68761475857135,,,,,,,,,,,,,,,
754,1,DDP,,Bosque_nativo_protegido,co2_remocion,,2054,,,,,,,-4.708065647409992,,,,,,,,,,,,,,,
754,1,DDP,,Bosque_nativo_protegido,co2_remocion,,2055,,,,,,,-4.728424966584794,,,,,,,,,,,,,,,
754,1,DDP,,Bosque_nativo_protegido,co2_remocion,,2056,,,,,,,-4.74856349638382,,,,,,,,,,,,,,,
754,1,DDP,,Bosque_nativo_protegido,co2_remocion,,2057,,,,,,,-4.768340978875266,,,,,,,,,,,,,,,
754,1,DDP,,Bosque_nativo_protegido,co2_remocion,,2058,,,,,,,-4.7876022112658525,,,,,,,,,,,,,,,
754,1,DDP,,Bosque_nativo_protegido,co2_remocion,,2059,,,,,,,-4.8061776107432275,,,,,,,,,,,,,,,
754,1,DDP,,Bosque_nativo_protegido,co2_remocion,,2060,,,,,,,-4.823890234859641,,,,,,,,,,,,,,,
754,1,DDP,,Bosque_nativo_protegido,co2_remocion,,2061,,,,,,,-4.840570351334499,,,,,,,,,,,,,,,
754,1,DDP,,Bosque_nativo_protegido,co2_remocion,,2062,,,,,,,-4.85607630244807,,,,,,,,,,,,,,,
754,1,DDP,,Bosque_nativo_protegido,co2_remocion,,2063,,,,,,,-4.870316897002321,,,,,,,,,,,,,,,
754,1,DDP,,Bosque_nativo_protegido,co2_remocion,,2064,,,,,,,-4.88326791812742,,,,,,,,,,,,,,,
754,1,DDP,,Bosque_nativo_protegido,co2_remocion,,2065,,,,,,,-4.8949761346590535,,,,,,,,,,,,,,,
754,1,DDP,,Bosque_nativo_protegido,co2_remocion,,2066,,,,,,,-4.9055489429163845,,,,,,,,,,,,,,,
754,1,DDP,,Bosque_nativo_protegido,co2_remocion,,2067,,,,,,,-4.91513375237881,,,,,,,,,,,,,,,
754,1,DDP,,Bosque_nativo_protegido,co2_remocion,,2068,,,,,,,-4.923894499571434,,,,,,,,,,,,,,,
754,1,DDP,,Bosque_nativo_protegido,co2_remocion,,2069,,,,,,,-4.931991831578359,,,,,,,,,,,,,,,
754,1,DDP,,Bosque_nativo_protegido,co2_remocion,,2070,,,,,,,-4.939570119370711,,,,,,,,,,,,,,,
754,1,DDP,,area_restaurada,co2_remocion,,2018,,,,,,,0.0,,,,,,,,,,,,,,,
754,1,DDP,,area_restaurada,co2_remocion,,2019,,,,,,,0.0,,,,,,,,,,,,,,,
754,1,DDP,,area_restaurada,co2_remocion,,2020,,,,,,,0.0,,,,,,,,,,,,,,,
754,1,DDP,,area_restaurada,co2_remocion,,2021,,,,,,,0.0,,,,,,,,,,,,,,,
754,1,DDP,,area_restaurada,co2_remocion,,2022,,,,,,,0.0,,,,,,,,,,,,,,,
754,1,DDP,,area_restaurada,co2_remocion,,2023,,,,,,,0.0,,,,,,,,,,,,,,,
754,1,DDP,,area_restaurada,co2_remocion,,2024,,,,,,,0.0,,,,,,,,,,,,,,,
754,1,DDP,,area_restaurada,co2_remocion,,2025,,,,,,,0.0,,,,,,,,,,,,,,,
754,1,DDP,,area_restaurada,co2_remocion,,2026,,,,,,,0.0,,,,,,,,,,,,,,,
754,1,DDP,,area_restaurada,co2_remocion,,2027,,,,,,,0.0,,,,,,,,,,,,,,,
754,1,DDP,,area_restaurada,co2_remocion,,2028,,,,,,,0.0,,,,,,,,,,,,,,,
754,1,DDP,,area_restaurada,co2_remocion,,2029,,,,,,,0.0,,,,,,,,,,,,,,,
754,1,DDP,,area_restaurada,co2_remocion,,2030,,,,,,,0.0,,,,,,,,,,,,,,,
754,1,DDP,,area_restaurada,co2_remocion,,2031,,,,,,,0.0,,,,,,,,,,,,,,,
754,1,DDP,,area_restaurada,co2_remocion,,2032,,,,,,,0.0,,,,,,,,,,,,,,,
754,1,DDP,,area_restaurada,co2_remocion,,2033,,,,,,,0.0,,,,,,,,,,,,,,,
754,1,DDP,,area_restaurada,co2_remocion,,2034,,,,,,,0.0,,,,,,,,,,,,,,,
754,1,DDP,,area_restaurada,co2_remocion,,2035,,,,,,,0.0,,,,,,,,,,,,,,,
754,1,DDP,,area_restaurada,co2_remocion,,2036,,,,,,,0.0,,,,,,,,,,,,,,,
754,1,DDP,,area_restaurada,co2_remocion,,2037,,,,,,,0.0,,,,,,,,,,,,,,,
754,1,DDP,,area_restaurada,co2_remocion,,2038,,,,,,,0.0,,,,,,,,,,,,,,,
754,1,DDP,,area_restaurada,co2_remocion,,2039,,,,,,,0.0,,,,,,,,,,,,,,,
754,1,DDP,,area_restaurada,co2_remocion,,2040,,,,,,,0.0,,,,,,,,,,,,,,,
754,1,DDP,,area_restaurada,co2_remocion,,2041,,,,,,,0.0,,,,,,,,,,,,,,,
754,1,DDP,,area_restaurada,co2_remocion,,2042,,,,,,,0.0,,,,,,,,,,,,,,,
754,1,DDP,,area_restaurada,co2_remocion,,2043,,,,,,,0.0,,,,,,,,,,,,,,,
754,1,DDP,,area_restaurada,co2_remocion,,2044,,,,,,,0.0,,,,,,,,,,,,,,,
754,1,DDP,,area_restaurada,co2_remocion,,2045,,,,,,,0.0,,,,,,,,,,,,,,,
754,1,DDP,,area_restaurada,co2_remocion,,2046,,,,,,,0.0,,,,,,,,,,,,,,,
754,1,DDP,,area_restaurada,co2_remocion,,2047,,,,,,,0.0,,,,,,,,,,,,,,,
754,1,DDP,,area_restaurada,co2_remocion,,2048,,,,,,,0.0,,,,,,,,,,,,,,,
754,1,DDP,,area_restaurada,co2_remocion,,2049,,,,,,,0.0,,,,,,,,,,,,,,,
754,1,DDP,,area_restaurada,co2_remocion,,2050,,,,,,,0.0,,,,,,,,,,,,,,,
754,1,DDP,,area_restaurada,co2_remocion,,2051,,,,,,,0.0,,,,,,,,,,,,,,,
754,1,DDP,,area_restaurada,co2_remocion,,2052,,,,,,,0.0,,,,,,,,,,,,,,,
754,1,DDP,,area_restaurada,co2_remocion,,2053,,,,,,,0.0,,,,,,,,,,,,,,,
754,1,DDP,,area_restaurada,co2_remocion,,2054,,,,,,,0.0,,,,,,,,,,,,,,,
754,1,DDP,,area_restaurada,co2_remocion,,2055,,,,,,,0.0,,,,,,,,,,,,,,,
754,1,DDP,,area_restaurada,co2_remocion,,2056,,,,,,,0.0,,,,,,,,,,,,,,,
754,1,DDP,,area_restaurada,co2_remocion,,2057,,,,,,,0.0,,,,,,,,,,,,,,,
754,1,DDP,,area_restaurada,co2_remocion,,2058,,,,,,,0.0,,,,,,,,,,,,,,,
754,1,DDP,,area_restaurada,co2_remocion,,2059,,,,,,,0.0,,,,,,,,,,,,,,,
754,1,DDP,,area_restaurada,co2_remocion,,2060,,,,,,,0.0,,,,,,,,,,,,,,,
754,1,DDP,,area_restaurada,co2_remocion,,2061,,,,,,,0.0,,,,,,,,,,,,,,,
754,1,DDP,,area_restaurada,co2_remocion,,2062,,,,,,,0.0,,,,,,,,,,,,,,,
754,1,DDP,,area_restaurada,co2_remocion,,2063,,,,,,,0.0,,,,,,,,,,,,,,,
754,1,DDP,,area_restaurada,co2_remocion,,2064,,,,,,,0.0,,,,,,,,,,,,,,,
754,1,DDP,,area_restaurada,co2_remocion,,2065,,,,,,,0.0,,,,,,,,,,,,,,,
754,1,DDP,,area_restaurada,co2_remocion,,2066,,,,,,,0.0,,,,,,,,,,,,,,,
754,1,DDP,,area_restaurada,co2_remocion,,2067,,,,,,,0.0,,,,,,,,,,,,,,,
754,1,DDP,,area_restaurada,co2_remocion,,2068,,,,,,,0.0,,,,,,,,,,,,,,,
754,1,DDP,,area_restaurada,co2_remocion,,2069,,,,,,,0.0,,,,,,,,,,,,,,,
754,1,DDP,,area_restaurada,co2_remocion,,2070,,,,,,,0.0,,,,,,,,,,,,,,,
754,1,DDP,,Bosque_nativo_protegido,belleza,,2018,,,,,,,1.0,,,,,,,,,,,,,,,
754,1,DDP,,Bosque_nativo_protegido,belleza,,2019,,,,,,,1.0,,,,,,,,,,,,,,,
754,1,DDP,,Bosque_nativo_protegido,belleza,,2020,,,,,,,1.0,,,,,,,,,,,,,,,
754,1,DDP,,Bosque_nativo_protegido,belleza,,2021,,,,,,,1.0,,,,,,,,,,,,,,,
754,1,DDP,,Bosque_nativo_protegido,belleza,,2022,,,,,,,1.0,,,,,,,,,,,,,,,
754,1,DDP,,Bosque_nativo_protegido,belleza,,2023,,,,,,,1.0,,,,,,,,,,,,,,,
754,1,DDP,,Bosque_nativo_protegido,belleza,,2024,,,,,,,1.0,,,,,,,,,,,,,,,
754,1,DDP,,Bosque_nativo_protegido,belleza,,2025,,,,,,,1.0,,,,,,,,,,,,,,,
754,1,DDP,,Bosque_nativo_protegido,belleza,,2026,,,,,,,1.0,,,,,,,,,,,,,,,
754,1,DDP,,Bosque_nativo_protegido,belleza,,2027,,,,,,,1.0,,,,,,,,,,,,,,,
754,1,DDP,,Bosque_nativo_protegido,belleza,,2028,,,,,,,1.0,,,,,,,,,,,,,,,
754,1,DDP,,Bosque_nativo_protegido,belleza,,2029,,,,,,,1.0,,,,,,,,,,,,,,,
754,1,DDP,,Bosque_nativo_protegido,belleza,,2030,,,,,,,1.0,,,,,,,,,,,,,,,
754,1,DDP,,Bosque_nativo_protegido,belleza,,2031,,,,,,,1.0,,,,,,,,,,,,,,,
754,1,DDP,,Bosque_nativo_protegido,belleza,,2032,,,,,,,1.0,,,,,,,,,,,,,,,
754,1,DDP,,Bosque_nativo_protegido,belleza,,2033,,,,,,,1.0,,,,,,,,,,,,,,,
754,1,DDP,,Bosque_nativo_protegido,belleza,,2034,,,,,,,1.0,,,,,,,,,,,,,,,
754,1,DDP,,Bosque_nativo_protegido,belleza,,2035,,,,,,,1.0,,,,,,,,,,,,,,,
754,1,DDP,,Bosque_nativo_protegido,belleza,,2036,,,,,,,1.0,,,,,,,,,,,,,,,
754,1,DDP,,Bosque_nativo_protegido,belleza,,2037,,,,,,,1.0,,,,,,,,,,,,,,,
754,1,DDP,,Bosque_nativo_protegido,belleza,,2038,,,,,,,1.0,,,,,,,,,,,,,,,
754,1,DDP,,Bosque_nativo_protegido,belleza,,2039,,,,,,,1.0,,,,,,,,,,,,,,,
754,1,DDP,,Bosque_nativo_protegido,belleza,,2040,,,,,,,1.0,,,,,,,,,,,,,,,
754,1,DDP,,Bosque_nativo_protegido,belleza,,2041,,,,,,,1.0,,,,,,,,,,,,,,,
754,1,DDP,,Bosque_nativo_protegido,belleza,,2042,,,,,,,1.0,,,,,,,,,,,,,,,
754,1,DDP,,Bosque_nativo_protegido,belleza,,2043,,,,,,,1.0,,,,,,,,,,,,,,,
754,1,DDP,,Bosque_nativo_protegido,belleza,,2044,,,,,,,1.0,,,,,,,,,,,,,,,
754,1,DDP,,Bosque_nativo_protegido,belleza,,2045,,,,,,,1.0,,,,,,,,,,,,,,,
754,1,DDP,,Bosque_nativo_protegido,belleza,,2046,,,,,,,1.0,,,,,,,,,,,,,,,
754,1,DDP,,Bosque_nativo_protegido,belleza,,2047,,,,,,,1.0,,,,,,,,,,,,,,,
754,1,DDP,,Bosque_nativo_protegido,belleza,,2048,,,,,,,1.0,,,,,,,,,,,,,,,
754,1,DDP,,Bosque_nativo_protegido,belleza,,2049,,,,,,,1.0,,,,,,,,,,,,,,,
754,1,DDP,,Bosque_nativo_protegido,belleza,,2050,,,,,,,1.0,,,,,,,,,,,,,,,
754,1,DDP,,Bosque_nativo_protegido,belleza,,2051,,,,,,,1.0,,,,,,,,,,,,,,,
754,1,DDP,,Bosque_nativo_protegido,belleza,,2052,,,,,,,1.0,,,,,,,,,,,,,,,
754,1,DDP,,Bosque_nativo_protegido,belleza,,2053,,,,,,,1.0,,,,,,,,,,,,,,,
754,1,DDP,,Bosque_nativo_protegido,belleza,,2054,,,,,,,1.0,,,,,,,,,,,,,,,
754,1,DDP,,Bosque_nativo_protegido,belleza,,2055,,,,,,,1.0,,,,,,,,,,,,,,,
754,1,DDP,,Bosque_nativo_protegido,belleza,,2056,,,,,,,1.0,,,,,,,,,,,,,,,
754,1,DDP,,Bosque_nativo_protegido,belleza,,2057,,,,,,,1.0,,,,,,,,,,,,,,,
754,1,DDP,,Bosque_nativo_protegido,belleza,,2058,,,,,,,1.0,,,,,,,,,,,,,,,
754,1,DDP,,Bosque_nativo_protegido,belleza,,2059,,,,,,,1.0,,,,,,,,,,,,,,,
754,1,DDP,,Bosque_nativo_protegido,belleza,,2060,,,,,,,1.0,,,,,,,,,,,,,,,
754,1,DDP,,Bosque_nativo_protegido,belleza,,2061,,,,,,,1.0,,,,,,,,,,,,,,,
754,1,DDP,,Bosque_nativo_protegido,belleza,,2062,,,,,,,1.0,,,,,,,,,,,,,,,
754,1,DDP,,Bosque_nativo_protegido,belleza,,2063,,,,,,,1.0,,,,,,,,,,,,,,,
754,1,DDP,,Bosque_nativo_protegido,belleza,,2064,,,,,,,1.0,,,,,,,,,,,,,,,
754,1,DDP,,Bosque_nativo_protegido,belleza,,2065,,,,,,,1.0,,,,,,,,,,,,,,,
754,1,DDP,,Bosque_nativo_protegido,belleza,,2066,,,,,,,1.0,,,,,,,,,,,,,,,
754,1,DDP,,Bosque_nativo_protegido,belleza,,2067,,,,,,,1.0,,,,,,,,,,,,,,,
754,1,DDP,,Bosque_nativo_protegido,belleza,,2068,,,,,,,1.0,,,,,,,,,,,,,,,
754,1,DDP,,Bosque_nativo_protegido,belleza,,2069,,,,,,,1.0,,,,,,,,,,,,,,,
754,1,DDP,,Bosque_nativo_protegido,belleza,,2070,,,,,,,1.0,,,,,,,,,,,,,,,
754,1,DDP,,Bosque_nativo_protegido,regulacion_hidrica,,2018,,,,,,,1.0,,,,,,,,,,,,,,,
754,1,DDP,,Bosque_nativo_protegido,regulacion_hidrica,,2019,,,,,,,1.0,,,,,,,,,,,,,,,
754,1,DDP,,Bosque_nativo_protegido,regulacion_hidrica,,2020,,,,,,,1.0,,,,,,,,,,,,,,,
754,1,DDP,,Bosque_nativo_protegido,regulacion_hidrica,,2021,,,,,,,1.0,,,,,,,,,,,,,,,
754,1,DDP,,Bosque_nativo_protegido,regulacion_hidrica,,2022,,,,,,,1.0,,,,,,,,,,,,,,,
754,1,DDP,,Bosque_nativo_protegido,regulacion_hidrica,,2023,,,,,,,1.0,,,,,,,,,,,,,,,
754,1,DDP,,Bosque_nativo_protegido,regulacion_hidrica,,2024,,,,,,,1.0,,,,,,,,,,,,,,,
754,1,DDP,,Bosque_nativo_protegido,regulacion_hidrica,,2025,,,,,,,1.0,,,,,,,,,,,,,,,
754,1,DDP,,Bosque_nativo_protegido,regulacion_hidrica,,2026,,,,,,,1.0,,,,,,,,,,,,,,,
754,1,DDP,,Bosque_nativo_protegido,regulacion_hidrica,,2027,,,,,,,1.0,,,,,,,,,,,,,,,
754,1,DDP,,Bosque_nativo_protegido,regulacion_hidrica,,2028,,,,,,,1.0,,,,,,,,,,,,,,,
754,1,DDP,,Bosque_nativo_protegido,regulacion_hidrica,,2029,,,,,,,1.0,,,,,,,,,,,,,,,
754,1,DDP,,Bosque_nativo_protegido,regulacion_hidrica,,2030,,,,,,,1.0,,,,,,,,,,,,,,,
754,1,DDP,,Bosque_nativo_protegido,regulacion_hidrica,,2031,,,,,,,1.0,,,,,,,,,,,,,,,
754,1,DDP,,Bosque_nativo_protegido,regulacion_hidrica,,2032,,,,,,,1.0,,,,,,,,,,,,,,,
754,1,DDP,,Bosque_nativo_protegido,regulacion_hidrica,,2033,,,,,,,1.0,,,,,,,,,,,,,,,
754,1,DDP,,Bosque_nativo_protegido,regulacion_hidrica,,2034,,,,,,,1.0,,,,,,,,,,,,,,,
754,1,DDP,,Bosque_nativo_protegido,regulacion_hidrica,,2035,,,,,,,1.0,,,,,,,,,,,,,,,
754,1,DDP,,Bosque_nativo_protegido,regulacion_hidrica,,2036,,,,,,,1.0,,,,,,,,,,,,,,,
754,1,DDP,,Bosque_nativo_protegido,regulacion_hidrica,,2037,,,,,,,1.0,,,,,,,,,,,,,,,
754,1,DDP,,Bosque_nativo_protegido,regulacion_hidrica,,2038,,,,,,,1.0,,,,,,,,,,,,,,,
754,1,DDP,,Bosque_nativo_protegido,regulacion_hidrica,,2039,,,,,,,1.0,,,,,,,,,,,,,,,
754,1,DDP,,Bosque_nativo_protegido,regulacion_hidrica,,2040,,,,,,,1.0,,,,,,,,,,,,,,,
754,1,DDP,,Bosque_nativo_protegido,regulacion_hidrica,,2041,,,,,,,1.0,,,,,,,,,,,,,,,
754,1,DDP,,Bosque_nativo_protegido,regulacion_hidrica,,2042,,,,,,,1.0,,,,,,,,,,,,,,,
754,1,DDP,,Bosque_nativo_protegido,regulacion_hidrica,,2043,,,,,,,1.0,,,,,,,,,,,,,,,
754,1,DDP,,Bosque_nativo_protegido,regulacion_hidrica,,2044,,,,,,,1.0,,,,,,,,,,,,,,,
754,1,DDP,,Bosque_nativo_protegido,regulacion_hidrica,,2045,,,,,,,1.0,,,,,,,,,,,,,,,
754,1,DDP,,Bosque_nativo_protegido,regulacion_hidrica,,2046,,,,,,,1.0,,,,,,,,,,,,,,,
754,1,DDP,,Bosque_nativo_protegido,regulacion_hidrica,,2047,,,,,,,1.0,,,,,,,,,,,,,,,
754,1,DDP,,Bosque_nativo_protegido,regulacion_hidrica,,2048,,,,,,,1.0,,,,,,,,,,,,,,,
754,1,DDP,,Bosque_nativo_protegido,regulacion_hidrica,,2049,,,,,,,1.0,,,,,,,,,,,,,,,
754,1,DDP,,Bosque_nativo_protegido,regulacion_hidrica,,2050,,,,,,,1.0,,,,,,,,,,,,,,,
754,1,DDP,,Bosque_nativo_protegido,regulacion_hidrica,,2051,,,,,,,1.0,,,,,,,,,,,,,,,
754,1,DDP,,Bosque_nativo_protegido,regulacion_hidrica,,2052,,,,,,,1.0,,,,,,,,,,,,,,,
754,1,DDP,,Bosque_nativo_protegido,regulacion_hidrica,,2053,,,,,,,1.0,,,,,,,,,,,,,,,
754,1,DDP,,Bosque_nativo_protegido,regulacion_hidrica,,2054,,,,,,,1.0,,,,,,,,,,,,,,,
754,1,DDP,,Bosque_nativo_protegido,regulacion_hidrica,,2055,,,,,,,1.0,,,,,,,,,,,,,,,
754,1,DDP,,Bosque_nativo_protegido,regulacion_hidrica,,2056,,,,,,,1.0,,,,,,,,,,,,,,,
754,1,DDP,,Bosque_nativo_protegido,regulacion_hidrica,,2057,,,,,,,1.0,,,,,,,,,,,,,,,
754,1,DDP,,Bosque_nativo_protegido,regulacion_hidrica,,2058,,,,,,,1.0,,,,,,,,,,,,,,,
754,1,DDP,,Bosque_nativo_protegido,regulacion_hidrica,,2059,,,,,,,1.0,,,,,,,,,,,,,,,
754,1,DDP,,Bosque_nativo_protegido,regulacion_hidrica,,2060,,,,,,,1.0,,,,,,,,,,,,,,,
754,1,DDP,,Bosque_nativo_protegido,regulacion_hidrica,,2061,,,,,,,1.0,,,,,,,,,,,,,,,
754,1,DDP,,Bosque_nativo_protegido,regulacion_hidrica,,2062,,,,,,,1.0,,,,,,,,,,,,,,,
754,1,DDP,,Bosque_nativo_protegido,regulacion_hidrica,,2063,,,,,,,1.0,,,,,,,,,,,,,,,
754,1,DDP,,Bosque_nativo_protegido,regulacion_hidrica,,2064,,,,,,,1.0,,,,,,,,,,,,,,,
754,1,DDP,,Bosque_nativo_protegido,regulacion_hidrica,,2065,,,,,,,1.0,,,,,,,,,,,,,,,
754,1,DDP,,Bosque_nativo_protegido,regulacion_hidrica,,2066,,,,,,,1.0,,,,,,,,,,,,,,,
754,1,DDP,,Bosque_nativo_protegido,regulacion_hidrica,,2067,,,,,,,1.0,,,,,,,,,,,,,,,
754,1,DDP,,Bosque_nativo_protegido,regulacion_hidrica,,2068,,,,,,,1.0,,,,,,,,,,,,,,,
754,1,DDP,,Bosque_nativo_protegido,regulacion_hidrica,,2069,,,,,,,1.0,,,,,,,,,,,,,,,
754,1,DDP,,Bosque_nativo_protegido,regulacion_hidrica,,2070,,,,,,,1.0,,,,,,,,,,,,,,,
754,1,DDP,,Bosque_nativo_protegido,Turismo_recreacion,,2018,,,,,,,1.0,,,,,,,,,,,,,,,
754,1,DDP,,Bosque_nativo_protegido,Turismo_recreacion,,2019,,,,,,,1.0,,,,,,,,,,,,,,,
754,1,DDP,,Bosque_nativo_protegido,Turismo_recreacion,,2020,,,,,,,1.0,,,,,,,,,,,,,,,
754,1,DDP,,Bosque_nativo_protegido,Turismo_recreacion,,2021,,,,,,,1.0,,,,,,,,,,,,,,,
754,1,DDP,,Bosque_nativo_protegido,Turismo_recreacion,,2022,,,,,,,1.0,,,,,,,,,,,,,,,
754,1,DDP,,Bosque_nativo_protegido,Turismo_recreacion,,2023,,,,,,,1.0,,,,,,,,,,,,,,,
754,1,DDP,,Bosque_nativo_protegido,Turismo_recreacion,,2024,,,,,,,1.0,,,,,,,,,,,,,,,
754,1,DDP,,Bosque_nativo_protegido,Turismo_recreacion,,2025,,,,,,,1.0,,,,,,,,,,,,,,,
754,1,DDP,,Bosque_nativo_protegido,Turismo_recreacion,,2026,,,,,,,1.0,,,,,,,,,,,,,,,
754,1,DDP,,Bosque_nativo_protegido,Turismo_recreacion,,2027,,,,,,,1.0,,,,,,,,,,,,,,,
754,1,DDP,,Bosque_nativo_protegido,Turismo_recreacion,,2028,,,,,,,1.0,,,,,,,,,,,,,,,
754,1,DDP,,Bosque_nativo_protegido,Turismo_recreacion,,2029,,,,,,,1.0,,,,,,,,,,,,,,,
754,1,DDP,,Bosque_nativo_protegido,Turismo_recreacion,,2030,,,,,,,1.0,,,,,,,,,,,,,,,
754,1,DDP,,Bosque_nativo_protegido,Turismo_recreacion,,2031,,,,,,,1.0,,,,,,,,,,,,,,,
754,1,DDP,,Bosque_nativo_protegido,Turismo_recreacion,,2032,,,,,,,1.0,,,,,,,,,,,,,,,
754,1,DDP,,Bosque_nativo_protegido,Turismo_recreacion,,2033,,,,,,,1.0,,,,,,,,,,,,,,,
754,1,DDP,,Bosque_nativo_protegido,Turismo_recreacion,,2034,,,,,,,1.0,,,,,,,,,,,,,,,
754,1,DDP,,Bosque_nativo_protegido,Turismo_recreacion,,2035,,,,,,,1.0,,,,,,,,,,,,,,,
754,1,DDP,,Bosque_nativo_protegido,Turismo_recreacion,,2036,,,,,,,1.0,,,,,,,,,,,,,,,
754,1,DDP,,Bosque_nativo_protegido,Turismo_recreacion,,2037,,,,,,,1.0,,,,,,,,,,,,,,,
754,1,DDP,,Bosque_nativo_protegido,Turismo_recreacion,,2038,,,,,,,1.0,,,,,,,,,,,,,,,
754,1,DDP,,Bosque_nativo_protegido,Turismo_recreacion,,2039,,,,,,,1.0,,,,,,,,,,,,,,,
754,1,DDP,,Bosque_nativo_protegido,Turismo_recreacion,,2040,,,,,,,1.0,,,,,,,,,,,,,,,
754,1,DDP,,Bosque_nativo_protegido,Turismo_recreacion,,2041,,,,,,,1.0,,,,,,,,,,,,,,,
754,1,DDP,,Bosque_nativo_protegido,Turismo_recreacion,,2042,,,,,,,1.0,,,,,,,,,,,,,,,
754,1,DDP,,Bosque_nativo_protegido,Turismo_recreacion,,2043,,,,,,,1.0,,,,,,,,,,,,,,,
754,1,DDP,,Bosque_nativo_protegido,Turismo_recreacion,,2044,,,,,,,1.0,,,,,,,,,,,,,,,
754,1,DDP,,Bosque_nativo_protegido,Turismo_recreacion,,2045,,,,,,,1.0,,,,,,,,,,,,,,,
754,1,DDP,,Bosque_nativo_protegido,Turismo_recreacion,,2046,,,,,,,1.0,,,,,,,,,,,,,,,
754,1,DDP,,Bosque_nativo_protegido,Turismo_recreacion,,2047,,,,,,,1.0,,,,,,,,,,,,,,,
754,1,DDP,,Bosque_nativo_protegido,Turismo_recreacion,,2048,,,,,,,1.0,,,,,,,,,,,,,,,
754,1,DDP,,Bosque_nativo_protegido,Turismo_recreacion,,2049,,,,,,,1.0,,,,,,,,,,,,,,,
754,1,DDP,,Bosque_nativo_protegido,Turismo_recreacion,,2050,,,,,,,1.0,,,,,,,,,,,,,,,
754,1,DDP,,Bosque_nativo_protegido,Turismo_recreacion,,2051,,,,,,,1.0,,,,,,,,,,,,,,,
754,1,DDP,,Bosque_nativo_protegido,Turismo_recreacion,,2052,,,,,,,1.0,,,,,,,,,,,,,,,
754,1,DDP,,Bosque_nativo_protegido,Turismo_recreacion,,2053,,,,,,,1.0,,,,,,,,,,,,,,,
754,1,DDP,,Bosque_nativo_protegido,Turismo_recreacion,,2054,,,,,,,1.0,,,,,,,,,,,,,,,
754,1,DDP,,Bosque_nativo_protegido,Turismo_recreacion,,2055,,,,,,,1.0,,,,,,,,,,,,,,,
754,1,DDP,,Bosque_nativo_protegido,Turismo_recreacion,,2056,,,,,,,1.0,,,,,,,,,,,,,,,
754,1,DDP,,Bosque_nativo_protegido,Turismo_recreacion,,2057,,,,,,,1.0,,,,,,,,,,,,,,,
754,1,DDP,,Bosque_nativo_protegido,Turismo_recreacion,,2058,,,,,,,1.0,,,,,,,,,,,,,,,
754,1,DDP,,Bosque_nativo_protegido,Turismo_recreacion,,2059,,,,,,,1.0,,,,,,,,,,,,,,,
754,1,DDP,,Bosque_nativo_protegido,Turismo_recreacion,,2060,,,,,,,1.0,,,,,,,,,,,,,,,
754,1,DDP,,Bosque_nativo_protegido,Turismo_recreacion,,2061,,,,,,,1.0,,,,,,,,,,,,,,,
754,1,DDP,,Bosque_nativo_protegido,Turismo_recreacion,,2062,,,,,,,1.0,,,,,,,,,,,,,,,
754,1,DDP,,Bosque_nativo_protegido,Turismo_recreacion,,2063,,,,,,,1.0,,,,,,,,,,,,,,,
754,1,DDP,,Bosque_nativo_protegido,Turismo_recreacion,,2064,,,,,,,1.0,,,,,,,,,,,,,,,
754,1,DDP,,Bosque_nativo_protegido,Turismo_recreacion,,2065,,,,,,,1.0,,,,,,,,,,,,,,,
754,1,DDP,,Bosque_nativo_protegido,Turismo_recreacion,,2066,,,,,,,1.0,,,,,,,,,,,,,,,
754,1,DDP,,Bosque_nativo_protegido,Turismo_recreacion,,2067,,,,,,,1.0,,,,,,,,,,,,,,,
754,1,DDP,,Bosque_nativo_protegido,Turismo_recreacion,,2068,,,,,,,1.0,,,,,,,,,,,,,,,
754,1,DDP,,Bosque_nativo_protegido,Turismo_recreacion,,2069,,,,,,,1.0,,,,,,,,,,,,,,,
754,1,DDP,,Bosque_nativo_protegido,Turismo_recreacion,,2070,,,,,,,1.0,,,,,,,,,,,,,,,
754,1,DDP,,Bosque_nativo_protegido,recursos_geneticos,,2018,,,,,,,1.0,,,,,,,,,,,,,,,
754,1,DDP,,Bosque_nativo_protegido,recursos_geneticos,,2019,,,,,,,1.0,,,,,,,,,,,,,,,
754,1,DDP,,Bosque_nativo_protegido,recursos_geneticos,,2020,,,,,,,1.0,,,,,,,,,,,,,,,
754,1,DDP,,Bosque_nativo_protegido,recursos_geneticos,,2021,,,,,,,1.0,,,,,,,,,,,,,,,
754,1,DDP,,Bosque_nativo_protegido,recursos_geneticos,,2022,,,,,,,1.0,,,,,,,,,,,,,,,
754,1,DDP,,Bosque_nativo_protegido,recursos_geneticos,,2023,,,,,,,1.0,,,,,,,,,,,,,,,
754,1,DDP,,Bosque_nativo_protegido,recursos_geneticos,,2024,,,,,,,1.0,,,,,,,,,,,,,,,
754,1,DDP,,Bosque_nativo_protegido,recursos_geneticos,,2025,,,,,,,1.0,,,,,,,,,,,,,,,
754,1,DDP,,Bosque_nativo_protegido,recursos_geneticos,,2026,,,,,,,1.0,,,,,,,,,,,,,,,
754,1,DDP,,Bosque_nativo_protegido,recursos_geneticos,,2027,,,,,,,1.0,,,,,,,,,,,,,,,
754,1,DDP,,Bosque_nativo_protegido,recursos_geneticos,,2028,,,,,,,1.0,,,,,,,,,,,,,,,
754,1,DDP,,Bosque_nativo_protegido,recursos_geneticos,,2029,,,,,,,1.0,,,,,,,,,,,,,,,
754,1,DDP,,Bosque_nativo_protegido,recursos_geneticos,,2030,,,,,,,1.0,,,,,,,,,,,,,,,
754,1,DDP,,Bosque_nativo_protegido,recursos_geneticos,,2031,,,,,,,1.0,,,,,,,,,,,,,,,
754,1,DDP,,Bosque_nativo_protegido,recursos_geneticos,,2032,,,,,,,1.0,,,,,,,,,,,,,,,
754,1,DDP,,Bosque_nativo_protegido,recursos_geneticos,,2033,,,,,,,1.0,,,,,,,,,,,,,,,
754,1,DDP,,Bosque_nativo_protegido,recursos_geneticos,,2034,,,,,,,1.0,,,,,,,,,,,,,,,
754,1,DDP,,Bosque_nativo_protegido,recursos_geneticos,,2035,,,,,,,1.0,,,,,,,,,,,,,,,
754,1,DDP,,Bosque_nativo_protegido,recursos_geneticos,,2036,,,,,,,1.0,,,,,,,,,,,,,,,
754,1,DDP,,Bosque_nativo_protegido,recursos_geneticos,,2037,,,,,,,1.0,,,,,,,,,,,,,,,
754,1,DDP,,Bosque_nativo_protegido,recursos_geneticos,,2038,,,,,,,1.0,,,,,,,,,,,,,,,
754,1,DDP,,Bosque_nativo_protegido,recursos_geneticos,,2039,,,,,,,1.0,,,,,,,,,,,,,,,
754,1,DDP,,Bosque_nativo_protegido,recursos_geneticos,,2040,,,,,,,1.0,,,,,,,,,,,,,,,
754,1,DDP,,Bosque_nativo_protegido,recursos_geneticos,,2041,,,,,,,1.0,,,,,,,,,,,,,,,
754,1,DDP,,Bosque_nativo_protegido,recursos_geneticos,,2042,,,,,,,1.0,,,,,,,,,,,,,,,
754,1,DDP,,Bosque_nativo_protegido,recursos_geneticos,,2043,,,,,,,1.0,,,,,,,,,,,,,,,
754,1,DDP,,Bosque_nativo_protegido,recursos_geneticos,,2044,,,,,,,1.0,,,,,,,,,,,,,,,
754,1,DDP,,Bosque_nativo_protegido,recursos_geneticos,,2045,,,,,,,1.0,,,,,,,,,,,,,,,
754,1,DDP,,Bosque_nativo_protegido,recursos_geneticos,,2046,,,,,,,1.0,,,,,,,,,,,,,,,
754,1,DDP,,Bosque_nativo_protegido,recursos_geneticos,,2047,,,,,,,1.0,,,,,,,,,,,,,,,
754,1,DDP,,Bosque_nativo_protegido,recursos_geneticos,,2048,,,,,,,1.0,,,,,,,,,,,,,,,
754,1,DDP,,Bosque_nativo_protegido,recursos_geneticos,,2049,,,,,,,1.0,,,,,,,,,,,,,,,
754,1,DDP,,Bosque_nativo_protegido,recursos_geneticos,,2050,,,,,,,1.0,,,,,,,,,,,,,,,
754,1,DDP,,Bosque_nativo_protegido,recursos_geneticos,,2051,,,,,,,1.0,,,,,,,,,,,,,,,
754,1,DDP,,Bosque_nativo_protegido,recursos_geneticos,,2052,,,,,,,1.0,,,,,,,,,,,,,,,
754,1,DDP,,Bosque_nativo_protegido,recursos_geneticos,,2053,,,,,,,1.0,,,,,,,,,,,,,,,
754,1,DDP,,Bosque_nativo_protegido,recursos_geneticos,,2054,,,,,,,1.0,,,,,,,,,,,,,,,
754,1,DDP,,Bosque_nativo_protegido,recursos_geneticos,,2055,,,,,,,1.0,,,,,,,,,,,,,,,
754,1,DDP,,Bosque_nativo_protegido,recursos_geneticos,,2056,,,,,,,1.0,,,,,,,,,,,,,,,
754,1,DDP,,Bosque_nativo_protegido,recursos_geneticos,,2057,,,,,,,1.0,,,,,,,,,,,,,,,
754,1,DDP,,Bosque_nativo_protegido,recursos_geneticos,,2058,,,,,,,1.0,,,,,,,,,,,,,,,
754,1,DDP,,Bosque_nativo_protegido,recursos_geneticos,,2059,,,,,,,1.0,,,,,,,,,,,,,,,
754,1,DDP,,Bosque_nativo_protegido,recursos_geneticos,,2060,,,,,,,1.0,,,,,,,,,,,,,,,
754,1,DDP,,Bosque_nativo_protegido,recursos_geneticos,,2061,,,,,,,1.0,,,,,,,,,,,,,,,
754,1,DDP,,Bosque_nativo_protegido,recursos_geneticos,,2062,,,,,,,1.0,,,,,,,,,,,,,,,
754,1,DDP,,Bosque_nativo_protegido,recursos_geneticos,,2063,,,,,,,1.0,,,,,,,,,,,,,,,
754,1,DDP,,Bosque_nativo_protegido,recursos_geneticos,,2064,,,,,,,1.0,,,,,,,,,,,,,,,
754,1,DDP,,Bosque_nativo_protegido,recursos_geneticos,,2065,,,,,,,1.0,,,,,,,,,,,,,,,
754,1,DDP,,Bosque_nativo_protegido,recursos_geneticos,,2066,,,,,,,1.0,,,,,,,,,,,,,,,
754,1,DDP,,Bosque_nativo_protegido,recursos_geneticos,,2067,,,,,,,1.0,,,,,,,,,,,,,,,
754,1,DDP,,Bosque_nativo_protegido,recursos_geneticos,,2068,,,,,,,1.0,,,,,,,,,,,,,,,
754,1,DDP,,Bosque_nativo_protegido,recursos_geneticos,,2069,,,,,,,1.0,,,,,,,,,,,,,,,
754,1,DDP,,Bosque_nativo_protegido,recursos_geneticos,,2070,,,,,,,1.0,,,,,,,,,,,,,,,
754,1,DDP,,Bosque_nativo_protegido,recursos_medicinales,,2018,,,,,,,1.0,,,,,,,,,,,,,,,
754,1,DDP,,Bosque_nativo_protegido,recursos_medicinales,,2019,,,,,,,1.0,,,,,,,,,,,,,,,
754,1,DDP,,Bosque_nativo_protegido,recursos_medicinales,,2020,,,,,,,1.0,,,,,,,,,,,,,,,
754,1,DDP,,Bosque_nativo_protegido,recursos_medicinales,,2021,,,,,,,1.0,,,,,,,,,,,,,,,
754,1,DDP,,Bosque_nativo_protegido,recursos_medicinales,,2022,,,,,,,1.0,,,,,,,,,,,,,,,
754,1,DDP,,Bosque_nativo_protegido,recursos_medicinales,,2023,,,,,,,1.0,,,,,,,,,,,,,,,
754,1,DDP,,Bosque_nativo_protegido,recursos_medicinales,,2024,,,,,,,1.0,,,,,,,,,,,,,,,
754,1,DDP,,Bosque_nativo_protegido,recursos_medicinales,,2025,,,,,,,1.0,,,,,,,,,,,,,,,
754,1,DDP,,Bosque_nativo_protegido,recursos_medicinales,,2026,,,,,,,1.0,,,,,,,,,,,,,,,
754,1,DDP,,Bosque_nativo_protegido,recursos_medicinales,,2027,,,,,,,1.0,,,,,,,,,,,,,,,
754,1,DDP,,Bosque_nativo_protegido,recursos_medicinales,,2028,,,,,,,1.0,,,,,,,,,,,,,,,
754,1,DDP,,Bosque_nativo_protegido,recursos_medicinales,,2029,,,,,,,1.0,,,,,,,,,,,,,,,
754,1,DDP,,Bosque_nativo_protegido,recursos_medicinales,,2030,,,,,,,1.0,,,,,,,,,,,,,,,
754,1,DDP,,Bosque_nativo_protegido,recursos_medicinales,,2031,,,,,,,1.0,,,,,,,,,,,,,,,
754,1,DDP,,Bosque_nativo_protegido,recursos_medicinales,,2032,,,,,,,1.0,,,,,,,,,,,,,,,
754,1,DDP,,Bosque_nativo_protegido,recursos_medicinales,,2033,,,,,,,1.0,,,,,,,,,,,,,,,
754,1,DDP,,Bosque_nativo_protegido,recursos_medicinales,,2034,,,,,,,1.0,,,,,,,,,,,,,,,
754,1,DDP,,Bosque_nativo_protegido,recursos_medicinales,,2035,,,,,,,1.0,,,,,,,,,,,,,,,
754,1,DDP,,Bosque_nativo_protegido,recursos_medicinales,,2036,,,,,,,1.0,,,,,,,,,,,,,,,
754,1,DDP,,Bosque_nativo_protegido,recursos_medicinales,,2037,,,,,,,1.0,,,,,,,,,,,,,,,
754,1,DDP,,Bosque_nativo_protegido,recursos_medicinales,,2038,,,,,,,1.0,,,,,,,,,,,,,,,
754,1,DDP,,Bosque_nativo_protegido,recursos_medicinales,,2039,,,,,,,1.0,,,,,,,,,,,,,,,
754,1,DDP,,Bosque_nativo_protegido,recursos_medicinales,,2040,,,,,,,1.0,,,,,,,,,,,,,,,
754,1,DDP,,Bosque_nativo_protegido,recursos_medicinales,,2041,,,,,,,1.0,,,,,,,,,,,,,,,
754,1,DDP,,Bosque_nativo_protegido,recursos_medicinales,,2042,,,,,,,1.0,,,,,,,,,,,,,,,
754,1,DDP,,Bosque_nativo_protegido,recursos_medicinales,,2043,,,,,,,1.0,,,,,,,,,,,,,,,
754,1,DDP,,Bosque_nativo_protegido,recursos_medicinales,,2044,,,,,,,1.0,,,,,,,,,,,,,,,
754,1,DDP,,Bosque_nativo_protegido,recursos_medicinales,,2045,,,,,,,1.0,,,,,,,,,,,,,,,
754,1,DDP,,Bosque_nativo_protegido,recursos_medicinales,,2046,,,,,,,1.0,,,,,,,,,,,,,,,
754,1,DDP,,Bosque_nativo_protegido,recursos_medicinales,,2047,,,,,,,1.0,,,,,,,,,,,,,,,
754,1,DDP,,Bosque_nativo_protegido,recursos_medicinales,,2048,,,,,,,1.0,,,,,,,,,,,,,,,
754,1,DDP,,Bosque_nativo_protegido,recursos_medicinales,,2049,,,,,,,1.0,,,,,,,,,,,,,,,
754,1,DDP,,Bosque_nativo_protegido,recursos_medicinales,,2050,,,,,,,1.0,,,,,,,,,,,,,,,
754,1,DDP,,Bosque_nativo_protegido,recursos_medicinales,,2051,,,,,,,1.0,,,,,,,,,,,,,,,
754,1,DDP,,Bosque_nativo_protegido,recursos_medicinales,,2052,,,,,,,1.0,,,,,,,,,,,,,,,
754,1,DDP,,Bosque_nativo_protegido,recursos_medicinales,,2053,,,,,,,1.0,,,,,,,,,,,,,,,
754,1,DDP,,Bosque_nativo_protegido,recursos_medicinales,,2054,,,,,,,1.0,,,,,,,,,,,,,,,
754,1,DDP,,Bosque_nativo_protegido,recursos_medicinales,,2055,,,,,,,1.0,,,,,,,,,,,,,,,
754,1,DDP,,Bosque_nativo_protegido,recursos_medicinales,,2056,,,,,,,1.0,,,,,,,,,,,,,,,
754,1,DDP,,Bosque_nativo_protegido,recursos_medicinales,,2057,,,,,,,1.0,,,,,,,,,,,,,,,
754,1,DDP,,Bosque_nativo_protegido,recursos_medicinales,,2058,,,,,,,1.0,,,,,,,,,,,,,,,
754,1,DDP,,Bosque_nativo_protegido,recursos_medicinales,,2059,,,,,,,1.0,,,,,,,,,,,,,,,
754,1,DDP,,Bosque_nativo_protegido,recursos_medicinales,,2060,,,,,,,1.0,,,,,,,,,,,,,,,
754,1,DDP,,Bosque_nativo_protegido,recursos_medicinales,,2061,,,,,,,1.0,,,,,,,,,,,,,,,
754,1,DDP,,Bosque_nativo_protegido,recursos_medicinales,,2062,,,,,,,1.0,,,,,,,,,,,,,,,
754,1,DDP,,Bosque_nativo_protegido,recursos_medicinales,,2063,,,,,,,1.0,,,,,,,,,,,,,,,
754,1,DDP,,Bosque_nativo_protegido,recursos_medicinales,,2064,,,,,,,1.0,,,,,,,,,,,,,,,
754,1,DDP,,Bosque_nativo_protegido,recursos_medicinales,,2065,,,,,,,1.0,,,,,,,,,,,,,,,
754,1,DDP,,Bosque_nativo_protegido,recursos_medicinales,,2066,,,,,,,1.0,,,,,,,,,,,,,,,
754,1,DDP,,Bosque_nativo_protegido,recursos_medicinales,,2067,,,,,,,1.0,,,,,,,,,,,,,,,
754,1,DDP,,Bosque_nativo_protegido,recursos_medicinales,,2068,,,,,,,1.0,,,,,,,,,,,,,,,
754,1,DDP,,Bosque_nativo_protegido,recursos_medicinales,,2069,,,,,,,1.0,,,,,,,,,,,,,,,
754,1,DDP,,Bosque_nativo_protegido,recursos_medicinales,,2070,,,,,,,1.0,,,,,,,,,,,,,,,
754,1,DDP,,Bosque_nativo_protegido,regulacion_aire,,2018,,,,,,,1.0,,,,,,,,,,,,,,,
754,1,DDP,,Bosque_nativo_protegido,regulacion_aire,,2019,,,,,,,1.0,,,,,,,,,,,,,,,
754,1,DDP,,Bosque_nativo_protegido,regulacion_aire,,2020,,,,,,,1.0,,,,,,,,,,,,,,,
754,1,DDP,,Bosque_nativo_protegido,regulacion_aire,,2021,,,,,,,1.0,,,,,,,,,,,,,,,
754,1,DDP,,Bosque_nativo_protegido,regulacion_aire,,2022,,,,,,,1.0,,,,,,,,,,,,,,,
754,1,DDP,,Bosque_nativo_protegido,regulacion_aire,,2023,,,,,,,1.0,,,,,,,,,,,,,,,
754,1,DDP,,Bosque_nativo_protegido,regulacion_aire,,2024,,,,,,,1.0,,,,,,,,,,,,,,,
754,1,DDP,,Bosque_nativo_protegido,regulacion_aire,,2025,,,,,,,1.0,,,,,,,,,,,,,,,
754,1,DDP,,Bosque_nativo_protegido,regulacion_aire,,2026,,,,,,,1.0,,,,,,,,,,,,,,,
754,1,DDP,,Bosque_nativo_protegido,regulacion_aire,,2027,,,,,,,1.0,,,,,,,,,,,,,,,
754,1,DDP,,Bosque_nativo_protegido,regulacion_aire,,2028,,,,,,,1.0,,,,,,,,,,,,,,,
754,1,DDP,,Bosque_nativo_protegido,regulacion_aire,,2029,,,,,,,1.0,,,,,,,,,,,,,,,
754,1,DDP,,Bosque_nativo_protegido,regulacion_aire,,2030,,,,,,,1.0,,,,,,,,,,,,,,,
754,1,DDP,,Bosque_nativo_protegido,regulacion_aire,,2031,,,,,,,1.0,,,,,,,,,,,,,,,
754,1,DDP,,Bosque_nativo_protegido,regulacion_aire,,2032,,,,,,,1.0,,,,,,,,,,,,,,,
754,1,DDP,,Bosque_nativo_protegido,regulacion_aire,,2033,,,,,,,1.0,,,,,,,,,,,,,,,
754,1,DDP,,Bosque_nativo_protegido,regulacion_aire,,2034,,,,,,,1.0,,,,,,,,,,,,,,,
754,1,DDP,,Bosque_nativo_protegido,regulacion_aire,,2035,,,,,,,1.0,,,,,,,,,,,,,,,
754,1,DDP,,Bosque_nativo_protegido,regulacion_aire,,2036,,,,,,,1.0,,,,,,,,,,,,,,,
754,1,DDP,,Bosque_nativo_protegido,regulacion_aire,,2037,,,,,,,1.0,,,,,,,,,,,,,,,
754,1,DDP,,Bosque_nativo_protegido,regulacion_aire,,2038,,,,,,,1.0,,,,,,,,,,,,,,,
754,1,DDP,,Bosque_nativo_protegido,regulacion_aire,,2039,,,,,,,1.0,,,,,,,,,,,,,,,
754,1,DDP,,Bosque_nativo_protegido,regulacion_aire,,2040,,,,,,,1.0,,,,,,,,,,,,,,,
754,1,DDP,,Bosque_nativo_protegido,regulacion_aire,,2041,,,,,,,1.0,,,,,,,,,,,,,,,
754,1,DDP,,Bosque_nativo_protegido,regulacion_aire,,2042,,,,,,,1.0,,,,,,,,,,,,,,,
754,1,DDP,,Bosque_nativo_protegido,regulacion_aire,,2043,,,,,,,1.0,,,,,,,,,,,,,,,
754,1,DDP,,Bosque_nativo_protegido,regulacion_aire,,2044,,,,,,,1.0,,,,,,,,,,,,,,,
754,1,DDP,,Bosque_nativo_protegido,regulacion_aire,,2045,,,,,,,1.0,,,,,,,,,,,,,,,
754,1,DDP,,Bosque_nativo_protegido,regulacion_aire,,2046,,,,,,,1.0,,,,,,,,,,,,,,,
754,1,DDP,,Bosque_nativo_protegido,regulacion_aire,,2047,,,,,,,1.0,,,,,,,,,,,,,,,
754,1,DDP,,Bosque_nativo_protegido,regulacion_aire,,2048,,,,,,,1.0,,,,,,,,,,,,,,,
754,1,DDP,,Bosque_nativo_protegido,regulacion_aire,,2049,,,,,,,1.0,,,,,,,,,,,,,,,
754,1,DDP,,Bosque_nativo_protegido,regulacion_aire,,2050,,,,,,,1.0,,,,,,,,,,,,,,,
754,1,DDP,,Bosque_nativo_protegido,regulacion_aire,,2051,,,,,,,1.0,,,,,,,,,,,,,,,
754,1,DDP,,Bosque_nativo_protegido,regulacion_aire,,2052,,,,,,,1.0,,,,,,,,,,,,,,,
754,1,DDP,,Bosque_nativo_protegido,regulacion_aire,,2053,,,,,,,1.0,,,,,,,,,,,,,,,
754,1,DDP,,Bosque_nativo_protegido,regulacion_aire,,2054,,,,,,,1.0,,,,,,,,,,,,,,,
754,1,DDP,,Bosque_nativo_protegido,regulacion_aire,,2055,,,,,,,1.0,,,,,,,,,,,,,,,
754,1,DDP,,Bosque_nativo_protegido,regulacion_aire,,2056,,,,,,,1.0,,,,,,,,,,,,,,,
754,1,DDP,,Bosque_nativo_protegido,regulacion_aire,,2057,,,,,,,1.0,,,,,,,,,,,,,,,
754,1,DDP,,Bosque_nativo_protegido,regulacion_aire,,2058,,,,,,,1.0,,,,,,,,,,,,,,,
754,1,DDP,,Bosque_nativo_protegido,regulacion_aire,,2059,,,,,,,1.0,,,,,,,,,,,,,,,
754,1,DDP,,Bosque_nativo_protegido,regulacion_aire,,2060,,,,,,,1.0,,,,,,,,,,,,,,,
754,1,DDP,,Bosque_nativo_protegido,regulacion_aire,,2061,,,,,,,1.0,,,,,,,,,,,,,,,
754,1,DDP,,Bosque_nativo_protegido,regulacion_aire,,2062,,,,,,,1.0,,,,,,,,,,,,,,,
754,1,DDP,,Bosque_nativo_protegido,regulacion_aire,,2063,,,,,,,1.0,,,,,,,,,,,,,,,
754,1,DDP,,Bosque_nativo_protegido,regulacion_aire,,2064,,,,,,,1.0,,,,,,,,,,,,,,,
754,1,DDP,,Bosque_nativo_protegido,regulacion_aire,,2065,,,,,,,1.0,,,,,,,,,,,,,,,
754,1,DDP,,Bosque_nativo_protegido,regulacion_aire,,2066,,,,,,,1.0,,,,,,,,,,,,,,,
754,1,DDP,,Bosque_nativo_protegido,regulacion_aire,,2067,,,,,,,1.0,,,,,,,,,,,,,,,
754,1,DDP,,Bosque_nativo_protegido,regulacion_aire,,2068,,,,,,,1.0,,,,,,,,,,,,,,,
754,1,DDP,,Bosque_nativo_protegido,regulacion_aire,,2069,,,,,,,1.0,,,,,,,,,,,,,,,
754,1,DDP,,Bosque_nativo_protegido,regulacion_aire,,2070,,,,,,,1.0,,,,,,,,,,,,,,,
754,1,DDP,,Bosque_nativo_protegido,moderacion_extremos,,2018,,,,,,,1.0,,639.5405734335358,,,,,,,0.0064052071578,,,,,,
754,1,DDP,,Bosque_nativo_protegido,moderacion_extremos,,2019,,,,,,,1.0,,681.3009846951754,,,,,,,0.01885118806989,,,,,,
754,1,DDP,,Bosque_nativo_protegido,moderacion_extremos,,2020,,,,,,,1.0,,805.8393952042089,,,,,,,0.0049142684844,,,,,,
754,1,DDP,,Bosque_nativo_protegido,moderacion_extremos,,2021,,,,,,,1.0,,1340.92958925279,,,,,,,0.0141248521953,,,,,,
754,1,DDP,,Bosque_nativo_protegido,moderacion_extremos,,2022,,,,,,,1.0,,1340.92958925279,,,,,,,0.0164003906710534,,,,,,
754,1,DDP,,Bosque_nativo_protegido,moderacion_extremos,,2023,,,,,,,1.0,,1340.92958925279,,,,,,,0.0164852412511923,,,,,,
754,1,DDP,,Bosque_nativo_protegido,moderacion_extremos,,2024,,,,,,,1.0,,1340.92958925279,,,,,,,0.0172111696991129,,,,,,
754,1,DDP,,Bosque_nativo_protegido,moderacion_extremos,,2025,,,,,,,1.0,,1340.92958925279,,,,,,,0.0198870828037166,,,,,,
754,1,DDP,,Bosque_nativo_protegido,moderacion_extremos,,2026,,,,,,,1.0,,1340.92958925279,,,,,,,0.0218935451958214,,,,,,
754,1,DDP,,Bosque_nativo_protegido,moderacion_extremos,,2027,,,,,,,1.0,,1340.92958925279,,,,,,,0.0252360764352865,,,,,,
754,1,DDP,,Bosque_nativo_protegido,moderacion_extremos,,2028,,,,,,,1.0,,1340.92958925279,,,,,,,0.0285366039805143,,,,,,
754,1,DDP,,Bosque_nativo_protegido,moderacion_extremos,,2029,,,,,,,1.0,,1340.92958925279,,,,,,,0.0317642637860181,,,,,,
754,1,DDP,,Bosque_nativo_protegido,moderacion_extremos,,2030,,,,,,,1.0,,1340.92958925279,,,,,,,0.0352582058421772,,,,,,
754,1,DDP,,Bosque_nativo_protegido,moderacion_extremos,,2031,,,,,,,1.0,,1340.92958925279,,,,,,,0.0307954775125872,,,,,,
754,1,DDP,,Bosque_nativo_protegido,moderacion_extremos,,2032,,,,,,,1.0,,1340.92958925279,,,,,,,0.0327289528737678,,,,,,
754,1,DDP,,Bosque_nativo_protegido,moderacion_extremos,,2033,,,,,,,1.0,,1340.92958925279,,,,,,,0.0345045460773455,,,,,,
754,1,DDP,,Bosque_nativo_protegido,moderacion_extremos,,2034,,,,,,,1.0,,1340.92958925279,,,,,,,0.0357372398893949,,,,,,
754,1,DDP,,Bosque_nativo_protegido,moderacion_extremos,,2035,,,,,,,1.0,,1340.92958925279,,,,,,,0.0364852231115671,,,,,,
754,1,DDP,,Bosque_nativo_protegido,moderacion_extremos,,2036,,,,,,,1.0,,1340.92958925279,,,,,,,0.0366563034967935,,,,,,
754,1,DDP,,Bosque_nativo_protegido,moderacion_extremos,,2037,,,,,,,1.0,,1340.92958925279,,,,,,,0.0378499539230971,,,,,,
754,1,DDP,,Bosque_nativo_protegido,moderacion_extremos,,2038,,,,,,,1.0,,1340.92958925279,,,,,,,0.0389089888485518,,,,,,
754,1,DDP,,Bosque_nativo_protegido,moderacion_extremos,,2039,,,,,,,1.0,,1340.92958925279,,,,,,,0.0399103509222684,,,,,,
754,1,DDP,,Bosque_nativo_protegido,moderacion_extremos,,2040,,,,,,,1.0,,1340.92958925279,,,,,,,0.0407459105906204,,,,,,
754,1,DDP,,Bosque_nativo_protegido,moderacion_extremos,,2041,,,,,,,1.0,,1340.92958925279,,,,,,,0.0416111843865924,,,,,,
754,1,DDP,,Bosque_nativo_protegido,moderacion_extremos,,2042,,,,,,,1.0,,1340.92958925279,,,,,,,0.0426337560059327,,,,,,
754,1,DDP,,Bosque_nativo_protegido,moderacion_extremos,,2043,,,,,,,1.0,,1340.92958925279,,,,,,,0.0434133105623371,,,,,,
754,1,DDP,,Bosque_nativo_protegido,moderacion_extremos,,2044,,,,,,,1.0,,1340.92958925279,,,,,,,0.0443668309231883,,,,,,
754,1,DDP,,Bosque_nativo_protegido,moderacion_extremos,,2045,,,,,,,1.0,,1340.92958925279,,,,,,,0.0451895165823862,,,,,,
754,1,DDP,,Bosque_nativo_protegido,moderacion_extremos,,2046,,,,,,,1.0,,1340.92958925279,,,,,,,0.0462361158137183,,,,,,
754,1,DDP,,Bosque_nativo_protegido,moderacion_extremos,,2047,,,,,,,1.0,,1340.92958925279,,,,,,,0.0471194191266721,,,,,,
754,1,DDP,,Bosque_nativo_protegido,moderacion_extremos,,2048,,,,,,,1.0,,1340.92958925279,,,,,,,0.0479803833372184,,,,,,
754,1,DDP,,Bosque_nativo_protegido,moderacion_extremos,,2049,,,,,,,1.0,,1340.92958925279,,,,,,,0.0488688487124548,,,,,,
754,1,DDP,,Bosque_nativo_protegido,moderacion_extremos,,2050,,,,,,,1.0,,1340.92958925279,,,,,,,0.0497664414213914,,,,,,
754,1,DDP,,Bosque_nativo_protegido,moderacion_extremos,,2051,,,,,,,1.0,,1340.92958925279,,,,,,,0.0507875840249753,,,,,,
754,1,DDP,,Bosque_nativo_protegido,moderacion_extremos,,2052,,,,,,,1.0,,1340.92958925279,,,,,,,0.0517210118857808,,,,,,
754,1,DDP,,Bosque_nativo_protegido,moderacion_extremos,,2053,,,,,,,1.0,,1340.92958925279,,,,,,,0.0526527464880652,,,,,,
754,1,DDP,,Bosque_nativo_protegido,moderacion_extremos,,2054,,,,,,,1.0,,1340.92958925279,,,,,,,0.0536143634935214,,,,,,
754,1,DDP,,Bosque_nativo_protegido,moderacion_extremos,,2055,,,,,,,1.0,,1340.92958925279,,,,,,,0.0545861865353609,,,,,,
754,1,DDP,,Bosque_nativo_protegido,moderacion_extremos,,2056,,,,,,,1.0,,1340.92958925279,,,,,,,0.0555854605617064,,,,,,
754,1,DDP,,Bosque_nativo_protegido,moderacion_extremos,,2057,,,,,,,1.0,,1340.92958925279,,,,,,,0.0565544837824384,,,,,,
754,1,DDP,,Bosque_nativo_protegido,moderacion_extremos,,2058,,,,,,,1.0,,1340.92958925279,,,,,,,0.0575328672358833,,,,,,
754,1,DDP,,Bosque_nativo_protegido,moderacion_extremos,,2059,,,,,,,1.0,,1340.92958925279,,,,,,,0.0585207736976829,,,,,,
754,1,DDP,,Bosque_nativo_protegido,moderacion_extremos,,2060,,,,,,,1.0,,1340.92958925279,,,,,,,0.0595138540793284,,,,,,
754,1,DDP,,Bosque_nativo_protegido,moderacion_extremos,,2061,,,,,,,1.0,,1340.92958925279,,,,,,,0.0605078736275747,,,,,,
754,1,DDP,,Bosque_nativo_protegido,moderacion_extremos,,2062,,,,,,,1.0,,1340.92958925279,,,,,,,0.061505274082876,,,,,,
754,1,DDP,,Bosque_nativo_protegido,moderacion_extremos,,2063,,,,,,,1.0,,1340.92958925279,,,,,,,0.0625070654055982,,,,,,
754,1,DDP,,Bosque_nativo_protegido,moderacion_extremos,,2064,,,,,,,1.0,,1340.92958925279,,,,,,,0.06351348393906,,,,,,
754,1,DDP,,Bosque_nativo_protegido,moderacion_extremos,,2065,,,,,,,1.0,,1340.92958925279,,,,,,,0.0645216939301939,,,,,,
754,1,DDP,,Bosque_nativo_protegido,moderacion_extremos,,2066,,,,,,,1.0,,1340.92958925279,,,,,,,0.0655314134117688,,,,,,
754,1,DDP,,Bosque_nativo_protegido,moderacion_extremos,,2067,,,,,,,1.0,,1340.92958925279,,,,,,,0.0665412384696351,,,,,,
754,1,DDP,,Bosque_nativo_protegido,moderacion_extremos,,2068,,,,,,,1.0,,1340.92958925279,,,,,,,0.0675530838727447,,,,,,
754,1,DDP,,Bosque_nativo_protegido,moderacion_extremos,,2069,,,,,,,1.0,,1340.92958925279,,,,,,,0.0685661654932496,,,,,,
754,1,DDP,,Bosque_nativo_protegido,moderacion_extremos,,2070,,,,,,,1.0,,1340.92958925279,,,,,,,0.0695797188987169,,,,,,
754,1,DDP,,Bosque_nativo_protegido,control_biologico,,2018,,,,,,,1.0,,,,,,,,,,,,,,,
754,1,DDP,,Bosque_nativo_protegido,control_biologico,,2019,,,,,,,1.0,,,,,,,,,,,,,,,
754,1,DDP,,Bosque_nativo_protegido,control_biologico,,2020,,,,,,,1.0,,,,,,,,,,,,,,,
754,1,DDP,,Bosque_nativo_protegido,control_biologico,,2021,,,,,,,1.0,,,,,,,,,,,,,,,
754,1,DDP,,Bosque_nativo_protegido,control_biologico,,2022,,,,,,,1.0,,,,,,,,,,,,,,,
754,1,DDP,,Bosque_nativo_protegido,control_biologico,,2023,,,,,,,1.0,,,,,,,,,,,,,,,
754,1,DDP,,Bosque_nativo_protegido,control_biologico,,2024,,,,,,,1.0,,,,,,,,,,,,,,,
754,1,DDP,,Bosque_nativo_protegido,control_biologico,,2025,,,,,,,1.0,,,,,,,,,,,,,,,
754,1,DDP,,Bosque_nativo_protegido,control_biologico,,2026,,,,,,,1.0,,,,,,,,,,,,,,,
754,1,DDP,,Bosque_nativo_protegido,control_biologico,,2027,,,,,,,1.0,,,,,,,,,,,,,,,
754,1,DDP,,Bosque_nativo_protegido,control_biologico,,2028,,,,,,,1.0,,,,,,,,,,,,,,,
754,1,DDP,,Bosque_nativo_protegido,control_biologico,,2029,,,,,,,1.0,,,,,,,,,,,,,,,
754,1,DDP,,Bosque_nativo_protegido,control_biologico,,2030,,,,,,,1.0,,,,,,,,,,,,,,,
754,1,DDP,,Bosque_nativo_protegido,control_biologico,,2031,,,,,,,1.0,,,,,,,,,,,,,,,
754,1,DDP,,Bosque_nativo_protegido,control_biologico,,2032,,,,,,,1.0,,,,,,,,,,,,,,,
754,1,DDP,,Bosque_nativo_protegido,control_biologico,,2033,,,,,,,1.0,,,,,,,,,,,,,,,
754,1,DDP,,Bosque_nativo_protegido,control_biologico,,2034,,,,,,,1.0,,,,,,,,,,,,,,,
754,1,DDP,,Bosque_nativo_protegido,control_biologico,,2035,,,,,,,1.0,,,,,,,,,,,,,,,
754,1,DDP,,Bosque_nativo_protegido,control_biologico,,2036,,,,,,,1.0,,,,,,,,,,,,,,,
754,1,DDP,,Bosque_nativo_protegido,control_biologico,,2037,,,,,,,1.0,,,,,,,,,,,,,,,
754,1,DDP,,Bosque_nativo_protegido,control_biologico,,2038,,,,,,,1.0,,,,,,,,,,,,,,,
754,1,DDP,,Bosque_nativo_protegido,control_biologico,,2039,,,,,,,1.0,,,,,,,,,,,,,,,
754,1,DDP,,Bosque_nativo_protegido,control_biologico,,2040,,,,,,,1.0,,,,,,,,,,,,,,,
754,1,DDP,,Bosque_nativo_protegido,control_biologico,,2041,,,,,,,1.0,,,,,,,,,,,,,,,
754,1,DDP,,Bosque_nativo_protegido,control_biologico,,2042,,,,,,,1.0,,,,,,,,,,,,,,,
754,1,DDP,,Bosque_nativo_protegido,control_biologico,,2043,,,,,,,1.0,,,,,,,,,,,,,,,
754,1,DDP,,Bosque_nativo_protegido,control_biologico,,2044,,,,,,,1.0,,,,,,,,,,,,,,,
754,1,DDP,,Bosque_nativo_protegido,control_biologico,,2045,,,,,,,1.0,,,,,,,,,,,,,,,
754,1,DDP,,Bosque_nativo_protegido,control_biologico,,2046,,,,,,,1.0,,,,,,,,,,,,,,,
754,1,DDP,,Bosque_nativo_protegido,control_biologico,,2047,,,,,,,1.0,,,,,,,,,,,,,,,
754,1,DDP,,Bosque_nativo_protegido,control_biologico,,2048,,,,,,,1.0,,,,,,,,,,,,,,,
754,1,DDP,,Bosque_nativo_protegido,control_biologico,,2049,,,,,,,1.0,,,,,,,,,,,,,,,
754,1,DDP,,Bosque_nativo_protegido,control_biologico,,2050,,,,,,,1.0,,,,,,,,,,,,,,,
754,1,DDP,,Bosque_nativo_protegido,control_biologico,,2051,,,,,,,1.0,,,,,,,,,,,,,,,
754,1,DDP,,Bosque_nativo_protegido,control_biologico,,2052,,,,,,,1.0,,,,,,,,,,,,,,,
754,1,DDP,,Bosque_nativo_protegido,control_biologico,,2053,,,,,,,1.0,,,,,,,,,,,,,,,
754,1,DDP,,Bosque_nativo_protegido,control_biologico,,2054,,,,,,,1.0,,,,,,,,,,,,,,,
754,1,DDP,,Bosque_nativo_protegido,control_biologico,,2055,,,,,,,1.0,,,,,,,,,,,,,,,
754,1,DDP,,Bosque_nativo_protegido,control_biologico,,2056,,,,,,,1.0,,,,,,,,,,,,,,,
754,1,DDP,,Bosque_nativo_protegido,control_biologico,,2057,,,,,,,1.0,,,,,,,,,,,,,,,
754,1,DDP,,Bosque_nativo_protegido,control_biologico,,2058,,,,,,,1.0,,,,,,,,,,,,,,,
754,1,DDP,,Bosque_nativo_protegido,control_biologico,,2059,,,,,,,1.0,,,,,,,,,,,,,,,
754,1,DDP,,Bosque_nativo_protegido,control_biologico,,2060,,,,,,,1.0,,,,,,,,,,,,,,,
754,1,DDP,,Bosque_nativo_protegido,control_biologico,,2061,,,,,,,1.0,,,,,,,,,,,,,,,
754,1,DDP,,Bosque_nativo_protegido,control_biologico,,2062,,,,,,,1.0,,,,,,,,,,,,,,,
754,1,DDP,,Bosque_nativo_protegido,control_biologico,,2063,,,,,,,1.0,,,,,,,,,,,,,,,
754,1,DDP,,Bosque_nativo_protegido,control_biologico,,2064,,,,,,,1.0,,,,,,,,,,,,,,,
754,1,DDP,,Bosque_nativo_protegido,control_biologico,,2065,,,,,,,1.0,,,,,,,,,,,,,,,
754,1,DDP,,Bosque_nativo_protegido,control_biologico,,2066,,,,,,,1.0,,,,,,,,,,,,,,,
754,1,DDP,,Bosque_nativo_protegido,control_biologico,,2067,,,,,,,1.0,,,,,,,,,,,,,,,
754,1,DDP,,Bosque_nativo_protegido,control_biologico,,2068,,,,,,,1.0,,,,,,,,,,,,,,,
754,1,DDP,,Bosque_nativo_protegido,control_biologico,,2069,,,,,,,1.0,,,,,,,,,,,,,,,
754,1,DDP,,Bosque_nativo_protegido,control_biologico,,2070,,,,,,,1.0,,,,,,,,,,,,,,,
754,1,DDP,,Bosque_nativo_protegido,manten_migracion_especies,,2018,,,,,,,1.0,,,,,,,,,,,,,,,
754,1,DDP,,Bosque_nativo_protegido,manten_migracion_especies,,2019,,,,,,,1.0,,,,,,,,,,,,,,,
754,1,DDP,,Bosque_nativo_protegido,manten_migracion_especies,,2020,,,,,,,1.0,,,,,,,,,,,,,,,
754,1,DDP,,Bosque_nativo_protegido,manten_migracion_especies,,2021,,,,,,,1.0,,,,,,,,,,,,,,,
754,1,DDP,,Bosque_nativo_protegido,manten_migracion_especies,,2022,,,,,,,1.0,,,,,,,,,,,,,,,
754,1,DDP,,Bosque_nativo_protegido,manten_migracion_especies,,2023,,,,,,,1.0,,,,,,,,,,,,,,,
754,1,DDP,,Bosque_nativo_protegido,manten_migracion_especies,,2024,,,,,,,1.0,,,,,,,,,,,,,,,
754,1,DDP,,Bosque_nativo_protegido,manten_migracion_especies,,2025,,,,,,,1.0,,,,,,,,,,,,,,,
754,1,DDP,,Bosque_nativo_protegido,manten_migracion_especies,,2026,,,,,,,1.0,,,,,,,,,,,,,,,
754,1,DDP,,Bosque_nativo_protegido,manten_migracion_especies,,2027,,,,,,,1.0,,,,,,,,,,,,,,,
754,1,DDP,,Bosque_nativo_protegido,manten_migracion_especies,,2028,,,,,,,1.0,,,,,,,,,,,,,,,
754,1,DDP,,Bosque_nativo_protegido,manten_migracion_especies,,2029,,,,,,,1.0,,,,,,,,,,,,,,,
754,1,DDP,,Bosque_nativo_protegido,manten_migracion_especies,,2030,,,,,,,1.0,,,,,,,,,,,,,,,
754,1,DDP,,Bosque_nativo_protegido,manten_migracion_especies,,2031,,,,,,,1.0,,,,,,,,,,,,,,,
754,1,DDP,,Bosque_nativo_protegido,manten_migracion_especies,,2032,,,,,,,1.0,,,,,,,,,,,,,,,
754,1,DDP,,Bosque_nativo_protegido,manten_migracion_especies,,2033,,,,,,,1.0,,,,,,,,,,,,,,,
754,1,DDP,,Bosque_nativo_protegido,manten_migracion_especies,,2034,,,,,,,1.0,,,,,,,,,,,,,,,
754,1,DDP,,Bosque_nativo_protegido,manten_migracion_especies,,2035,,,,,,,1.0,,,,,,,,,,,,,,,
754,1,DDP,,Bosque_nativo_protegido,manten_migracion_especies,,2036,,,,,,,1.0,,,,,,,,,,,,,,,
754,1,DDP,,Bosque_nativo_protegido,manten_migracion_especies,,2037,,,,,,,1.0,,,,,,,,,,,,,,,
754,1,DDP,,Bosque_nativo_protegido,manten_migracion_especies,,2038,,,,,,,1.0,,,,,,,,,,,,,,,
754,1,DDP,,Bosque_nativo_protegido,manten_migracion_especies,,2039,,,,,,,1.0,,,,,,,,,,,,,,,
754,1,DDP,,Bosque_nativo_protegido,manten_migracion_especies,,2040,,,,,,,1.0,,,,,,,,,,,,,,,
754,1,DDP,,Bosque_nativo_protegido,manten_migracion_especies,,2041,,,,,,,1.0,,,,,,,,,,,,,,,
754,1,DDP,,Bosque_nativo_protegido,manten_migracion_especies,,2042,,,,,,,1.0,,,,,,,,,,,,,,,
754,1,DDP,,Bosque_nativo_protegido,manten_migracion_especies,,2043,,,,,,,1.0,,,,,,,,,,,,,,,
754,1,DDP,,Bosque_nativo_protegido,manten_migracion_especies,,2044,,,,,,,1.0,,,,,,,,,,,,,,,
754,1,DDP,,Bosque_nativo_protegido,manten_migracion_especies,,2045,,,,,,,1.0,,,,,,,,,,,,,,,
754,1,DDP,,Bosque_nativo_protegido,manten_migracion_especies,,2046,,,,,,,1.0,,,,,,,,,,,,,,,
754,1,DDP,,Bosque_nativo_protegido,manten_migracion_especies,,2047,,,,,,,1.0,,,,,,,,,,,,,,,
754,1,DDP,,Bosque_nativo_protegido,manten_migracion_especies,,2048,,,,,,,1.0,,,,,,,,,,,,,,,
754,1,DDP,,Bosque_nativo_protegido,manten_migracion_especies,,2049,,,,,,,1.0,,,,,,,,,,,,,,,
754,1,DDP,,Bosque_nativo_protegido,manten_migracion_especies,,2050,,,,,,,1.0,,,,,,,,,,,,,,,
754,1,DDP,,Bosque_nativo_protegido,manten_migracion_especies,,2051,,,,,,,1.0,,,,,,,,,,,,,,,
754,1,DDP,,Bosque_nativo_protegido,manten_migracion_especies,,2052,,,,,,,1.0,,,,,,,,,,,,,,,
754,1,DDP,,Bosque_nativo_protegido,manten_migracion_especies,,2053,,,,,,,1.0,,,,,,,,,,,,,,,
754,1,DDP,,Bosque_nativo_protegido,manten_migracion_especies,,2054,,,,,,,1.0,,,,,,,,,,,,,,,
754,1,DDP,,Bosque_nativo_protegido,manten_migracion_especies,,2055,,,,,,,1.0,,,,,,,,,,,,,,,
754,1,DDP,,Bosque_nativo_protegido,manten_migracion_especies,,2056,,,,,,,1.0,,,,,,,,,,,,,,,
754,1,DDP,,Bosque_nativo_protegido,manten_migracion_especies,,2057,,,,,,,1.0,,,,,,,,,,,,,,,
754,1,DDP,,Bosque_nativo_protegido,manten_migracion_especies,,2058,,,,,,,1.0,,,,,,,,,,,,,,,
754,1,DDP,,Bosque_nativo_protegido,manten_migracion_especies,,2059,,,,,,,1.0,,,,,,,,,,,,,,,
754,1,DDP,,Bosque_nativo_protegido,manten_migracion_especies,,2060,,,,,,,1.0,,,,,,,,,,,,,,,
754,1,DDP,,Bosque_nativo_protegido,manten_migracion_especies,,2061,,,,,,,1.0,,,,,,,,,,,,,,,
754,1,DDP,,Bosque_nativo_protegido,manten_migracion_especies,,2062,,,,,,,1.0,,,,,,,,,,,,,,,
754,1,DDP,,Bosque_nativo_protegido,manten_migracion_especies,,2063,,,,,,,1.0,,,,,,,,,,,,,,,
754,1,DDP,,Bosque_nativo_protegido,manten_migracion_especies,,2064,,,,,,,1.0,,,,,,,,,,,,,,,
754,1,DDP,,Bosque_nativo_protegido,manten_migracion_especies,,2065,,,,,,,1.0,,,,,,,,,,,,,,,
754,1,DDP,,Bosque_nativo_protegido,manten_migracion_especies,,2066,,,,,,,1.0,,,,,,,,,,,,,,,
754,1,DDP,,Bosque_nativo_protegido,manten_migracion_especies,,2067,,,,,,,1.0,,,,,,,,,,,,,,,
754,1,DDP,,Bosque_nativo_protegido,manten_migracion_especies,,2068,,,,,,,1.0,,,,,,,,,,,,,,,
754,1,DDP,,Bosque_nativo_protegido,manten_migracion_especies,,2069,,,,,,,1.0,,,,,,,,,,,,,,,
754,1,DDP,,Bosque_nativo_protegido,manten_migracion_especies,,2070,,,,,,,1.0,,,,,,,,,,,,,,,
754,1,DDP,,Ganaderia_importada,horas_ahorradas,,2018,,,,,,,1.0,,,,,,,,,,,,,,,
754,1,DDP,,Ganaderia_importada,horas_ahorradas,,2019,,,,,,,1.0,,,,,,,,,,,,,,,
754,1,DDP,,Ganaderia_importada,horas_ahorradas,,2020,,,,,,,1.0,,,,,,,,,,,,,,,
754,1,DDP,,Ganaderia_importada,horas_ahorradas,,2021,,,,,,,1.0,,,,,,,,,,,,,,,
754,1,DDP,,Ganaderia_importada,horas_ahorradas,,2022,,,,,,,1.0,,,,,,,,,,,,,,,
754,1,DDP,,Ganaderia_importada,horas_ahorradas,,2023,,,,,,,1.0,,,,,,,,,,,,,,,
754,1,DDP,,Ganaderia_importada,horas_ahorradas,,2024,,,,,,,1.0,,,,,,,,,,,,,,,
754,1,DDP,,Ganaderia_importada,horas_ahorradas,,2025,,,,,,,1.0,,,,,,,,,,,,,,,
754,1,DDP,,Ganaderia_importada,horas_ahorradas,,2026,,,,,,,1.0,,,,,,,,,,,,,,,
754,1,DDP,,Ganaderia_importada,horas_ahorradas,,2027,,,,,,,1.0,,,,,,,,,,,,,,,
754,1,DDP,,Ganaderia_importada,horas_ahorradas,,2028,,,,,,,1.0,,,,,,,,,,,,,,,
754,1,DDP,,Ganaderia_importada,horas_ahorradas,,2029,,,,,,,1.0,,,,,,,,,,,,,,,
754,1,DDP,,Ganaderia_importada,horas_ahorradas,,2030,,,,,,,1.0,,,,,,,,,,,,,,,
754,1,DDP,,Ganaderia_importada,horas_ahorradas,,2031,,,,,,,1.0,,,,,,,,,,,,,,,
754,1,DDP,,Ganaderia_importada,horas_ahorradas,,2032,,,,,,,1.0,,,,,,,,,,,,,,,
754,1,DDP,,Ganaderia_importada,horas_ahorradas,,2033,,,,,,,1.0,,,,,,,,,,,,,,,
754,1,DDP,,Ganaderia_importada,horas_ahorradas,,2034,,,,,,,1.0,,,,,,,,,,,,,,,
754,1,DDP,,Ganaderia_importada,horas_ahorradas,,2035,,,,,,,1.0,,,,,,,,,,,,,,,
754,1,DDP,,Ganaderia_importada,horas_ahorradas,,2036,,,,,,,1.0,,,,,,,,,,,,,,,
754,1,DDP,,Ganaderia_importada,horas_ahorradas,,2037,,,,,,,1.0,,,,,,,,,,,,,,,
754,1,DDP,,Ganaderia_importada,horas_ahorradas,,2038,,,,,,,1.0,,,,,,,,,,,,,,,
754,1,DDP,,Ganaderia_importada,horas_ahorradas,,2039,,,,,,,1.0,,,,,,,,,,,,,,,
754,1,DDP,,Ganaderia_importada,horas_ahorradas,,2040,,,,,,,1.0,,,,,,,,,,,,,,,
754,1,DDP,,Ganaderia_importada,horas_ahorradas,,2041,,,,,,,1.0,,,,,,,,,,,,,,,
754,1,DDP,,Ganaderia_importada,horas_ahorradas,,2042,,,,,,,1.0,,,,,,,,,,,,,,,
754,1,DDP,,Ganaderia_importada,horas_ahorradas,,2043,,,,,,,1.0,,,,,,,,,,,,,,,
754,1,DDP,,Ganaderia_importada,horas_ahorradas,,2044,,,,,,,1.0,,,,,,,,,,,,,,,
754,1,DDP,,Ganaderia_importada,horas_ahorradas,,2045,,,,,,,1.0,,,,,,,,,,,,,,,
754,1,DDP,,Ganaderia_importada,horas_ahorradas,,2046,,,,,,,1.0,,,,,,,,,,,,,,,
754,1,DDP,,Ganaderia_importada,horas_ahorradas,,2047,,,,,,,1.0,,,,,,,,,,,,,,,
754,1,DDP,,Ganaderia_importada,horas_ahorradas,,2048,,,,,,,1.0,,,,,,,,,,,,,,,
754,1,DDP,,Ganaderia_importada,horas_ahorradas,,2049,,,,,,,1.0,,,,,,,,,,,,,,,
754,1,DDP,,Ganaderia_importada,horas_ahorradas,,2050,,,,,,,1.0,,,,,,,,,,,,,,,
754,1,DDP,,Ganaderia_importada,horas_ahorradas,,2051,,,,,,,1.0,,,,,,,,,,,,,,,
754,1,DDP,,Ganaderia_importada,horas_ahorradas,,2052,,,,,,,1.0,,,,,,,,,,,,,,,
754,1,DDP,,Ganaderia_importada,horas_ahorradas,,2053,,,,,,,1.0,,,,,,,,,,,,,,,
754,1,DDP,,Ganaderia_importada,horas_ahorradas,,2054,,,,,,,1.0,,,,,,,,,,,,,,,
754,1,DDP,,Ganaderia_importada,horas_ahorradas,,2055,,,,,,,1.0,,,,,,,,,,,,,,,
754,1,DDP,,Ganaderia_importada,horas_ahorradas,,2056,,,,,,,1.0,,,,,,,,,,,,,,,
754,1,DDP,,Ganaderia_importada,horas_ahorradas,,2057,,,,,,,1.0,,,,,,,,,,,,,,,
754,1,DDP,,Ganaderia_importada,horas_ahorradas,,2058,,,,,,,1.0,,,,,,,,,,,,,,,
754,1,DDP,,Ganaderia_importada,horas_ahorradas,,2059,,,,,,,1.0,,,,,,,,,,,,,,,
754,1,DDP,,Ganaderia_importada,horas_ahorradas,,2060,,,,,,,1.0,,,,,,,,,,,,,,,
754,1,DDP,,Ganaderia_importada,horas_ahorradas,,2061,,,,,,,1.0,,,,,,,,,,,,,,,
754,1,DDP,,Ganaderia_importada,horas_ahorradas,,2062,,,,,,,1.0,,,,,,,,,,,,,,,
754,1,DDP,,Ganaderia_importada,horas_ahorradas,,2063,,,,,,,1.0,,,,,,,,,,,,,,,
754,1,DDP,,Ganaderia_importada,horas_ahorradas,,2064,,,,,,,1.0,,,,,,,,,,,,,,,
754,1,DDP,,Ganaderia_importada,horas_ahorradas,,2065,,,,,,,1.0,,,,,,,,,,,,,,,
754,1,DDP,,Ganaderia_importada,horas_ahorradas,,2066,,,,,,,1.0,,,,,,,,,,,,,,,
754,1,DDP,,Ganaderia_importada,horas_ahorradas,,2067,,,,,,,1.0,,,,,,,,,,,,,,,
754,1,DDP,,Ganaderia_importada,horas_ahorradas,,2068,,,,,,,1.0,,,,,,,,,,,,,,,
754,1,DDP,,Ganaderia_importada,horas_ahorradas,,2069,,,,,,,1.0,,,,,,,,,,,,,,,
754,1,DDP,,Ganaderia_importada,horas_ahorradas,,2070,,,,,,,1.0,,,,,,,,,,,,,,,
754,1,DDP,,Ganaderia_criolla,horas_ahorradas,,2018,,,,,,,1.0,,,,,,,,,,,,,,,
754,1,DDP,,Ganaderia_criolla,horas_ahorradas,,2019,,,,,,,1.0,,,,,,,,,,,,,,,
754,1,DDP,,Ganaderia_criolla,horas_ahorradas,,2020,,,,,,,1.0,,,,,,,,,,,,,,,
754,1,DDP,,Ganaderia_criolla,horas_ahorradas,,2021,,,,,,,1.0,,,,,,,,,,,,,,,
754,1,DDP,,Ganaderia_criolla,horas_ahorradas,,2022,,,,,,,1.0,,,,,,,,,,,,,,,
754,1,DDP,,Ganaderia_criolla,horas_ahorradas,,2023,,,,,,,1.0,,,,,,,,,,,,,,,
754,1,DDP,,Ganaderia_criolla,horas_ahorradas,,2024,,,,,,,1.0,,,,,,,,,,,,,,,
754,1,DDP,,Ganaderia_criolla,horas_ahorradas,,2025,,,,,,,1.0,,,,,,,,,,,,,,,
754,1,DDP,,Ganaderia_criolla,horas_ahorradas,,2026,,,,,,,1.0,,,,,,,,,,,,,,,
754,1,DDP,,Ganaderia_criolla,horas_ahorradas,,2027,,,,,,,1.0,,,,,,,,,,,,,,,
754,1,DDP,,Ganaderia_criolla,horas_ahorradas,,2028,,,,,,,1.0,,,,,,,,,,,,,,,
754,1,DDP,,Ganaderia_criolla,horas_ahorradas,,2029,,,,,,,1.0,,,,,,,,,,,,,,,
754,1,DDP,,Ganaderia_criolla,horas_ahorradas,,2030,,,,,,,1.0,,,,,,,,,,,,,,,
754,1,DDP,,Ganaderia_criolla,horas_ahorradas,,2031,,,,,,,1.0,,,,,,,,,,,,,,,
754,1,DDP,,Ganaderia_criolla,horas_ahorradas,,2032,,,,,,,1.0,,,,,,,,,,,,,,,
754,1,DDP,,Ganaderia_criolla,horas_ahorradas,,2033,,,,,,,1.0,,,,,,,,,,,,,,,
754,1,DDP,,Ganaderia_criolla,horas_ahorradas,,2034,,,,,,,1.0,,,,,,,,,,,,,,,
754,1,DDP,,Ganaderia_criolla,horas_ahorradas,,2035,,,,,,,1.0,,,,,,,,,,,,,,,
754,1,DDP,,Ganaderia_criolla,horas_ahorradas,,2036,,,,,,,1.0,,,,,,,,,,,,,,,
754,1,DDP,,Ganaderia_criolla,horas_ahorradas,,2037,,,,,,,1.0,,,,,,,,,,,,,,,
754,1,DDP,,Ganaderia_criolla,horas_ahorradas,,2038,,,,,,,1.0,,,,,,,,,,,,,,,
754,1,DDP,,Ganaderia_criolla,horas_ahorradas,,2039,,,,,,,1.0,,,,,,,,,,,,,,,
754,1,DDP,,Ganaderia_criolla,horas_ahorradas,,2040,,,,,,,1.0,,,,,,,,,,,,,,,
754,1,DDP,,Ganaderia_criolla,horas_ahorradas,,2041,,,,,,,1.0,,,,,,,,,,,,,,,
754,1,DDP,,Ganaderia_criolla,horas_ahorradas,,2042,,,,,,,1.0,,,,,,,,,,,,,,,
754,1,DDP,,Ganaderia_criolla,horas_ahorradas,,2043,,,,,,,1.0,,,,,,,,,,,,,,,
754,1,DDP,,Ganaderia_criolla,horas_ahorradas,,2044,,,,,,,1.0,,,,,,,,,,,,,,,
754,1,DDP,,Ganaderia_criolla,horas_ahorradas,,2045,,,,,,,1.0,,,,,,,,,,,,,,,
754,1,DDP,,Ganaderia_criolla,horas_ahorradas,,2046,,,,,,,1.0,,,,,,,,,,,,,,,
754,1,DDP,,Ganaderia_criolla,horas_ahorradas,,2047,,,,,,,1.0,,,,,,,,,,,,,,,
754,1,DDP,,Ganaderia_criolla,horas_ahorradas,,2048,,,,,,,1.0,,,,,,,,,,,,,,,
754,1,DDP,,Ganaderia_criolla,horas_ahorradas,,2049,,,,,,,1.0,,,,,,,,,,,,,,,
754,1,DDP,,Ganaderia_criolla,horas_ahorradas,,2050,,,,,,,1.0,,,,,,,,,,,,,,,
754,1,DDP,,Ganaderia_criolla,horas_ahorradas,,2051,,,,,,,1.0,,,,,,,,,,,,,,,
754,1,DDP,,Ganaderia_criolla,horas_ahorradas,,2052,,,,,,,1.0,,,,,,,,,,,,,,,
754,1,DDP,,Ganaderia_criolla,horas_ahorradas,,2053,,,,,,,1.0,,,,,,,,,,,,,,,
754,1,DDP,,Ganaderia_criolla,horas_ahorradas,,2054,,,,,,,1.0,,,,,,,,,,,,,,,
754,1,DDP,,Ganaderia_criolla,horas_ahorradas,,2055,,,,,,,1.0,,,,,,,,,,,,,,,
754,1,DDP,,Ganaderia_criolla,horas_ahorradas,,2056,,,,,,,1.0,,,,,,,,,,,,,,,
754,1,DDP,,Ganaderia_criolla,horas_ahorradas,,2057,,,,,,,1.0,,,,,,,,,,,,,,,
754,1,DDP,,Ganaderia_criolla,horas_ahorradas,,2058,,,,,,,1.0,,,,,,,,,,,,,,,
754,1,DDP,,Ganaderia_criolla,horas_ahorradas,,2059,,,,,,,1.0,,,,,,,,,,,,,,,
754,1,DDP,,Ganaderia_criolla,horas_ahorradas,,2060,,,,,,,1.0,,,,,,,,,,,,,,,
754,1,DDP,,Ganaderia_criolla,horas_ahorradas,,2061,,,,,,,1.0,,,,,,,,,,,,,,,
754,1,DDP,,Ganaderia_criolla,horas_ahorradas,,2062,,,,,,,1.0,,,,,,,,,,,,,,,
754,1,DDP,,Ganaderia_criolla,horas_ahorradas,,2063,,,,,,,1.0,,,,,,,,,,,,,,,
754,1,DDP,,Ganaderia_criolla,horas_ahorradas,,2064,,,,,,,1.0,,,,,,,,,,,,,,,
754,1,DDP,,Ganaderia_criolla,horas_ahorradas,,2065,,,,,,,1.0,,,,,,,,,,,,,,,
754,1,DDP,,Ganaderia_criolla,horas_ahorradas,,2066,,,,,,,1.0,,,,,,,,,,,,,,,
754,1,DDP,,Ganaderia_criolla,horas_ahorradas,,2067,,,,,,,1.0,,,,,,,,,,,,,,,
754,1,DDP,,Ganaderia_criolla,horas_ahorradas,,2068,,,,,,,1.0,,,,,,,,,,,,,,,
754,1,DDP,,Ganaderia_criolla,horas_ahorradas,,2069,,,,,,,1.0,,,,,,,,,,,,,,,
754,1,DDP,,Ganaderia_criolla,horas_ahorradas,,2070,,,,,,,1.0,,,,,,,,,,,,,,,
754,1,DDP,,Ganaderia_mestiza,horas_ahorradas,,2018,,,,,,,1.0,,,,,,,,,,,,,,,
754,1,DDP,,Ganaderia_mestiza,horas_ahorradas,,2019,,,,,,,1.0,,,,,,,,,,,,,,,
754,1,DDP,,Ganaderia_mestiza,horas_ahorradas,,2020,,,,,,,1.0,,,,,,,,,,,,,,,
754,1,DDP,,Ganaderia_mestiza,horas_ahorradas,,2021,,,,,,,1.0,,,,,,,,,,,,,,,
754,1,DDP,,Ganaderia_mestiza,horas_ahorradas,,2022,,,,,,,1.0,,,,,,,,,,,,,,,
754,1,DDP,,Ganaderia_mestiza,horas_ahorradas,,2023,,,,,,,1.0,,,,,,,,,,,,,,,
754,1,DDP,,Ganaderia_mestiza,horas_ahorradas,,2024,,,,,,,1.0,,,,,,,,,,,,,,,
754,1,DDP,,Ganaderia_mestiza,horas_ahorradas,,2025,,,,,,,1.0,,,,,,,,,,,,,,,
754,1,DDP,,Ganaderia_mestiza,horas_ahorradas,,2026,,,,,,,1.0,,,,,,,,,,,,,,,
754,1,DDP,,Ganaderia_mestiza,horas_ahorradas,,2027,,,,,,,1.0,,,,,,,,,,,,,,,
754,1,DDP,,Ganaderia_mestiza,horas_ahorradas,,2028,,,,,,,1.0,,,,,,,,,,,,,,,
754,1,DDP,,Ganaderia_mestiza,horas_ahorradas,,2029,,,,,,,1.0,,,,,,,,,,,,,,,
754,1,DDP,,Ganaderia_mestiza,horas_ahorradas,,2030,,,,,,,1.0,,,,,,,,,,,,,,,
754,1,DDP,,Ganaderia_mestiza,horas_ahorradas,,2031,,,,,,,1.0,,,,,,,,,,,,,,,
754,1,DDP,,Ganaderia_mestiza,horas_ahorradas,,2032,,,,,,,1.0,,,,,,,,,,,,,,,
754,1,DDP,,Ganaderia_mestiza,horas_ahorradas,,2033,,,,,,,1.0,,,,,,,,,,,,,,,
754,1,DDP,,Ganaderia_mestiza,horas_ahorradas,,2034,,,,,,,1.0,,,,,,,,,,,,,,,
754,1,DDP,,Ganaderia_mestiza,horas_ahorradas,,2035,,,,,,,1.0,,,,,,,,,,,,,,,
754,1,DDP,,Ganaderia_mestiza,horas_ahorradas,,2036,,,,,,,1.0,,,,,,,,,,,,,,,
754,1,DDP,,Ganaderia_mestiza,horas_ahorradas,,2037,,,,,,,1.0,,,,,,,,,,,,,,,
754,1,DDP,,Ganaderia_mestiza,horas_ahorradas,,2038,,,,,,,1.0,,,,,,,,,,,,,,,
754,1,DDP,,Ganaderia_mestiza,horas_ahorradas,,2039,,,,,,,1.0,,,,,,,,,,,,,,,
754,1,DDP,,Ganaderia_mestiza,horas_ahorradas,,2040,,,,,,,1.0,,,,,,,,,,,,,,,
754,1,DDP,,Ganaderia_mestiza,horas_ahorradas,,2041,,,,,,,1.0,,,,,,,,,,,,,,,
754,1,DDP,,Ganaderia_mestiza,horas_ahorradas,,2042,,,,,,,1.0,,,,,,,,,,,,,,,
754,1,DDP,,Ganaderia_mestiza,horas_ahorradas,,2043,,,,,,,1.0,,,,,,,,,,,,,,,
754,1,DDP,,Ganaderia_mestiza,horas_ahorradas,,2044,,,,,,,1.0,,,,,,,,,,,,,,,
754,1,DDP,,Ganaderia_mestiza,horas_ahorradas,,2045,,,,,,,1.0,,,,,,,,,,,,,,,
754,1,DDP,,Ganaderia_mestiza,horas_ahorradas,,2046,,,,,,,1.0,,,,,,,,,,,,,,,
754,1,DDP,,Ganaderia_mestiza,horas_ahorradas,,2047,,,,,,,1.0,,,,,,,,,,,,,,,
754,1,DDP,,Ganaderia_mestiza,horas_ahorradas,,2048,,,,,,,1.0,,,,,,,,,,,,,,,
754,1,DDP,,Ganaderia_mestiza,horas_ahorradas,,2049,,,,,,,1.0,,,,,,,,,,,,,,,
754,1,DDP,,Ganaderia_mestiza,horas_ahorradas,,2050,,,,,,,1.0,,,,,,,,,,,,,,,
754,1,DDP,,Ganaderia_mestiza,horas_ahorradas,,2051,,,,,,,1.0,,,,,,,,,,,,,,,
754,1,DDP,,Ganaderia_mestiza,horas_ahorradas,,2052,,,,,,,1.0,,,,,,,,,,,,,,,
754,1,DDP,,Ganaderia_mestiza,horas_ahorradas,,2053,,,,,,,1.0,,,,,,,,,,,,,,,
754,1,DDP,,Ganaderia_mestiza,horas_ahorradas,,2054,,,,,,,1.0,,,,,,,,,,,,,,,
754,1,DDP,,Ganaderia_mestiza,horas_ahorradas,,2055,,,,,,,1.0,,,,,,,,,,,,,,,
754,1,DDP,,Ganaderia_mestiza,horas_ahorradas,,2056,,,,,,,1.0,,,,,,,,,,,,,,,
754,1,DDP,,Ganaderia_mestiza,horas_ahorradas,,2057,,,,,,,1.0,,,,,,,,,,,,,,,
754,1,DDP,,Ganaderia_mestiza,horas_ahorradas,,2058,,,,,,,1.0,,,,,,,,,,,,,,,
754,1,DDP,,Ganaderia_mestiza,horas_ahorradas,,2059,,,,,,,1.0,,,,,,,,,,,,,,,
754,1,DDP,,Ganaderia_mestiza,horas_ahorradas,,2060,,,,,,,1.0,,,,,,,,,,,,,,,
754,1,DDP,,Ganaderia_mestiza,horas_ahorradas,,2061,,,,,,,1.0,,,,,,,,,,,,,,,
754,1,DDP,,Ganaderia_mestiza,horas_ahorradas,,2062,,,,,,,1.0,,,,,,,,,,,,,,,
754,1,DDP,,Ganaderia_mestiza,horas_ahorradas,,2063,,,,,,,1.0,,,,,,,,,,,,,,,
754,1,DDP,,Ganaderia_mestiza,horas_ahorradas,,2064,,,,,,,1.0,,,,,,,,,,,,,,,
754,1,DDP,,Ganaderia_mestiza,horas_ahorradas,,2065,,,,,,,1.0,,,,,,,,,,,,,,,
754,1,DDP,,Ganaderia_mestiza,horas_ahorradas,,2066,,,,,,,1.0,,,,,,,,,,,,,,,
754,1,DDP,,Ganaderia_mestiza,horas_ahorradas,,2067,,,,,,,1.0,,,,,,,,,,,,,,,
754,1,DDP,,Ganaderia_mestiza,horas_ahorradas,,2068,,,,,,,1.0,,,,,,,,,,,,,,,
754,1,DDP,,Ganaderia_mestiza,horas_ahorradas,,2069,,,,,,,1.0,,,,,,,,,,,,,,,
754,1,DDP,,Ganaderia_mestiza,horas_ahorradas,,2070,,,,,,,1.0,,,,,,,,,,,,,,,
754,1,DDP,,area_restaurada,,,2018,,,,,,,,2724.164186158654,,,,,,,0.0,0.0,,,,,,
754,1,DDP,,area_restaurada,,,2019,,,,,,,,2724.164186158654,,,,,,,0.0,0.0,,,,,,
754,1,DDP,,area_restaurada,,,2020,,,,,,,,2724.164186158654,,,,,,,0.0,0.0,,,,,,
754,1,DDP,,area_restaurada,,,2021,,,,,,,,2724.164186158654,,,,,,,0.0,0.0,,,,,,
754,1,DDP,,area_restaurada,,,2022,,,,,,,,2724.164186158654,,,,,,,0.0,0.0,,,,,,
754,1,DDP,,area_restaurada,,,2023,,,,,,,,2724.164186158654,,,,,,,0.005283429,0.005283429,,,,,,
754,1,DDP,,area_restaurada,,,2024,,,,,,,,2724.164186158654,,,,,,,0.007858637612073265,0.007858637612073265,,,,,,
754,1,DDP,,area_restaurada,,,2025,,,,,,,,2724.164186158654,,,,,,,0.010431688933454095,0.010431688933454095,,,,,,
754,1,DDP,,area_restaurada,,,2026,,,,,,,,2724.164186158654,,,,,,,0.013027962847199788,0.013027962847199788,,,,,,
754,1,DDP,,area_restaurada,,,2027,,,,,,,,2724.164186158654,,,,,,,0.01562466254853651,0.01562466254853651,,,,,,
754,1,DDP,,area_restaurada,,,2028,,,,,,,,2724.164186158654,,,,,,,0.01822629187870034,0.01822629187870034,,,,,,
754,1,DDP,,area_restaurada,,,2029,,,,,,,,2724.164186158654,,,,,,,0.020839173969606495,0.020839173969606495,,,,,,
754,1,DDP,,area_restaurada,,,2030,,,,,,,,2724.164186158654,,,,,,,0.02347212261302895,0.02347212261302895,,,,,,
754,1,DDP,,area_restaurada,,,2031,,,,,,,,2724.164186158654,,,,,,,0.02613733281914749,0.02613733281914749,,,,,,
754,1,DDP,,area_restaurada,,,2032,,,,,,,,2724.164186158654,,,,,,,0.028851551937153278,0.028851551937153278,,,,,,
754,1,DDP,,area_restaurada,,,2033,,,,,,,,2724.164186158654,,,,,,,0.03163756402915669,0.03163756402915669,,,,,,
754,1,DDP,,area_restaurada,,,2034,,,,,,,,2724.164186158654,,,,,,,0.03452600165692485,0.03452600165692485,,,,,,
754,1,DDP,,area_restaurada,,,2035,,,,,,,,2724.164186158654,,,,,,,0.037557413676144666,0.037557413676144666,,,,,,
754,1,DDP,,area_restaurada,,,2036,,,,,,,,2724.164186158654,,,,,,,0.04078436683390097,0.04078436683390097,,,,,,
754,1,DDP,,area_restaurada,,,2037,,,,,,,,2724.164186158654,,,,,,,0.044273104695892136,0.044273104695892136,,,,,,
754,1,DDP,,area_restaurada,,,2038,,,,,,,,2724.164186158654,,,,,,,0.048103945336821274,0.048103945336821274,,,,,,
754,1,DDP,,area_restaurada,,,2039,,,,,,,,2724.164186158654,,,,,,,0.052369254353461854,0.052369254353461854,,,,,,
754,1,DDP,,area_restaurada,,,2040,,,,,,,,2724.164186158654,,,,,,,0.05716774615987221,0.05716774615987221,,,,,,
754,1,DDP,,area_restaurada,,,2041,,,,,,,,2724.164186158654,,,,,,,0.06259441448435744,0.06259441448435744,,,,,,
754,1,DDP,,area_restaurada,,,2042,,,,,,,,2724.164186158654,,,,,,,0.06872692711770205,0.06872692711770205,,,,,,
754,1,DDP,,area_restaurada,,,2043,,,,,,,,2724.164186158654,,,,,,,0.07561146962260931,0.07561146962260931,,,,,,
754,1,DDP,,area_restaurada,,,2044,,,,,,,,2724.164186158654,,,,,,,0.08325262491985105,0.08325262491985105,,,,,,
754,1,DDP,,area_restaurada,,,2045,,,,,,,,2724.164186158654,,,,,,,0.09161127073860564,0.09161127073860564,,,,,,
754,1,DDP,,area_restaurada,,,2046,,,,,,,,2724.164186158654,,,,,,,0.10061147030367085,0.10061147030367085,,,,,,
754,1,DDP,,area_restaurada,,,2047,,,,,,,,2724.164186158654,,,,,,,0.11015361040278543,0.11015361040278543,,,,,,
754,1,DDP,,area_restaurada,,,2048,,,,,,,,2724.164186158654,,,,,,,0.12012910271754379,0.12012910271754379,,,,,,
754,1,DDP,,area_restaurada,,,2049,,,,,,,,2724.164186158654,,,,,,,0.13043261484658253,0.13043261484658253,,,,,,
754,1,DDP,,area_restaurada,,,2050,,,,,,,,2724.164186158654,,,,,,,0.1409699213949042,0.1409699213949042,,,,,,
754,1,DDP,,area_restaurada,,,2051,,,,,,,,2724.164186158654,,,,,,,0.1522901946339453,0.1522901946339453,,,,,,
754,1,DDP,,area_restaurada,,,2052,,,,,,,,2724.164186158654,,,,,,,0.16380551869577578,0.16380551869577578,,,,,,
754,1,DDP,,area_restaurada,,,2053,,,,,,,,2724.164186158654,,,,,,,0.17546938441837368,0.17546938441837368,,,,,,
754,1,DDP,,area_restaurada,,,2054,,,,,,,,2724.164186158654,,,,,,,0.18724630714758733,0.18724630714758733,,,,,,
754,1,DDP,,area_restaurada,,,2055,,,,,,,,2724.164186158654,,,,,,,0.19910968752210573,0.19910968752210573,,,,,,
754,1,DDP,,area_restaurada,,,2056,,,,,,,,2724.164186158654,,,,,,,0.21103984127451342,0.21103984127451342,,,,,,
754,1,DDP,,area_restaurada,,,2057,,,,,,,,2724.164186158654,,,,,,,0.22302233804879415,0.22302233804879415,,,,,,
754,1,DDP,,area_restaurada,,,2058,,,,,,,,2724.164186158654,,,,,,,0.2350466753697147,0.2350466753697147,,,,,,
754,1,DDP,,area_restaurada,,,2059,,,,,,,,2724.164186158654,,,,,,,0.24710524749714946,0.24710524749714946,,,,,,
754,1,DDP,,area_restaurada,,,2060,,,,,,,,2724.164186158654,,,,,,,0.25919257334767876,0.25919257334767876,,,,,,
754,1,DDP,,area_restaurada,,,2061,,,,,,,,2724.164186158654,,,,,,,0.2713047142008685,0.2713047142008685,,,,,,
754,1,DDP,,area_restaurada,,,2062,,,,,,,,2724.164186158654,,,,,,,0.2834388514002151,0.2834388514002151,,,,,,
754,1,DDP,,area_restaurada,,,2063,,,,,,,,2724.164186158654,,,,,,,0.2955929746722387,0.2955929746722387,,,,,,
754,1,DDP,,area_restaurada,,,2064,,,,,,,,2724.164186158654,,,,,,,0.3077656564850918,0.3077656564850918,,,,,,
754,1,DDP,,area_restaurada,,,2065,,,,,,,,2724.164186158654,,,,,,,0.31995588682790305,0.31995588682790305,,,,,,
754,1,DDP,,area_restaurada,,,2066,,,,,,,,2724.164186158654,,,,,,,0.33216295752098385,0.33216295752098385,,,,,,
754,1,DDP,,area_restaurada,,,2067,,,,,,,,2724.164186158654,,,,,,,0.3443863776887731,0.3443863776887731,,,,,,
754,1,DDP,,area_restaurada,,,2068,,,,,,,,2724.164186158654,,,,,,,0.35662580844484254,0.35662580844484254,,,,,,
754,1,DDP,,area_restaurada,,,2069,,,,,,,,2724.164186158654,,,,,,,0.3688810243048719,0.3688810243048719,,,,,,
754,1,DDP,,area_restaurada,,,2070,,,,,,,,2724.164186158654,,,,,,,0.3811518781830475,0.3811518781830475,,,,,,
754,1,DDP,,Banano,,,2018,,,,,,,,215.7268,1070.6999,,,,,,0.262186,0.262186,,,,,,
754,1,DDP,,Banano,,,2019,,,,,,,,215.7268,1070.6999,,,,,,0.31916,0.31916,,,,,,
754,1,DDP,,Banano,,,2020,,,,,,,,215.7268,1070.6999,,,,,,0.288525,0.288525,,,,,,
754,1,DDP,,Banano,,,2021,,,,,,,,215.7268,1070.6999,,,,,,0.27613,0.27613,,,,,,
754,1,DDP,,Banano,,,2022,,,,,,,,215.7268,1070.6999,,,,,,0.278372574704055,0.278372574704055,,,,,,
754,1,DDP,,Banano,,,2023,,,,,,,,216.6544,945.0038,,,,,,0.2788378893272278,0.2788378893272278,,,,,,
754,1,DDP,,Banano,,,2024,,,,,,,,216.5866,940.7274,,,,,,0.28057706104189534,0.28057706104189534,,,,,,
754,1,DDP,,Banano,,,2025,,,,,,,,216.5189,936.451,,,,,,0.2826244782910643,0.2826244782910643,,,,,,
754,1,DDP,,Banano,,,2026,,,,,,,,216.4511,932.1746,,,,,,0.2795577322213443,0.2795577322213443,,,,,,
754,1,DDP,,Banano,,,2027,,,,,,,,216.3833,927.8983,,,,,,0.27893373231332413,0.27893373231332413,,,,,,
754,1,DDP,,Banano,,,2028,,,,,,,,216.3155,923.6219,,,,,,0.2782999739438265,0.2782999739438265,,,,,,
754,1,DDP,,Banano,,,2029,,,,,,,,216.2477,919.3455,,,,,,0.2776562505660903,0.2776562505660903,,,,,,
754,1,DDP,,Banano,,,2030,,,,,,,,216.1799,915.0691,,,,,,0.2770023494895584,0.2770023494895584,,,,,,
754,1,DDP,,Banano,,,2031,,,,,,,,216.1121,910.7927,,,,,,0.2763380516622687,0.2763380516622687,,,,,,
754,1,DDP,,Banano,,,2032,,,,,,,,216.0443,906.5163,,,,,,0.27566313144382254,0.27566313144382254,,,,,,
754,1,DDP,,Banano,,,2033,,,,,,,,215.9765,902.24,,,,,,0.2749773563684571,0.2749773563684571,,,,,,
754,1,DDP,,Banano,,,2034,,,,,,,,215.9088,897.9636,,,,,,0.27428048689772455,0.27428048689772455,,,,,,
754,1,DDP,,Banano,,,2035,,,,,,,,215.841,893.6872,,,,,,0.2735722761622467,0.2735722761622467,,,,,,
754,1,DDP,,Banano,,,2036,,,,,,,,215.7732,889.4108,,,,,,0.2728524696919874,0.2728524696919874,,,,,,
754,1,DDP,,Banano,,,2037,,,,,,,,215.7054,885.1344,,,,,,0.27212080513444986,0.27212080513444986,,,,,,
754,1,DDP,,Banano,,,2038,,,,,,,,215.6376,880.8581,,,,,,0.27137701196017033,0.27137701196017033,,,,,,
754,1,DDP,,Banano,,,2039,,,,,,,,215.5698,876.5817,,,,,,0.27062081115484493,0.27062081115484493,,,,,,
754,1,DDP,,Banano,,,2040,,,,,,,,215.502,872.3053,,,,,,0.2698519148973816,0.2698519148973816,,,,,,
754,1,DDP,,Banano,,,2041,,,,,,,,215.4342,868.0289,,,,,,0.2690700262231323,0.2690700262231323,,,,,,
754,1,DDP,,Banano,,,2042,,,,,,,,215.3665,863.7525,,,,,,0.26827483867150914,0.26827483867150914,,,,,,
754,1,DDP,,Banano,,,2043,,,,,,,,215.2987,859.4761,,,,,,0.267466035917143,0.267466035917143,,,,,,
754,1,DDP,,Banano,,,2044,,,,,,,,215.2309,855.1998,,,,,,0.2666432913836901,0.2666432913836901,,,,,,
754,1,DDP,,Banano,,,2045,,,,,,,,215.1631,850.9234,,,,,,0.2658062678393344,0.2658062678393344,,,,,,
754,1,DDP,,Banano,,,2046,,,,,,,,215.0953,846.647,,,,,,0.2649546169729763,0.2649546169729763,,,,,,
754,1,DDP,,Banano,,,2047,,,,,,,,215.0275,842.3706,,,,,,0.2640879789500318,0.2640879789500318,,,,,,
754,1,DDP,,Banano,,,2048,,,,,,,,214.9597,838.0942,,,,,,0.2632059819466987,0.2632059819466987,,,,,,
754,1,DDP,,Banano,,,2049,,,,,,,,214.8919,833.8179,,,,,,0.2623082416614723,0.2623082416614723,,,,,,
754,1,DDP,,Banano,,,2050,,,,,,,,214.8242,829.5415,,,,,,0.2613943608026138,0.2613943608026138,,,,,,
754,1,DDP,,Banano,,,2051,,,,,,,,214.7564,825.2651,,,,,,0.261543711268042,0.261543711268042,,,,,,
754,1,DDP,,Banano,,,2052,,,,,,,,214.6886,820.9887,,,,,,0.26169362821673264,0.26169362821673264,,,,,,
754,1,DDP,,Banano,,,2053,,,,,,,,214.6208,816.7123,,,,,,0.2618441053316994,0.2618441053316994,,,,,,
754,1,DDP,,Banano,,,2054,,,,,,,,214.553,812.4359,,,,,,0.261995136374109,0.261995136374109,,,,,,
754,1,DDP,,Banano,,,2055,,,,,,,,214.4852,808.1596,,,,,,0.26214671518072585,0.26214671518072585,,,,,,
754,1,DDP,,Banano,,,2056,,,,,,,,214.4174,803.8832,,,,,,0.2622988356613548,0.2622988356613548,,,,,,
754,1,DDP,,Banano,,,2057,,,,,,,,214.3496,799.6068,,,,,,0.262451491796282,0.262451491796282,,,,,,
754,1,DDP,,Banano,,,2058,,,,,,,,214.2818,795.3304,,,,,,0.2626046776337142,0.2626046776337142,,,,,,
754,1,DDP,,Banano,,,2059,,,,,,,,214.2141,791.054,,,,,,0.2627583872872144,0.2627583872872144,,,,,,
754,1,DDP,,Banano,,,2060,,,,,,,,214.1463,786.7777,,,,,,0.26291261493313467,0.26291261493313467,,,,,,
754,1,DDP,,Banano,,,2061,,,,,,,,214.0785,782.5013,,,,,,0.2630673548080451,0.2630673548080451,,,,,,
754,1,DDP,,Banano,,,2062,,,,,,,,214.0107,778.2249,,,,,,0.2632226012061574,0.2632226012061574,,,,,,
754,1,DDP,,Banano,,,2063,,,,,,,,213.9429,773.9485,,,,,,0.26337834847674474,0.26337834847674474,,,,,,
754,1,DDP,,Banano,,,2064,,,,,,,,213.8751,769.6721,,,,,,0.263534591021554,0.263534591021554,,,,,,
754,1,DDP,,Banano,,,2065,,,,,,,,213.8073,765.3957,,,,,,0.2636913232922134,0.2636913232922134,,,,,,
754,1,DDP,,Banano,,,2066,,,,,,,,213.7395,761.1194,,,,,,0.2638485397876315,0.2638485397876315,,,,,,
754,1,DDP,,Banano,,,2067,,,,,,,,213.6718,756.843,,,,,,0.2640062350513893,0.2640062350513893,,,,,,
754,1,DDP,,Banano,,,2068,,,,,,,,213.604,752.5666,,,,,,0.2641644036691234,0.2641644036691234,,,,,,
754,1,DDP,,Banano,,,2069,,,,,,,,213.5362,748.2902,,,,,,0.2643230402659,0.2643230402659,,,,,,
754,1,DDP,,Banano,,,2070,,,,,,,,213.4684,744.0138,,,,,,0.2644821395035785,0.2644821395035785,,,,,,
754,1,DDP,,Arroz,,,2018,,,,,,,,278.0292,468.6401,,,,,,0.298298,0.298298,,,,,,
754,1,DDP,,Arroz,,,2019,,,,,,,,278.0292,468.6401,,,,,,0.257273,0.257273,,,,,,
754,1,DDP,,Arroz,,,2020,,,,,,,,278.0292,468.6401,,,,,,0.312876,0.312876,,,,,,
754,1,DDP,,Arroz,,,2021,,,,,,,,278.0292,468.6401,,,,,,0.340281,0.340281,,,,,,
754,1,DDP,,Arroz,,,2022,,,,,,,,278.0292,468.6401,,,,,,0.3430445735446006,0.3430445735446006,,,,,,
754,1,DDP,,Arroz,,,2023,,,,,,,,279.2247,462.3839,,,,,,0.3421648167517253,0.3421648167517253,,,,,,
754,1,DDP,,Arroz,,,2024,,,,,,,,279.1373,460.2437,,,,,,0.34356862002632177,0.34356862002632177,,,,,,
754,1,DDP,,Arroz,,,2025,,,,,,,,279.05,458.1035,,,,,,0.3453405297961984,0.3453405297961984,,,,,,
754,1,DDP,,Arroz,,,2026,,,,,,,,278.9626,455.9633,,,,,,0.34697164559197213,0.34697164559197213,,,,,,
754,1,DDP,,Arroz,,,2027,,,,,,,,278.8753,453.8231,,,,,,0.35167930811406306,0.35167930811406306,,,,,,
754,1,DDP,,Arroz,,,2028,,,,,,,,278.7879,451.6829,,,,,,0.355332905459599,0.355332905459599,,,,,,
754,1,DDP,,Arroz,,,2029,,,,,,,,278.7005,449.5427,,,,,,0.3568046561744582,0.3568046561744582,,,,,,
754,1,DDP,,Arroz,,,2030,,,,,,,,278.6132,447.4025,,,,,,0.35898293887741006,0.35898293887741006,,,,,,
754,1,DDP,,Arroz,,,2031,,,,,,,,278.5258,445.2623,,,,,,0.3639932014384003,0.3639932014384003,,,,,,
754,1,DDP,,Arroz,,,2032,,,,,,,,278.4384,443.1221,,,,,,0.36661072346261336,0.36661072346261336,,,,,,
754,1,DDP,,Arroz,,,2033,,,,,,,,278.3511,440.9818,,,,,,0.3708204550662362,0.3708204550662362,,,,,,
754,1,DDP,,Arroz,,,2034,,,,,,,,278.2637,438.8416,,,,,,0.37320719093070115,0.37320719093070115,,,,,,
754,1,DDP,,Arroz,,,2035,,,,,,,,278.1763,436.7014,,,,,,0.37564118193979845,0.37564118193979845,,,,,,
754,1,DDP,,Arroz,,,2036,,,,,,,,278.089,434.5612,,,,,,0.37882869356693044,0.37882869356693044,,,,,,
754,1,DDP,,Arroz,,,2037,,,,,,,,278.0016,432.421,,,,,,0.38101942593776955,0.38101942593776955,,,,,,
754,1,DDP,,Arroz,,,2038,,,,,,,,277.9142,430.2808,,,,,,0.38353346924014503,0.38353346924014503,,,,,,
754,1,DDP,,Arroz,,,2039,,,,,,,,277.8269,428.1406,,,,,,0.3867703884301111,0.3867703884301111,,,,,,
754,1,DDP,,Arroz,,,2040,,,,,,,,277.7395,426.0004,,,,,,0.3891165744791207,0.3891165744791207,,,,,,
754,1,DDP,,Arroz,,,2041,,,,,,,,277.6521,423.8602,,,,,,0.3915494843177448,0.3915494843177448,,,,,,
754,1,DDP,,Arroz,,,2042,,,,,,,,277.5648,421.72,,,,,,0.3938159974878052,0.3938159974878052,,,,,,
754,1,DDP,,Arroz,,,2043,,,,,,,,277.4774,419.5798,,,,,,0.3942668710318016,0.3942668710318016,,,,,,
754,1,DDP,,Arroz,,,2044,,,,,,,,277.39,417.4396,,,,,,0.3964590558503506,0.3964590558503506,,,,,,
754,1,DDP,,Arroz,,,2045,,,,,,,,277.3027,415.2994,,,,,,0.397388961014162,0.397388961014162,,,,,,
754,1,DDP,,Arroz,,,2046,,,,,,,,277.2153,413.1592,,,,,,0.40001232778120294,0.40001232778120294,,,,,,
754,1,DDP,,Arroz,,,2047,,,,,,,,277.1279,411.019,,,,,,0.4009281834856554,0.4009281834856554,,,,,,
754,1,DDP,,Arroz,,,2048,,,,,,,,277.0406,408.8787,,,,,,0.4016623606675525,0.4016623606675525,,,,,,
754,1,DDP,,Arroz,,,2049,,,,,,,,276.9532,406.7385,,,,,,0.40254544966905587,0.40254544966905587,,,,,,
754,1,DDP,,Arroz,,,2050,,,,,,,,276.8658,404.5983,,,,,,0.406555184751335,0.406555184751335,,,,,,
754,1,DDP,,Arroz,,,2051,,,,,,,,276.7785,402.4581,,,,,,0.41311936532859006,0.41311936532859006,,,,,,
754,1,DDP,,Arroz,,,2052,,,,,,,,276.6911,400.3179,,,,,,0.41890492419953146,0.41890492419953146,,,,,,
754,1,DDP,,Arroz,,,2053,,,,,,,,276.6038,398.1777,,,,,,0.4246449474156049,0.4246449474156049,,,,,,
754,1,DDP,,Arroz,,,2054,,,,,,,,276.5164,396.0375,,,,,,0.4305721147038321,0.4305721147038321,,,,,,
754,1,DDP,,Arroz,,,2055,,,,,,,,276.429,393.8973,,,,,,0.4365191787570237,0.4365191787570237,,,,,,
754,1,DDP,,Arroz,,,2056,,,,,,,,276.3417,391.7571,,,,,,0.44262512517270325,0.44262512517270325,,,,,,
754,1,DDP,,Arroz,,,2057,,,,,,,,276.2543,389.6169,,,,,,0.4484354296295431,0.4484354296295431,,,,,,
754,1,DDP,,Arroz,,,2058,,,,,,,,276.1669,387.4767,,,,,,0.45426819417765757,0.45426819417765757,,,,,,
754,1,DDP,,Arroz,,,2059,,,,,,,,276.0796,385.3365,,,,,,0.4601199921423423,0.4601199921423423,,,,,,
754,1,DDP,,Arroz,,,2060,,,,,,,,275.9922,383.1963,,,,,,0.46595581927384666,0.46595581927384666,,,,,,
754,1,DDP,,Arroz,,,2061,,,,,,,,275.9048,381.0561,,,,,,0.47174362266590447,0.47174362266590447,,,,,,
754,1,DDP,,Arroz,,,2062,,,,,,,,275.8175,378.9158,,,,,,0.47750347117660524,0.47750347117660524,,,,,,
754,1,DDP,,Arroz,,,2063,,,,,,,,275.7301,376.7756,,,,,,0.48324305404232176,0.48324305404232176,,,,,,
754,1,DDP,,Arroz,,,2064,,,,,,,,275.6427,374.6354,,,,,,0.4889635299044695,0.4889635299044695,,,,,,
754,1,DDP,,Arroz,,,2065,,,,,,,,275.5554,372.4952,,,,,,0.4946432406923355,0.4946432406923355,,,,,,
754,1,DDP,,Arroz,,,2066,,,,,,,,275.468,370.355,,,,,,0.500280505880722,0.500280505880722,,,,,,
754,1,DDP,,Arroz,,,2067,,,,,,,,275.3806,368.2148,,,,,,0.5058649727688898,0.5058649727688898,,,,,,
754,1,DDP,,Arroz,,,2068,,,,,,,,275.2933,366.0746,,,,,,0.5114114328457141,0.5114114328457141,,,,,,
754,1,DDP,,Arroz,,,2069,,,,,,,,275.2059,363.9344,,,,,,0.5169141082704707,0.5169141082704707,,,,,,
754,1,DDP,,Arroz,,,2070,,,,,,,,275.1185,361.7942,,,,,,0.5223675885646323,0.5223675885646323,,,,,,
754,1,DDP,,Cacao,,,2018,,,,,,,,12.1405,120.273,,,,,,0.50195,0.50195,,,,,,
754,1,DDP,,Cacao,,,2019,,,,,,,,12.1405,120.273,,,,,,0.525435,0.525435,,,,,,
754,1,DDP,,Cacao,,,2020,,,,,,,,12.1405,120.273,,,,,,0.527347,0.527347,,,,,,
754,1,DDP,,Cacao,,,2021,,,,,,,,12.1405,120.273,,,,,,0.543547,0.543547,,,,,,
754,1,DDP,,Cacao,,,2022,,,,,,,,12.1405,120.273,,,,,,0.5479613872547894,0.5479613872547894,,,,,,
754,1,DDP,,Cacao,,,2023,,,,,,,,12.1927,116.5034,,,,,,0.5618766272835185,0.5618766272835185,,,,,,
754,1,DDP,,Cacao,,,2024,,,,,,,,12.1889,115.8628,,,,,,0.571914498659003,0.571914498659003,,,,,,
754,1,DDP,,Cacao,,,2025,,,,,,,,12.1851,115.2221,,,,,,0.5826642542615936,0.5826642542615936,,,,,,
754,1,DDP,,Cacao,,,2026,,,,,,,,12.1813,114.5814,,,,,,0.5932812508039607,0.5932812508039607,,,,,,
754,1,DDP,,Cacao,,,2027,,,,,,,,12.1775,113.9407,,,,,,0.6093309264160821,0.6093309264160821,,,,,,
754,1,DDP,,Cacao,,,2028,,,,,,,,12.1736,113.3001,,,,,,0.6237734067387921,0.6237734067387921,,,,,,
754,1,DDP,,Cacao,,,2029,,,,,,,,12.1698,112.6594,,,,,,0.6345319313982191,0.6345319313982191,,,,,,
754,1,DDP,,Cacao,,,2030,,,,,,,,12.166,112.0187,,,,,,0.6466600807358714,0.6466600807358714,,,,,,
754,1,DDP,,Cacao,,,2031,,,,,,,,12.1622,111.378,,,,,,0.664085049634125,0.664085049634125,,,,,,
754,1,DDP,,Cacao,,,2032,,,,,,,,12.1584,110.7373,,,,,,0.6773510930226027,0.6773510930226027,,,,,,
754,1,DDP,,Cacao,,,2033,,,,,,,,12.1546,110.0967,,,,,,0.693748013107305,0.693748013107305,,,,,,
754,1,DDP,,Cacao,,,2034,,,,,,,,12.1508,109.456,,,,,,0.7069190690402346,0.7069190690402346,,,,,,
754,1,DDP,,Cacao,,,2035,,,,,,,,12.1469,108.8153,,,,,,0.7203238221301587,0.7203238221301587,,,,,,
754,1,DDP,,Cacao,,,2036,,,,,,,,12.1431,108.1746,,,,,,0.7353373007610718,0.7353373007610718,,,,,,
754,1,DDP,,Cacao,,,2037,,,,,,,,12.1393,107.534,,,,,,0.7485748599386122,0.7485748599386122,,,,,,
754,1,DDP,,Cacao,,,2038,,,,,,,,12.1355,106.8933,,,,,,0.7625914976143212,0.7625914976143212,,,,,,
754,1,DDP,,Cacao,,,2039,,,,,,,,12.1317,106.2526,,,,,,0.7782149578526345,0.7782149578526345,,,,,,
754,1,DDP,,Cacao,,,2040,,,,,,,,12.1279,105.6119,,,,,,0.7922125891337504,0.7922125891337504,,,,,,
754,1,DDP,,Cacao,,,2041,,,,,,,,12.124,104.9712,,,,,,0.8065348998471844,0.8065348998471844,,,,,,
754,1,DDP,,Cacao,,,2042,,,,,,,,12.1202,104.3306,,,,,,0.8206614715814127,0.8206614715814127,,,,,,
754,1,DDP,,Cacao,,,2043,,,,,,,,12.1164,103.6899,,,,,,0.8311045418952006,0.8311045418952006,,,,,,
754,1,DDP,,Cacao,,,2044,,,,,,,,12.1126,103.0492,,,,,,0.8453171431087599,0.8453171431087599,,,,,,
754,1,DDP,,Cacao,,,2045,,,,,,,,12.1088,102.4085,,,,,,0.8569493449477655,0.8569493449477655,,,,,,
754,1,DDP,,Cacao,,,2046,,,,,,,,12.105,101.7678,,,,,,0.8723555846678616,0.8723555846678616,,,,,,
754,1,DDP,,Cacao,,,2047,,,,,,,,12.1012,101.1272,,,,,,0.884160478418811,0.884160478418811,,,,,,
754,1,DDP,,Cacao,,,2048,,,,,,,,12.0973,100.4865,,,,,,0.8956415242277943,0.8956415242277943,,,,,,
754,1,DDP,,Cacao,,,2049,,,,,,,,12.0935,99.8458,,,,,,0.9075310527395758,0.9075310527395758,,,,,,
754,1,DDP,,Cacao,,,2050,,,,,,,,12.0897,99.2051,,,,,,0.9266274227263015,0.9266274227263015,,,,,,
754,1,DDP,,Cacao,,,2051,,,,,,,,12.0859,98.5645,,,,,,0.9518455951950111,0.9518455951950111,,,,,,
754,1,DDP,,Cacao,,,2052,,,,,,,,12.0821,97.9238,,,,,,0.9756152717655832,0.9756152717655832,,,,,,
754,1,DDP,,Cacao,,,2053,,,,,,,,12.0783,97.2831,,,,,,0.9996057415689671,0.9996057415689671,,,,,,
754,1,DDP,,Cacao,,,2054,,,,,,,,12.0745,96.6424,,,,,,1.0243689854298474,1.0243689854298474,,,,,,
754,1,DDP,,Cacao,,,2055,,,,,,,,12.0706,96.0017,,,,,,1.0495188878310067,1.0495188878310067,,,,,,
754,1,DDP,,Cacao,,,2056,,,,,,,,12.0668,95.3611,,,,,,1.0753965498038174,1.0753965498038174,,,,,,
754,1,DDP,,Cacao,,,2057,,,,,,,,12.063,94.7204,,,,,,1.1009001598793995,1.1009001598793995,,,,,,
754,1,DDP,,Cacao,,,2058,,,,,,,,12.0592,94.0797,,,,,,1.1267981476207398,1.1267981476207398,,,,,,
754,1,DDP,,Cacao,,,2059,,,,,,,,12.0554,93.439,,,,,,1.1530855728511569,1.1530855728511569,,,,,,
754,1,DDP,,Cacao,,,2060,,,,,,,,12.0516,92.7984,,,,,,1.1796772249557188,1.1796772249557188,,,,,,
754,1,DDP,,Cacao,,,2061,,,,,,,,12.0477,92.1577,,,,,,1.2064918577479522,1.2064918577479522,,,,,,
754,1,DDP,,Cacao,,,2062,,,,,,,,12.0439,91.517,,,,,,1.233579563795472,1.233579563795472,,,,,,
754,1,DDP,,Cacao,,,2063,,,,,,,,12.0401,90.8763,,,,,,1.260960204555589,1.260960204555589,,,,,,
754,1,DDP,,Cacao,,,2064,,,,,,,,12.0363,90.2356,,,,,,1.288637230919389,1.288637230919389,,,,,,
754,1,DDP,,Cacao,,,2065,,,,,,,,12.0325,89.595,,,,,,1.3165534886646073,1.3165534886646073,,,,,,
754,1,DDP,,Cacao,,,2066,,,,,,,,12.0287,88.9543,,,,,,1.344703248585091,1.344703248585091,,,,,,
754,1,DDP,,Cacao,,,2067,,,,,,,,12.0249,88.3136,,,,,,1.373057056168371,1.373057056168371,,,,,,
754,1,DDP,,Cacao,,,2068,,,,,,,,12.021,87.6729,,,,,,1.4016532640126154,1.4016532640126154,,,,,,
754,1,DDP,,Cacao,,,2069,,,,,,,,12.0172,87.0323,,,,,,1.430474858286658,1.430474858286658,,,,,,
754,1,DDP,,Cacao,,,2070,,,,,,,,12.0134,86.3916,,,,,,1.459505226953765,1.459505226953765,,,,,,
754,1,DDP,,Cafe,,,2018,,,,,,,,265.3839,729.2659,,,,,,0.031924,0.031924,,,,,,
754,1,DDP,,Cafe,,,2019,,,,,,,,265.3839,729.2659,,,,,,0.036047,0.036047,,,,,,
754,1,DDP,,Cafe,,,2020,,,,,,,,265.3839,729.2659,,,,,,0.026909,0.026909,,,,,,
754,1,DDP,,Cafe,,,2021,,,,,,,,265.3839,729.2659,,,,,,0.029481,0.029481,,,,,,
754,1,DDP,,Cafe,,,2022,,,,,,,,265.3839,729.2659,,,,,,0.0297204283303163,0.0297204283303163,,,,,,
754,1,DDP,,Cafe,,,2023,,,,,,,,266.5251,694.0737,,,,,,0.0298543575830656,0.0298543575830656,,,,,,
754,1,DDP,,Cafe,,,2024,,,,,,,,266.4417,692.7685,,,,,,0.030082908880833543,0.030082908880833543,,,,,,
754,1,DDP,,Cafe,,,2025,,,,,,,,266.3583,691.4634,,,,,,0.030345051283593605,0.030345051283593605,,,,,,
754,1,DDP,,Cafe,,,2026,,,,,,,,266.2749,690.1583,,,,,,0.03059625952690473,0.03059625952690473,,,,,,
754,1,DDP,,Cafe,,,2027,,,,,,,,266.1915,688.8531,,,,,,0.031121121550274546,0.031121121550274546,,,,,,
754,1,DDP,,Cafe,,,2028,,,,,,,,266.1081,687.548,,,,,,0.03155571181341732,0.03155571181341732,,,,,,
754,1,DDP,,Cafe,,,2029,,,,,,,,266.0247,686.2429,,,,,,0.03179854620192198,0.03179854620192198,,,,,,
754,1,DDP,,Cafe,,,2030,,,,,,,,265.9414,684.9377,,,,,,0.03210589896679346,0.03210589896679346,,,,,,
754,1,DDP,,Cafe,,,2031,,,,,,,,265.858,683.6326,,,,,,0.0326692119494381,0.0326692119494381,,,,,,
754,1,DDP,,Cafe,,,2032,,,,,,,,265.7746,682.3275,,,,,,0.03302060351513281,0.03302060351513281,,,,,,
754,1,DDP,,Cafe,,,2033,,,,,,,,265.6912,681.0223,,,,,,0.03351799921873807,0.03351799921873807,,,,,,
754,1,DDP,,Cafe,,,2034,,,,,,,,265.6078,679.7172,,,,,,0.033853149836626455,0.033853149836626455,,,,,,
754,1,DDP,,Cafe,,,2035,,,,,,,,265.5244,678.4121,,,,,,0.03419456470719142,0.03419456470719142,,,,,,
754,1,DDP,,Cafe,,,2036,,,,,,,,265.441,677.1069,,,,,,0.0346068190779045,0.0346068190779045,,,,,,
754,1,DDP,,Cafe,,,2037,,,,,,,,265.3576,675.8018,,,,,,0.03493019525487391,0.03493019525487391,,,,,,
754,1,DDP,,Cafe,,,2038,,,,,,,,265.2742,674.4967,,,,,,0.035285184761303635,0.035285184761303635,,,,,,
754,1,DDP,,Cafe,,,2039,,,,,,,,265.1908,673.1915,,,,,,0.03570900413350981,0.03570900413350981,,,,,,
754,1,DDP,,Cafe,,,2040,,,,,,,,265.1074,671.8864,,,,,,0.03605286809038842,0.03605286809038842,,,,,,
754,1,DDP,,Cafe,,,2041,,,,,,,,265.024,670.5813,,,,,,0.0364067989625703,0.0364067989625703,,,,,,
754,1,DDP,,Cafe,,,2042,,,,,,,,264.9407,669.2761,,,,,,0.03674727461313349,0.03674727461313349,,,,,,
754,1,DDP,,Cafe,,,2043,,,,,,,,264.8573,667.971,,,,,,0.03691970398198776,0.03691970398198776,,,,,,
754,1,DDP,,Cafe,,,2044,,,,,,,,264.7739,666.6659,,,,,,0.03725654865718723,0.03725654865718723,,,,,,
754,1,DDP,,Cafe,,,2045,,,,,,,,264.6905,665.3607,,,,,,0.037476295265822676,0.037476295265822676,,,,,,
754,1,DDP,,Cafe,,,2046,,,,,,,,264.6071,664.0556,,,,,,0.037857421852125955,0.037857421852125955,,,,,,
754,1,DDP,,Cafe,,,2047,,,,,,,,264.5237,662.7505,,,,,,0.03807862787160247,0.03807862787160247,,,,,,
754,1,DDP,,Cafe,,,2048,,,,,,,,264.4403,661.4453,,,,,,0.03828363227694857,0.03828363227694857,,,,,,
754,1,DDP,,Cafe,,,2049,,,,,,,,264.3569,660.1402,,,,,,0.038503878337307375,0.038503878337307375,,,,,,
754,1,DDP,,Cafe,,,2050,,,,,,,,264.2735,658.8351,,,,,,0.039025356827001305,0.039025356827001305,,,,,,
754,1,DDP,,Cafe,,,2051,,,,,,,,264.1901,657.5299,,,,,,0.0397961478083671,0.0397961478083671,,,,,,
754,1,DDP,,Cafe,,,2052,,,,,,,,264.1067,656.2248,,,,,,0.04049667242239077,0.04049667242239077,,,,,,
754,1,DDP,,Cafe,,,2053,,,,,,,,264.0233,654.9197,,,,,,0.04119727824813286,0.04119727824813286,,,,,,
754,1,DDP,,Cafe,,,2054,,,,,,,,263.94,653.6145,,,,,,0.041920597298195666,0.041920597298195666,,,,,,
754,1,DDP,,Cafe,,,2055,,,,,,,,263.8566,652.3094,,,,,,0.04265050792928975,0.04265050792928975,,,,,,
754,1,DDP,,Cafe,,,2056,,,,,,,,263.7732,651.0043,,,,,,0.04340068504211606,0.04340068504211606,,,,,,
754,1,DDP,,Cafe,,,2057,,,,,,,,263.6898,649.6991,,,,,,0.044126595427255944,0.044126595427255944,,,,,,
754,1,DDP,,Cafe,,,2058,,,,,,,,263.6064,648.394,,,,,,0.04485936919095293,0.04485936919095293,,,,,,
754,1,DDP,,Cafe,,,2059,,,,,,,,263.523,647.0889,,,,,,0.04559871677237828,0.04559871677237828,,,,,,
754,1,DDP,,Cafe,,,2060,,,,,,,,263.4396,645.7837,,,,,,0.04634120364325537,0.04634120364325537,,,,,,
754,1,DDP,,Cafe,,,2061,,,,,,,,263.3562,644.4786,,,,,,0.04708364068535332,0.04708364068535332,,,,,,
754,1,DDP,,Cafe,,,2062,,,,,,,,263.2728,643.1735,,,,,,0.04782801400039651,0.04782801400039651,,,,,,
754,1,DDP,,Cafe,,,2063,,,,,,,,263.1894,641.8683,,,,,,0.04857509372333565,0.04857509372333565,,,,,,
754,1,DDP,,Cafe,,,2064,,,,,,,,263.106,640.5632,,,,,,0.04932500218446557,0.04932500218446557,,,,,,
754,1,DDP,,Cafe,,,2065,,,,,,,,263.0226,639.2581,,,,,,0.050075553554093113,0.050075553554093113,,,,,,
754,1,DDP,,Cafe,,,2066,,,,,,,,262.9392,637.9529,,,,,,0.05082656047085976,0.05082656047085976,,,,,,
754,1,DDP,,Cafe,,,2067,,,,,,,,262.8559,636.6478,,,,,,0.05157694881631008,0.05157694881631008,,,,,,
754,1,DDP,,Cafe,,,2068,,,,,,,,262.7725,635.3427,,,,,,0.052328202070432546,0.052328202070432546,,,,,,
754,1,DDP,,Cafe,,,2069,,,,,,,,262.6891,634.0375,,,,,,0.05307971287696795,0.05307971287696795,,,,,,
754,1,DDP,,Cafe,,,2070,,,,,,,,262.6057,632.7324,,,,,,0.05383090316913688,0.05383090316913688,,,,,,
754,1,DDP,,Cana,,,2018,,,,,,,,100.2053,494.0395,,,,,,0.115321,0.115321,,,,,,
754,1,DDP,,Cana,,,2019,,,,,,,,100.2053,494.0395,,,,,,0.137337,0.137337,,,,,,
754,1,DDP,,Cana,,,2020,,,,,,,,100.2053,494.0395,,,,,,0.153207,0.153207,,,,,,
754,1,DDP,,Cana,,,2021,,,,,,,,100.2053,494.0395,,,,,,0.150189,0.150189,,,,,,
754,1,DDP,,Cana,,,2022,,,,,,,,100.2053,494.0395,,,,,,0.1514087517554316,0.1514087517554316,,,,,,
754,1,DDP,,Cana,,,2023,,,,,,,,100.6362,487.0461,,,,,,0.1520910454544634,0.1520910454544634,,,,,,
754,1,DDP,,Cana,,,2024,,,,,,,,100.6047,483.1183,,,,,,0.15325538488869134,0.15325538488869134,,,,,,
754,1,DDP,,Cana,,,2025,,,,,,,,100.5732,479.1905,,,,,,0.15459085198031397,0.15459085198031397,,,,,,
754,1,DDP,,Cana,,,2026,,,,,,,,100.5417,475.2626,,,,,,0.15587061572152552,0.15587061572152552,,,,,,
754,1,DDP,,Cana,,,2027,,,,,,,,100.5102,471.3348,,,,,,0.1313947606204403,0.1313947606204403,,,,,,
754,1,DDP,,Cana,,,2028,,,,,,,,100.4787,467.4069,,,,,,0.12931663514300565,0.12931663514300565,,,,,,
754,1,DDP,,Cana,,,2029,,,,,,,,100.4472,463.4791,,,,,,0.12728960535112047,0.12728960535112047,,,,,,
754,1,DDP,,Cana,,,2030,,,,,,,,100.4158,459.5513,,,,,,0.1253115492067571,0.1253115492067571,,,,,,
754,1,DDP,,Cana,,,2031,,,,,,,,100.3843,455.6234,,,,,,0.12338045254665146,0.12338045254665146,,,,,,
754,1,DDP,,Cana,,,2032,,,,,,,,100.3528,451.6956,,,,,,0.12149440203751442,0.12149440203751442,,,,,,
754,1,DDP,,Cana,,,2033,,,,,,,,100.3213,447.7677,,,,,,0.11965157866425315,0.11965157866425315,,,,,,
754,1,DDP,,Cana,,,2034,,,,,,,,100.2898,443.8399,,,,,,0.11785025170415173,0.11785025170415173,,,,,,
754,1,DDP,,Cana,,,2035,,,,,,,,100.2583,439.9121,,,,,,0.11608877314461845,0.11608877314461845,,,,,,
754,1,DDP,,Cana,,,2036,,,,,,,,100.2268,435.9842,,,,,,0.11436557250624513,0.11436557250624513,,,,,,
754,1,DDP,,Cana,,,2037,,,,,,,,100.1953,432.0564,,,,,,0.1126791520366116,0.1126791520366116,,,,,,
754,1,DDP,,Cana,,,2038,,,,,,,,100.1639,428.1286,,,,,,0.11102808224356037,0.11102808224356037,,,,,,
754,1,DDP,,Cana,,,2039,,,,,,,,100.1324,424.2007,,,,,,0.1094109977396071,0.1094109977396071,,,,,,
754,1,DDP,,Cana,,,2040,,,,,,,,100.1009,420.2729,,,,,,0.1078265933717794,0.1078265933717794,,,,,,
754,1,DDP,,Cana,,,2041,,,,,,,,100.0694,416.345,,,,,,0.10627362061353683,0.10627362061353683,,,,,,
754,1,DDP,,Cana,,,2042,,,,,,,,100.0379,412.4172,,,,,,0.10475088419753453,0.10475088419753453,,,,,,
754,1,DDP,,Cana,,,2043,,,,,,,,100.0064,408.4894,,,,,,0.10325723896989109,0.10325723896989109,,,,,,
754,1,DDP,,Cana,,,2044,,,,,,,,99.9749,404.5615,,,,,,0.10179158694832739,0.10179158694832739,,,,,,
754,1,DDP,,Cana,,,2045,,,,,,,,99.9434,400.6337,,,,,,0.10035287456807689,0.10035287456807689,,,,,,
754,1,DDP,,Cana,,,2046,,,,,,,,99.912,396.7058,,,,,,0.09894009010085147,0.09894009010085147,,,,,,
754,1,DDP,,Cana,,,2047,,,,,,,,99.8805,392.778,,,,,,0.09755226123339265,0.09755226123339265,,,,,,
754,1,DDP,,Cana,,,2048,,,,,,,,99.849,388.8502,,,,,,0.09618845279326455,0.09618845279326455,,,,,,
754,1,DDP,,Cana,,,2049,,,,,,,,99.8175,384.9223,,,,,,0.09484776461056006,0.09484776461056006,,,,,,
754,1,DDP,,Cana,,,2050,,,,,,,,99.786,380.9945,,,,,,0.09426836722727683,0.09426836722727683,,,,,,
754,1,DDP,,Cana,,,2051,,,,,,,,99.7545,377.0667,,,,,,0.09407444678173871,0.09407444678173871,,,,,,
754,1,DDP,,Cana,,,2052,,,,,,,,99.723,373.1388,,,,,,0.0938817457372525,0.0938817457372525,,,,,,
754,1,DDP,,Cana,,,2053,,,,,,,,99.6915,369.211,,,,,,0.09369025227377754,0.09369025227377754,,,,,,
754,1,DDP,,Cana,,,2054,,,,,,,,99.6601,365.2831,,,,,,0.09349995472239646,0.09349995472239646,,,,,,
754,1,DDP,,Cana,,,2055,,,,,,,,99.6286,361.3553,,,,,,0.09331084156244146,0.09331084156244146,,,,,,
754,1,DDP,,Cana,,,2056,,,,,,,,99.5971,357.4275,,,,,,0.09312290141866435,0.09312290141866435,,,,,,
754,1,DDP,,Cana,,,2057,,,,,,,,99.5656,353.4996,,,,,,0.09293612305844964,0.09293612305844964,,,,,,
754,1,DDP,,Cana,,,2058,,,,,,,,99.5341,349.5718,,,,,,0.09275049538907126,0.09275049538907126,,,,,,
754,1,DDP,,Cana,,,2059,,,,,,,,99.5026,345.6439,,,,,,0.09256600745498852,0.09256600745498852,,,,,,
754,1,DDP,,Cana,,,2060,,,,,,,,99.4711,341.7161,,,,,,0.09238264843518465,0.09238264843518465,,,,,,
754,1,DDP,,Cana,,,2061,,,,,,,,99.4396,337.7883,,,,,,0.09220040764054349,0.09220040764054349,,,,,,
754,1,DDP,,Cana,,,2062,,,,,,,,99.4082,333.8604,,,,,,0.092019274511265,0.092019274511265,,,,,,
754,1,DDP,,Cana,,,2063,,,,,,,,99.3767,329.9326,,,,,,0.0918392386143192,0.0918392386143192,,,,,,
754,1,DDP,,Cana,,,2064,,,,,,,,99.3452,326.0048,,,,,,0.09166028964093567,0.09166028964093567,,,,,,
754,1,DDP,,Cana,,,2065,,,,,,,,99.3137,322.0769,,,,,,0.0914824174041303,0.0914824174041303,,,,,,
754,1,DDP,,Cana,,,2066,,,,,,,,99.2822,318.1491,,,,,,0.0913056118362658,0.0913056118362658,,,,,,
754,1,DDP,,Cana,,,2067,,,,,,,,99.2507,314.2212,,,,,,0.09112986298664749,0.09112986298664749,,,,,,
754,1,DDP,,Cana,,,2068,,,,,,,,99.2192,310.2934,,,,,,0.09095516101915166,0.09095516101915166,,,,,,
754,1,DDP,,Cana,,,2069,,,,,,,,99.1877,306.3656,,,,,,0.0907814962098869,0.0907814962098869,,,,,,
754,1,DDP,,Cana,,,2070,,,,,,,,99.1563,302.4377,,,,,,0.09060885894488685,0.09060885894488685,,,,,,
754,1,DDP,,Maiz,,,2018,,,,,,,,1328.6243,727.259,,,,,,0.435391,0.435391,,,,,,
754,1,DDP,,Maiz,,,2019,,,,,,,,1328.6243,727.259,,,,,,0.388838,0.388838,,,,,,
754,1,DDP,,Maiz,,,2020,,,,,,,,1328.6243,727.259,,,,,,0.415235,0.415235,,,,,,
754,1,DDP,,Maiz,,,2021,,,,,,,,1328.6243,727.259,,,,,,0.4394,0.4394,,,,,,
754,1,DDP,,Maiz,,,2022,,,,,,,,1328.6243,727.259,,,,,,0.4429685630860891,0.4429685630860891,,,,,,
754,1,DDP,,Maiz,,,2023,,,,,,,,1334.3374,715.1169,,,,,,0.4437090086929487,0.4437090086929487,,,,,,
754,1,DDP,,Maiz,,,2024,,,,,,,,1333.9199,711.6451,,,,,,0.44647651693698187,0.44647651693698187,,,,,,
754,1,DDP,,Maiz,,,2025,,,,,,,,1333.5024,708.1732,,,,,,0.4497345299717296,0.4497345299717296,,,,,,
754,1,DDP,,Maiz,,,2026,,,,,,,,1333.0849,704.7014,,,,,,0.45282202283564277,0.45282202283564277,,,,,,
754,1,DDP,,Maiz,,,2027,,,,,,,,1332.6674,701.2296,,,,,,0.45994570612554303,0.45994570612554303,,,,,,
754,1,DDP,,Maiz,,,2028,,,,,,,,1332.25,697.7577,,,,,,0.465717661443955,0.465717661443955,,,,,,
754,1,DDP,,Maiz,,,2029,,,,,,,,1331.8325,694.2859,,,,,,0.46864788165433596,0.46864788165433596,,,,,,
754,1,DDP,,Maiz,,,2030,,,,,,,,1331.415,690.8141,,,,,,0.4725199601427583,0.4725199601427583,,,,,,
754,1,DDP,,Maiz,,,2031,,,,,,,,1330.9975,687.3422,,,,,,0.48014363120269055,0.48014363120269055,,,,,,
754,1,DDP,,Maiz,,,2032,,,,,,,,1330.58,683.8704,,,,,,0.4846363284433647,0.4846363284433647,,,,,,
754,1,DDP,,Maiz,,,2033,,,,,,,,1330.1625,680.3986,,,,,,0.49125698835479553,0.49125698835479553,,,,,,
754,1,DDP,,Maiz,,,2034,,,,,,,,1329.745,676.9267,,,,,,0.4954851924890324,0.4954851924890324,,,,,,
754,1,DDP,,Maiz,,,2035,,,,,,,,1329.3275,673.4549,,,,,,0.49979379466347834,0.49979379466347834,,,,,,
754,1,DDP,,Maiz,,,2036,,,,,,,,1328.91,669.9831,,,,,,0.5051250229995029,0.5051250229995029,,,,,,
754,1,DDP,,Maiz,,,2037,,,,,,,,1328.4925,666.5112,,,,,,0.5091466228211476,0.5091466228211476,,,,,,
754,1,DDP,,Maiz,,,2038,,,,,,,,1328.075,663.0394,,,,,,0.5136178775140713,0.5136178775140713,,,,,,
754,1,DDP,,Maiz,,,2039,,,,,,,,1327.6575,659.5676,,,,,,0.5190779496378348,0.5190779496378348,,,,,,
754,1,DDP,,Maiz,,,2040,,,,,,,,1327.24,656.0957,,,,,,0.5233629649663154,0.5233629649663154,,,,,,
754,1,DDP,,Maiz,,,2041,,,,,,,,1326.8225,652.6239,,,,,,0.5277827653843529,0.5277827653843529,,,,,,
754,1,DDP,,Maiz,,,2042,,,,,,,,1326.405,649.1521,,,,,,0.5319962804393582,0.5319962804393582,,,,,,
754,1,DDP,,Maiz,,,2043,,,,,,,,1325.9875,645.6802,,,,,,0.5337693477904696,0.5337693477904696,,,,,,
754,1,DDP,,Maiz,,,2044,,,,,,,,1325.57,642.2084,,,,,,0.5379119625076526,0.5379119625076526,,,,,,
754,1,DDP,,Maiz,,,2045,,,,,,,,1325.1525,638.7366,,,,,,0.5403555223099221,0.5403555223099221,,,,,,
754,1,DDP,,Maiz,,,2046,,,,,,,,1324.735,635.2648,,,,,,0.5451167553863933,0.5451167553863933,,,,,,
754,1,DDP,,Maiz,,,2047,,,,,,,,1324.3176,631.7929,,,,,,0.5475660733846026,0.5475660733846026,,,,,,
754,1,DDP,,Maiz,,,2048,,,,,,,,1323.9001,628.3211,,,,,,0.5497766717427376,0.5497766717427376,,,,,,
754,1,DDP,,Maiz,,,2049,,,,,,,,1323.4826,624.8493,,,,,,0.5522004552644525,0.5522004552644525,,,,,,
754,1,DDP,,Maiz,,,2050,,,,,,,,1323.0651,621.3774,,,,,,0.5589326202787747,0.5589326202787747,,,,,,
754,1,DDP,,Maiz,,,2051,,,,,,,,1322.6476,617.9056,,,,,,0.569213343798385,0.569213343798385,,,,,,
754,1,DDP,,Maiz,,,2052,,,,,,,,1322.2301,614.4338,,,,,,0.5784635643401139,0.5784635643401139,,,,,,
754,1,DDP,,Maiz,,,2053,,,,,,,,1321.8126,610.9619,,,,,,0.5876909369488723,0.5876909369488723,,,,,,
754,1,DDP,,Maiz,,,2054,,,,,,,,1321.3951,607.4901,,,,,,0.5972180021308575,0.5972180021308575,,,,,,
754,1,DDP,,Maiz,,,2055,,,,,,,,1320.9776,604.0183,,,,,,0.6068142251342422,0.6068142251342422,,,,,,
754,1,DDP,,Maiz,,,2056,,,,,,,,1320.5601,600.5464,,,,,,0.6166736626032986,0.6166736626032986,,,,,,
754,1,DDP,,Maiz,,,2057,,,,,,,,1320.1426,597.0746,,,,,,0.626163368306867,0.626163368306867,,,,,,
754,1,DDP,,Maiz,,,2058,,,,,,,,1319.7251,593.6028,,,,,,0.6357259857612841,0.6357259857612841,,,,,,
754,1,DDP,,Maiz,,,2059,,,,,,,,1319.3076,590.1309,,,,,,0.6453571554830992,0.6453571554830992,,,,,,
754,1,DDP,,Maiz,,,2060,,,,,,,,1318.8901,586.6591,,,,,,0.6550080887170425,0.6550080887170425,,,,,,
754,1,DDP,,Maiz,,,2061,,,,,,,,1318.4726,583.1873,,,,,,0.6646337158884302,0.6646337158884302,,,,,,
754,1,DDP,,Maiz,,,2062,,,,,,,,1318.0551,579.7154,,,,,,0.6742621606381363,0.6742621606381363,,,,,,
754,1,DDP,,Maiz,,,2063,,,,,,,,1317.6376,576.2436,,,,,,0.683904280255457,0.683904280255457,,,,,,
754,1,DDP,,Maiz,,,2064,,,,,,,,1317.2201,572.7718,,,,,,0.6935617668630707,0.6935617668630707,,,,,,
754,1,DDP,,Maiz,,,2065,,,,,,,,1316.8026,569.2999,,,,,,0.7032038906977898,0.7032038906977898,,,,,,
754,1,DDP,,Maiz,,,2066,,,,,,,,1316.3852,565.8281,,,,,,0.7128281087902285,0.7128281087902285,,,,,,
754,1,DDP,,Maiz,,,2067,,,,,,,,1315.9677,562.3563,,,,,,0.7224194706865358,0.7224194706865358,,,,,,
754,1,DDP,,Maiz,,,2068,,,,,,,,1315.5502,558.8844,,,,,,0.7319988800042363,0.7319988800042363,,,,,,
754,1,DDP,,Maiz,,,2069,,,,,,,,1315.1327,555.4126,,,,,,0.7415579224377218,0.7415579224377218,,,,,,
754,1,DDP,,Maiz,,,2070,,,,,,,,1314.7152,551.9408,,,,,,0.7510886353907694,0.7510886353907694,,,,,,
754,1,DDP,,Palma,,,2018,,,,,,,,16.7912,191.5754,,,,,,0.223962,0.223962,,,,,,
754,1,DDP,,Palma,,,2019,,,,,,,,16.7912,191.5754,,,,,,0.200908,0.200908,,,,,,
754,1,DDP,,Palma,,,2020,,,,,,,,16.7912,191.5754,,,,,,0.188469,0.188469,,,,,,
754,1,DDP,,Palma,,,2021,,,,,,,,16.7912,191.5754,,,,,,0.152529,0.152529,,,,,,
754,1,DDP,,Palma,,,2022,,,,,,,,16.7912,191.5754,,,,,,0.1537677559375469,0.1537677559375469,,,,,,
754,1,DDP,,Palma,,,2023,,,,,,,,16.8634,174.078,,,,,,0.1540247869524961,0.1540247869524961,,,,,,
754,1,DDP,,Palma,,,2024,,,,,,,,16.8581,172.8992,,,,,,0.15498547258052098,0.15498547258052098,,,,,,
754,1,DDP,,Palma,,,2025,,,,,,,,16.8528,171.7205,,,,,,0.15611642722361851,0.15611642722361851,,,,,,
754,1,DDP,,Palma,,,2026,,,,,,,,16.8475,170.5418,,,,,,0.15718818916954427,0.15718818916954427,,,,,,
754,1,DDP,,Palma,,,2027,,,,,,,,16.8423,169.3631,,,,,,0.15966103461452652,0.15966103461452652,,,,,,
754,1,DDP,,Palma,,,2028,,,,,,,,16.837,168.1844,,,,,,0.16166465448881426,0.16166465448881426,,,,,,
754,1,DDP,,Palma,,,2029,,,,,,,,16.8317,167.0057,,,,,,0.16268182235060138,0.16268182235060138,,,,,,
754,1,DDP,,Palma,,,2030,,,,,,,,16.8264,165.827,,,,,,0.16402593764363854,0.16402593764363854,,,,,,
754,1,DDP,,Palma,,,2031,,,,,,,,16.8212,164.6483,,,,,,0.16667234393198724,0.16667234393198724,,,,,,
754,1,DDP,,Palma,,,2032,,,,,,,,16.8159,163.4696,,,,,,0.16823189472266267,0.16823189472266267,,,,,,
754,1,DDP,,Palma,,,2033,,,,,,,,16.8106,162.2909,,,,,,0.17053012557298272,0.17053012557298272,,,,,,
754,1,DDP,,Palma,,,2034,,,,,,,,16.8053,161.1122,,,,,,0.17199786282466914,0.17199786282466914,,,,,,
754,1,DDP,,Palma,,,2035,,,,,,,,16.8001,159.9334,,,,,,0.1734935086623252,0.1734935086623252,,,,,,
754,1,DDP,,Palma,,,2036,,,,,,,,16.7948,158.7547,,,,,,0.17534413890098133,0.17534413890098133,,,,,,
754,1,DDP,,Palma,,,2037,,,,,,,,16.7895,157.576,,,,,,0.17674015756096229,0.17674015756096229,,,,,,
754,1,DDP,,Palma,,,2038,,,,,,,,16.7842,156.3973,,,,,,0.1782922649962308,0.1782922649962308,,,,,,
754,1,DDP,,Palma,,,2039,,,,,,,,16.7789,155.2186,,,,,,0.18018762080179632,0.18018762080179632,,,,,,
754,1,DDP,,Palma,,,2040,,,,,,,,16.7737,154.0399,,,,,,0.1816750789334255,0.1816750789334255,,,,,,
754,1,DDP,,Palma,,,2041,,,,,,,,16.7684,152.8612,,,,,,0.18320932503711873,0.18320932503711873,,,,,,
754,1,DDP,,Palma,,,2042,,,,,,,,16.7631,151.6825,,,,,,0.18467196326612406,0.18467196326612406,,,,,,
754,1,DDP,,Palma,,,2043,,,,,,,,16.7578,150.5038,,,,,,0.18528744845046088,0.18528744845046088,,,,,,
754,1,DDP,,Palma,,,2044,,,,,,,,16.7526,149.3251,,,,,,0.18672547503261216,0.18672547503261216,,,,,,
754,1,DDP,,Palma,,,2045,,,,,,,,16.7473,148.1464,,,,,,0.187573708380542,0.187573708380542,,,,,,
754,1,DDP,,Palma,,,2046,,,,,,,,16.742,146.9676,,,,,,0.18922647606356668,0.18922647606356668,,,,,,
754,1,DDP,,Palma,,,2047,,,,,,,,16.7367,145.7889,,,,,,0.19007670825507533,0.19007670825507533,,,,,,
754,1,DDP,,Palma,,,2048,,,,,,,,16.7315,144.6102,,,,,,0.1908440736555486,0.1908440736555486,,,,,,
754,1,DDP,,Palma,,,2049,,,,,,,,16.7262,143.4315,,,,,,0.1916854420596989,0.1916854420596989,,,,,,
754,1,DDP,,Palma,,,2050,,,,,,,,16.7209,142.2528,,,,,,0.1940223796961795,0.1940223796961795,,,,,,
754,1,DDP,,Palma,,,2051,,,,,,,,16.7156,141.0741,,,,,,0.19759112907652238,0.19759112907652238,,,,,,
754,1,DDP,,Palma,,,2052,,,,,,,,16.7104,139.8954,,,,,,0.2008021597752237,0.2008021597752237,,,,,,
754,1,DDP,,Palma,,,2053,,,,,,,,16.7051,138.7167,,,,,,0.20400525926689717,0.20400525926689717,,,,,,
754,1,DDP,,Palma,,,2054,,,,,,,,16.6998,137.538,,,,,,0.20731239109471464,0.20731239109471464,,,,,,
754,1,DDP,,Palma,,,2055,,,,,,,,16.6945,136.3593,,,,,,0.21064352968935113,0.21064352968935113,,,,,,
754,1,DDP,,Palma,,,2056,,,,,,,,16.6893,135.1806,,,,,,0.21406603796818063,0.21406603796818063,,,,,,
754,1,DDP,,Palma,,,2057,,,,,,,,16.684,134.0018,,,,,,0.21736020119362362,0.21736020119362362,,,,,,
754,1,DDP,,Palma,,,2058,,,,,,,,16.6787,132.8231,,,,,,0.22067967428808147,0.22067967428808147,,,,,,
754,1,DDP,,Palma,,,2059,,,,,,,,16.6734,131.6444,,,,,,0.22402294394329023,0.22402294394329023,,,,,,
754,1,DDP,,Palma,,,2060,,,,,,,,16.6681,130.4657,,,,,,0.22737307410997232,0.22737307410997232,,,,,,
754,1,DDP,,Palma,,,2061,,,,,,,,16.6629,129.287,,,,,,0.23071441977866733,0.23071441977866733,,,,,,
754,1,DDP,,Palma,,,2062,,,,,,,,16.6576,128.1083,,,,,,0.2340567435138241,0.2340567435138241,,,,,,
754,1,DDP,,Palma,,,2063,,,,,,,,16.6523,126.9296,,,,,,0.2374038142082035,0.2374038142082035,,,,,,
754,1,DDP,,Palma,,,2064,,,,,,,,16.647,125.7509,,,,,,0.24075621924865115,0.24075621924865115,,,,,,
754,1,DDP,,Palma,,,2065,,,,,,,,16.6418,124.5722,,,,,,0.24410329140701686,0.24410329140701686,,,,,,
754,1,DDP,,Palma,,,2066,,,,,,,,16.6365,123.3935,,,,,,0.24744414794188613,0.24744414794188613,,,,,,
754,1,DDP,,Palma,,,2067,,,,,,,,16.6312,122.2148,,,,,,0.25077359909956,0.25077359909956,,,,,,
754,1,DDP,,Palma,,,2068,,,,,,,,16.6259,121.036,,,,,,0.25409890115650013,0.25409890115650013,,,,,,
754,1,DDP,,Palma,,,2069,,,,,,,,16.6207,119.8573,,,,,,0.25741713325330745,0.25741713325330745,,,,,,
754,1,DDP,,Palma,,,2070,,,,,,,,16.6154,118.6786,,,,,,0.26072553133254145,0.26072553133254145,,,,,,
754,1,DDP,,Soya,,,2018,,,,,,,,130.3857,168.784,,,,,,0.023134,0.023134,,,,,,
754,1,DDP,,Soya,,,2019,,,,,,,,130.3857,168.784,,,,,,0.02702,0.02702,,,,,,
754,1,DDP,,Soya,,,2020,,,,,,,,130.3857,168.784,,,,,,0.019682,0.019682,,,,,,
754,1,DDP,,Soya,,,2021,,,,,,,,130.3857,168.784,,,,,,0.018807,0.018807,,,,,,
754,1,DDP,,Soya,,,2022,,,,,,,,130.3857,168.784,,,,,,0.0189597400226675,0.0189597400226675,,,,,,
754,1,DDP,,Soya,,,2023,,,,,,,,130.9464,167.5414,,,,,,0.0190451783543541,0.0190451783543541,,,,,,
754,1,DDP,,Soya,,,2024,,,,,,,,130.9054,166.5838,,,,,,0.019190979523144986,0.019190979523144986,,,,,,
754,1,DDP,,Soya,,,2025,,,,,,,,130.8644,165.6262,,,,,,0.019358209677098615,0.019358209677098615,,,,,,
754,1,DDP,,Soya,,,2026,,,,,,,,130.8235,164.6686,,,,,,0.019518464533852246,0.019518464533852246,,,,,,
754,1,DDP,,Soya,,,2027,,,,,,,,130.7825,163.711,,,,,,0.019853293069977688,0.019853293069977688,,,,,,
754,1,DDP,,Soya,,,2028,,,,,,,,130.7415,162.7534,,,,,,0.02013053397357413,0.02013053397357413,,,,,,
754,1,DDP,,Soya,,,2029,,,,,,,,130.7005,161.7957,,,,,,0.020285446844392933,0.020285446844392933,,,,,,
754,1,DDP,,Soya,,,2030,,,,,,,,130.6596,160.8381,,,,,,0.0204815183293811,0.0204815183293811,,,,,,
754,1,DDP,,Soya,,,2031,,,,,,,,130.6186,159.8805,,,,,,0.02084087612811925,0.02084087612811925,,,,,,
754,1,DDP,,Soya,,,2032,,,,,,,,130.5776,158.9229,,,,,,0.021065041562670934,0.021065041562670934,,,,,,
754,1,DDP,,Soya,,,2033,,,,,,,,130.5367,157.9653,,,,,,0.021382348336447494,0.021382348336447494,,,,,,
754,1,DDP,,Soya,,,2034,,,,,,,,130.4957,157.0077,,,,,,0.021596153080880313,0.021596153080880313,,,,,,
754,1,DDP,,Soya,,,2035,,,,,,,,130.4547,156.05,,,,,,0.021813954019475165,0.021813954019475165,,,,,,
754,1,DDP,,Soya,,,2036,,,,,,,,130.4137,155.0924,,,,,,0.02207694604654351,0.02207694604654351,,,,,,
754,1,DDP,,Soya,,,2037,,,,,,,,130.3728,154.1348,,,,,,0.02228323944772612,0.02228323944772612,,,,,,
754,1,DDP,,Soya,,,2038,,,,,,,,130.3318,153.1772,,,,,,0.02250970013927069,0.02250970013927069,,,,,,
754,1,DDP,,Soya,,,2039,,,,,,,,130.2908,152.2196,,,,,,0.022780069900577286,0.022780069900577286,,,,,,
754,1,DDP,,Soya,,,2040,,,,,,,,130.2499,151.262,,,,,,0.022999433200228483,0.022999433200228483,,,,,,
754,1,DDP,,Soya,,,2041,,,,,,,,130.2089,150.3043,,,,,,0.023225218550560027,0.023225218550560027,,,,,,
754,1,DDP,,Soya,,,2042,,,,,,,,130.1679,149.3467,,,,,,0.023442420326623997,0.023442420326623997,,,,,,
754,1,DDP,,Soya,,,2043,,,,,,,,130.1269,148.3891,,,,,,0.023552419279849517,0.023552419279849517,,,,,,
754,1,DDP,,Soya,,,2044,,,,,,,,130.086,147.4315,,,,,,0.02376730472493207,0.02376730472493207,,,,,,
754,1,DDP,,Soya,,,2045,,,,,,,,130.045,146.4739,,,,,,0.023907489062933,0.023907489062933,,,,,,
754,1,DDP,,Soya,,,2046,,,,,,,,130.004,145.5163,,,,,,0.024150623546451373,0.024150623546451373,,,,,,
754,1,DDP,,Soya,,,2047,,,,,,,,129.9631,144.5586,,,,,,0.024291738895601492,0.024291738895601492,,,,,,
754,1,DDP,,Soya,,,2048,,,,,,,,129.9221,143.601,,,,,,0.02442251864701239,0.02442251864701239,,,,,,
754,1,DDP,,Soya,,,2049,,,,,,,,129.8811,142.6434,,,,,,0.02456302160339682,0.02456302160339682,,,,,,
754,1,DDP,,Soya,,,2050,,,,,,,,129.8401,141.6858,,,,,,0.024895691660575116,0.024895691660575116,,,,,,
754,1,DDP,,Soya,,,2051,,,,,,,,129.7992,140.7282,,,,,,0.025387407205724393,0.025387407205724393,,,,,,
754,1,DDP,,Soya,,,2052,,,,,,,,129.7582,139.7706,,,,,,0.02583429728462077,0.02583429728462077,,,,,,
754,1,DDP,,Soya,,,2053,,,,,,,,129.7172,138.8129,,,,,,0.026281239171420074,0.026281239171420074,,,,,,
754,1,DDP,,Soya,,,2054,,,,,,,,129.6763,137.8553,,,,,,0.02674267064845715,0.02674267064845715,,,,,,
754,1,DDP,,Soya,,,2055,,,,,,,,129.6353,136.8977,,,,,,0.027208307134295066,0.027208307134295066,,,,,,
754,1,DDP,,Soya,,,2056,,,,,,,,129.5943,135.9401,,,,,,0.027686872344461752,0.027686872344461752,,,,,,
754,1,DDP,,Soya,,,2057,,,,,,,,129.5533,134.9825,,,,,,0.028149956928204697,0.028149956928204697,,,,,,
754,1,DDP,,Soya,,,2058,,,,,,,,129.5124,134.0249,,,,,,0.028617419910255786,0.028617419910255786,,,,,,
754,1,DDP,,Soya,,,2059,,,,,,,,129.4714,133.0673,,,,,,0.029089076569252015,0.029089076569252015,,,,,,
754,1,DDP,,Soya,,,2060,,,,,,,,129.4304,132.1096,,,,,,0.029562735894939216,0.029562735894939216,,,,,,
754,1,DDP,,Soya,,,2061,,,,,,,,129.3895,131.152,,,,,,0.03003636343303958,0.03003636343303958,,,,,,
754,1,DDP,,Soya,,,2062,,,,,,,,129.3485,130.1944,,,,,,0.030511226189934446,0.030511226189934446,,,,,,
754,1,DDP,,Soya,,,2063,,,,,,,,129.3075,129.2368,,,,,,0.03098781546266317,0.03098781546266317,,,,,,
754,1,DDP,,Soya,,,2064,,,,,,,,129.2665,128.2792,,,,,,0.031466209290161286,0.031466209290161286,,,,,,
754,1,DDP,,Soya,,,2065,,,,,,,,129.2256,127.3216,,,,,,0.03194501325232629,0.03194501325232629,,,,,,
754,1,DDP,,Soya,,,2066,,,,,,,,129.1846,126.3639,,,,,,0.0324241078245467,0.0324241078245467,,,,,,
754,1,DDP,,Soya,,,2067,,,,,,,,129.1436,125.4063,,,,,,0.03290280778767156,0.03290280778767156,,,,,,
754,1,DDP,,Soya,,,2068,,,,,,,,129.1027,124.4487,,,,,,0.03338205950743281,0.03338205950743281,,,,,,
754,1,DDP,,Soya,,,2069,,,,,,,,129.0617,123.4911,,,,,,0.03386147552922679,0.03386147552922679,,,,,,
754,1,DDP,,Soya,,,2070,,,,,,,,129.0207,122.5335,,,,,,0.0343406870832725,0.0343406870832725,,,,,,
754,1,DDP,,Palmito,,,2018,,,,,,,,42.111,160.7761,,,,,,0.0060070091686242,0.0060070091686242,,,,,,
754,1,DDP,,Palmito,,,2019,,,,,,,,42.111,160.7761,,,,,,0.0052425295496718,0.0052425295496718,,,,,,
754,1,DDP,,Palmito,,,2020,,,,,,,,42.111,160.7761,,,,,,0.0054959927723929,0.0054959927723929,,,,,,
754,1,DDP,,Palmito,,,2021,,,,,,,,42.111,160.7761,,,,,,0.0042527158461846,0.0042527158461846,,,,,,
754,1,DDP,,Palmito,,,2022,,,,,,,,42.111,160.7761,,,,,,0.0042872540455117,0.0042872540455117,,,,,,
754,1,DDP,,Palmito,,,2023,,,,,,,,42.2921,149.2499,,,,,,0.0043065737109042,0.0043065737109042,,,,,,
754,1,DDP,,Palmito,,,2024,,,,,,,,42.2788,148.2952,,,,,,0.004339542868181218,0.004339542868181218,,,,,,
754,1,DDP,,Palmito,,,2025,,,,,,,,42.2656,147.3406,,,,,,0.004377357635325224,0.004377357635325224,,,,,,
754,1,DDP,,Palmito,,,2026,,,,,,,,42.2524,146.386,,,,,,0.004413595119705744,0.004413595119705744,,,,,,
754,1,DDP,,Palmito,,,2027,,,,,,,,42.2391,145.4314,,,,,,0.00448930791926633,0.00448930791926633,,,,,,
754,1,DDP,,Palmito,,,2028,,,,,,,,42.2259,144.4768,,,,,,0.0045519987675640555,0.0045519987675640555,,,,,,
754,1,DDP,,Palmito,,,2029,,,,,,,,42.2127,143.5222,,,,,,0.004587028300211948,0.004587028300211948,,,,,,
754,1,DDP,,Palmito,,,2030,,,,,,,,42.1994,142.5676,,,,,,0.00463136478722182,0.00463136478722182,,,,,,
754,1,DDP,,Palmito,,,2031,,,,,,,,42.1862,141.613,,,,,,0.004712624244080565,0.004712624244080565,,,,,,
754,1,DDP,,Palmito,,,2032,,,,,,,,42.173,140.6583,,,,,,0.004763313449997789,0.004763313449997789,,,,,,
754,1,DDP,,Palmito,,,2033,,,,,,,,42.1597,139.7037,,,,,,0.0048350641569123555,0.0048350641569123555,,,,,,
754,1,DDP,,Palmito,,,2034,,,,,,,,42.1465,138.7491,,,,,,0.004883410561157506,0.004883410561157506,,,,,,
754,1,DDP,,Palmito,,,2035,,,,,,,,42.1333,137.7945,,,,,,0.004932660601189248,0.004932660601189248,,,,,,
754,1,DDP,,Palmito,,,2036,,,,,,,,42.1201,136.8399,,,,,,0.0049921294351837,0.0049921294351837,,,,,,
754,1,DDP,,Palmito,,,2037,,,,,,,,42.1068,135.8853,,,,,,0.005038777343737501,0.005038777343737501,,,,,,
754,1,DDP,,Palmito,,,2038,,,,,,,,42.0936,134.9307,,,,,,0.005089985562564006,0.005089985562564006,,,,,,
754,1,DDP,,Palmito,,,2039,,,,,,,,42.0804,133.9761,,,,,,0.005151122680032904,0.005151122680032904,,,,,,
754,1,DDP,,Palmito,,,2040,,,,,,,,42.0671,133.0214,,,,,,0.0052007260075438745,0.0052007260075438745,,,,,,
754,1,DDP,,Palmito,,,2041,,,,,,,,42.0539,132.0668,,,,,,0.005251781515450026,0.005251781515450026,,,,,,
754,1,DDP,,Palmito,,,2042,,,,,,,,42.0407,131.1122,,,,,,0.005300896070396925,0.005300896070396925,,,,,,
754,1,DDP,,Palmito,,,2043,,,,,,,,42.0274,130.1576,,,,,,0.0053257694840963534,0.0053257694840963534,,,,,,
754,1,DDP,,Palmito,,,2044,,,,,,,,42.0142,129.203,,,,,,0.005374360260797418,0.005374360260797418,,,,,,
754,1,DDP,,Palmito,,,2045,,,,,,,,42.001,128.2484,,,,,,0.005406059317297905,0.005406059317297905,,,,,,
754,1,DDP,,Palmito,,,2046,,,,,,,,41.9877,127.2938,,,,,,0.005461037882237177,0.005461037882237177,,,,,,
754,1,DDP,,Palmito,,,2047,,,,,,,,41.9745,126.3392,,,,,,0.005492947462790718,0.005492947462790718,,,,,,
754,1,DDP,,Palmito,,,2048,,,,,,,,41.9613,125.3845,,,,,,0.005522519915663796,0.005522519915663796,,,,,,
754,1,DDP,,Palmito,,,2049,,,,,,,,41.948,124.4299,,,,,,0.005554291019457719,0.005554291019457719,,,,,,
754,1,DDP,,Palmito,,,2050,,,,,,,,41.9348,123.4753,,,,,,0.005629515734920778,0.005629515734920778,,,,,,
754,1,DDP,,Palmito,,,2051,,,,,,,,41.9216,122.5207,,,,,,0.005740704467343313,0.005740704467343313,,,,,,
754,1,DDP,,Palmito,,,2052,,,,,,,,41.9083,121.5661,,,,,,0.005841757081796746,0.005841757081796746,,,,,,
754,1,DDP,,Palmito,,,2053,,,,,,,,41.8951,120.6115,,,,,,0.00594282141126535,0.00594282141126535,,,,,,
754,1,DDP,,Palmito,,,2054,,,,,,,,41.8819,119.6569,,,,,,0.006047162186206806,0.006047162186206806,,,,,,
754,1,DDP,,Palmito,,,2055,,,,,,,,41.8686,118.7023,,,,,,0.006152453814955923,0.006152453814955923,,,,,,
754,1,DDP,,Palmito,,,2056,,,,,,,,41.8554,117.7477,,,,,,0.006260668939787531,0.006260668939787531,,,,,,
754,1,DDP,,Palmito,,,2057,,,,,,,,41.8422,116.793,,,,,,0.006365383521986008,0.006365383521986008,,,,,,
754,1,DDP,,Palmito,,,2058,,,,,,,,41.8289,115.8384,,,,,,0.006471088165537553,0.006471088165537553,,,,,,
754,1,DDP,,Palmito,,,2059,,,,,,,,41.8157,114.8838,,,,,,0.006577741100491119,0.006577741100491119,,,,,,
754,1,DDP,,Palmito,,,2060,,,,,,,,41.8025,113.9292,,,,,,0.006684846886636869,0.006684846886636869,,,,,,
754,1,DDP,,Palmito,,,2061,,,,,,,,41.7892,112.9746,,,,,,0.006791945484843319,0.006791945484843319,,,,,,
754,1,DDP,,Palmito,,,2062,,,,,,,,41.776,112.02,,,,,,0.006899323395781261,0.006899323395781261,,,,,,
754,1,DDP,,Palmito,,,2063,,,,,,,,41.7628,111.0654,,,,,,0.007007091713548849,0.007007091713548849,,,,,,
754,1,DDP,,Palmito,,,2064,,,,,,,,41.7495,110.1108,,,,,,0.007115268084629756,0.007115268084629756,,,,,,
754,1,DDP,,Palmito,,,2065,,,,,,,,41.7363,109.1561,,,,,,0.007223537197040838,0.007223537197040838,,,,,,
754,1,DDP,,Palmito,,,2066,,,,,,,,41.7231,108.2015,,,,,,0.007331872023387569,0.007331872023387569,,,,,,
754,1,DDP,,Palmito,,,2067,,,,,,,,41.7098,107.2469,,,,,,0.0074401176191098315,0.0074401176191098315,,,,,,
754,1,DDP,,Palmito,,,2068,,,,,,,,41.6966,106.2923,,,,,,0.007548487980301938,0.007548487980301938,,,,,,
754,1,DDP,,Palmito,,,2069,,,,,,,,41.6834,105.3377,,,,,,0.007656895494142459,0.007656895494142459,,,,,,
754,1,DDP,,Palmito,,,2070,,,,,,,,41.6701,104.3831,,,,,,0.007765256772898472,0.007765256772898472,,,,,,
754,1,DDP,,Legumbres,,,2018,,,,,,,,108.3114,265.5916,,,,,,0.043719,0.043719,,,,,,
754,1,DDP,,Legumbres,,,2019,,,,,,,,108.3114,265.5916,,,,,,0.052715,0.052715,,,,,,
754,1,DDP,,Legumbres,,,2020,,,,,,,,108.3114,265.5916,,,,,,0.044457,0.044457,,,,,,
754,1,DDP,,Legumbres,,,2021,,,,,,,,108.3114,265.5916,,,,,,0.062112,0.062112,,,,,,
754,1,DDP,,Legumbres,,,2022,,,,,,,,108.3114,265.5916,,,,,,0.0626164392134801,0.0626164392134801,,,,,,
754,1,DDP,,Legumbres,,,2023,,,,,,,,108.7771,228.7545,,,,,,0.063132268576308,0.063132268576308,,,,,,
754,1,DDP,,Legumbres,,,2024,,,,,,,,108.7431,228.1165,,,,,,0.06373268467102147,0.06373268467102147,,,,,,
754,1,DDP,,Legumbres,,,2025,,,,,,,,108.709,227.4785,,,,,,0.06440576164500296,0.06440576164500296,,,,,,
754,1,DDP,,Legumbres,,,2026,,,,,,,,108.675,226.8406,,,,,,0.06505720724115688,0.06505720724115688,,,,,,
754,1,DDP,,Legumbres,,,2027,,,,,,,,108.641,226.2026,,,,,,0.06629310572456713,0.06629310572456713,,,,,,
754,1,DDP,,Legumbres,,,2028,,,,,,,,108.6069,225.5646,,,,,,0.06733998222562734,0.06733998222562734,,,,,,
754,1,DDP,,Legumbres,,,2029,,,,,,,,108.5729,224.9266,,,,,,0.06797982633409624,0.06797982633409624,,,,,,
754,1,DDP,,Legumbres,,,2030,,,,,,,,108.5389,224.2886,,,,,,0.06875927722051844,0.06875927722051844,,,,,,
754,1,DDP,,Legumbres,,,2031,,,,,,,,108.5048,223.6506,,,,,,0.0700897894002609,0.0700897894002609,,,,,,
754,1,DDP,,Legumbres,,,2032,,,,,,,,108.4708,223.0126,,,,,,0.0709686772297863,0.0709686772297863,,,,,,
754,1,DDP,,Legumbres,,,2033,,,,,,,,108.4368,222.3746,,,,,,0.07216413489284208,0.07216413489284208,,,,,,
754,1,DDP,,Legumbres,,,2034,,,,,,,,108.4027,221.7366,,,,,,0.07301297920211215,0.07301297920211215,,,,,,
754,1,DDP,,Legumbres,,,2035,,,,,,,,108.3687,221.0986,,,,,,0.07387743434600513,0.07387743434600513,,,,,,
754,1,DDP,,Legumbres,,,2036,,,,,,,,108.3347,220.4606,,,,,,0.07489731582865286,0.07489731582865286,,,,,,
754,1,DDP,,Legumbres,,,2037,,,,,,,,108.3006,219.8226,,,,,,0.07572714247188145,0.07572714247188145,,,,,,
754,1,DDP,,Legumbres,,,2038,,,,,,,,108.2666,219.1846,,,,,,0.07662757924014643,0.07662757924014643,,,,,,
754,1,DDP,,Legumbres,,,2039,,,,,,,,108.2326,218.5467,,,,,,0.07767992589355627,0.07767992589355627,,,,,,
754,1,DDP,,Legumbres,,,2040,,,,,,,,108.1985,217.9087,,,,,,0.07856072226542046,0.07856072226542046,,,,,,
754,1,DDP,,Legumbres,,,2041,,,,,,,,108.1645,217.2707,,,,,,0.07946556718881086,0.07946556718881086,,,,,,
754,1,DDP,,Legumbres,,,2042,,,,,,,,108.1305,216.6327,,,,,,0.08034313243179703,0.08034313243179703,,,,,,
754,1,DDP,,Legumbres,,,2043,,,,,,,,108.0964,215.9947,,,,,,0.08085470322060494,0.08085470322060494,,,,,,
754,1,DDP,,Legumbres,,,2044,,,,,,,,108.0624,215.3567,,,,,,0.08172774140849956,0.08172774140849956,,,,,,
754,1,DDP,,Legumbres,,,2045,,,,,,,,108.0284,214.7187,,,,,,0.08234546834520652,0.08234546834520652,,,,,,
754,1,DDP,,Legumbres,,,2046,,,,,,,,107.9943,214.0807,,,,,,0.08331950215189904,0.08331950215189904,,,,,,
754,1,DDP,,Legumbres,,,2047,,,,,,,,107.9603,213.4427,,,,,,0.08394327992706406,0.08394327992706406,,,,,,
754,1,DDP,,Legumbres,,,2048,,,,,,,,107.9262,212.8047,,,,,,0.08453241023179654,0.08453241023179654,,,,,,
754,1,DDP,,Legumbres,,,2049,,,,,,,,107.8922,212.1667,,,,,,0.08515625458489309,0.08515625458489309,,,,,,
754,1,DDP,,Legumbres,,,2050,,,,,,,,107.8582,211.5287,,,,,,0.08644849396416644,0.08644849396416644,,,,,,
754,1,DDP,,Legumbres,,,2051,,,,,,,,107.8241,210.8907,,,,,,0.08829713237671463,0.08829713237671463,,,,,,
754,1,DDP,,Legumbres,,,2052,,,,,,,,107.7901,210.2527,,,,,,0.08999460720626663,0.08999460720626663,,,,,,
754,1,DDP,,Legumbres,,,2053,,,,,,,,107.7561,209.6148,,,,,,0.09169672989885512,0.09169672989885512,,,,,,
754,1,DDP,,Legumbres,,,2054,,,,,,,,107.722,208.9768,,,,,,0.09345393267883143,0.09345393267883143,,,,,,
754,1,DDP,,Legumbres,,,2055,,,,,,,,107.688,208.3388,,,,,,0.09523043531663881,0.09523043531663881,,,,,,
754,1,DDP,,Legumbres,,,2056,,,,,,,,107.654,207.7008,,,,,,0.09705686509772335,0.09705686509772335,,,,,,
754,1,DDP,,Legumbres,,,2057,,,,,,,,107.6199,207.0628,,,,,,0.09883366612022598,0.09883366612022598,,,,,,
754,1,DDP,,Legumbres,,,2058,,,,,,,,107.5859,206.4248,,,,,,0.10063039491735529,0.10063039491735529,,,,,,
754,1,DDP,,Legumbres,,,2059,,,,,,,,107.5519,205.7868,,,,,,0.10244644956367141,0.10244644956367141,,,,,,
754,1,DDP,,Legumbres,,,2060,,,,,,,,107.5178,205.1488,,,,,,0.10427414721070584,0.10427414721070584,,,,,,
754,1,DDP,,Legumbres,,,2061,,,,,,,,107.4838,204.5108,,,,,,0.10610631061479169,0.10610631061479169,,,,,,
754,1,DDP,,Legumbres,,,2062,,,,,,,,107.4498,203.8728,,,,,,0.10794739926152348,0.10794739926152348,,,,,,
754,1,DDP,,Legumbres,,,2063,,,,,,,,107.4157,203.2348,,,,,,0.10979915130073759,0.10979915130073759,,,,,,
754,1,DDP,,Legumbres,,,2064,,,,,,,,107.3817,202.5968,,,,,,0.11166184886832099,0.11166184886832099,,,,,,
754,1,DDP,,Legumbres,,,2065,,,,,,,,107.3477,201.9588,,,,,,0.1135305426976405,0.1135305426976405,,,,,,
754,1,DDP,,Legumbres,,,2066,,,,,,,,107.3136,201.3208,,,,,,0.11540479160860809,0.11540479160860809,,,,,,
754,1,DDP,,Legumbres,,,2067,,,,,,,,107.2796,200.6829,,,,,,0.11728213558294727,0.11728213558294727,,,,,,
754,1,DDP,,Legumbres,,,2068,,,,,,,,107.2456,200.0449,,,,,,0.11916592467328078,0.11916592467328078,,,,,,
754,1,DDP,,Legumbres,,,2069,,,,,,,,107.2115,199.4069,,,,,,0.12105476054506674,0.12105476054506674,,,,,,
754,1,DDP,,Legumbres,,,2070,,,,,,,,107.1775,198.7689,,,,,,0.12294730375057147,0.12294730375057147,,,,,,
754,1,DDP,,Cereales,,,2018,,,,,,,,277.8947,352.3425,,,,,,0.014676,0.014676,,,,,,
754,1,DDP,,Cereales,,,2019,,,,,,,,277.8947,352.3425,,,,,,0.014842,0.014842,,,,,,
754,1,DDP,,Cereales,,,2020,,,,,,,,277.8947,352.3425,,,,,,0.02312,0.02312,,,,,,
754,1,DDP,,Cereales,,,2021,,,,,,,,277.8947,352.3425,,,,,,0.018135,0.018135,,,,,,
754,1,DDP,,Cereales,,,2022,,,,,,,,277.8947,352.3425,,,,,,0.0182822824113933,0.0182822824113933,,,,,,
754,1,DDP,,Cereales,,,2023,,,,,,,,279.0896,326.9452,,,,,,0.0183446842787106,0.0183446842787106,,,,,,
754,1,DDP,,Cereales,,,2024,,,,,,,,279.0023,325.1183,,,,,,0.018475107535892536,0.018475107535892536,,,,,,
754,1,DDP,,Cereales,,,2025,,,,,,,,278.915,323.2914,,,,,,0.01862603249228589,0.01862603249228589,,,,,,
754,1,DDP,,Cereales,,,2026,,,,,,,,278.8277,321.4645,,,,,,0.01877011120654366,0.01877011120654366,,,,,,
754,1,DDP,,Cereales,,,2027,,,,,,,,278.7403,319.6376,,,,,,0.019081849702272058,0.019081849702272058,,,,,,
754,1,DDP,,Cereales,,,2028,,,,,,,,278.653,317.8106,,,,,,0.019337958449443794,0.019337958449443794,,,,,,
754,1,DDP,,Cereales,,,2029,,,,,,,,278.5657,315.9837,,,,,,0.01947636940667015,0.01947636940667015,,,,,,
754,1,DDP,,Cereales,,,2030,,,,,,,,278.4784,314.1568,,,,,,0.019654153908697996,0.019654153908697996,,,,,,
754,1,DDP,,Cereales,,,2031,,,,,,,,278.3911,312.3299,,,,,,0.01998838178762477,0.01998838178762477,,,,,,
754,1,DDP,,Cereales,,,2032,,,,,,,,278.3037,310.503,,,,,,0.02019268733776292,0.02019268733776292,,,,,,
754,1,DDP,,Cereales,,,2033,,,,,,,,278.2164,308.676,,,,,,0.0204860397565937,0.0204860397565937,,,,,,
754,1,DDP,,Cereales,,,2034,,,,,,,,278.1291,306.8491,,,,,,0.020679997866525725,0.020679997866525725,,,,,,
754,1,DDP,,Cereales,,,2035,,,,,,,,278.0418,305.0222,,,,,,0.020877603011029377,0.020877603011029377,,,,,,
754,1,DDP,,Cereales,,,2036,,,,,,,,277.9544,303.1953,,,,,,0.021118256114980617,0.021118256114980617,,,,,,
754,1,DDP,,Cereales,,,2037,,,,,,,,277.8671,301.3684,,,,,,0.021304476147584454,0.021304476147584454,,,,,,
754,1,DDP,,Cereales,,,2038,,,,,,,,277.7798,299.5414,,,,,,0.021509800287394465,0.021509800287394465,,,,,,
754,1,DDP,,Cereales,,,2039,,,,,,,,277.6925,297.7145,,,,,,0.021756874809104227,0.021756874809104227,,,,,,
754,1,DDP,,Cereales,,,2040,,,,,,,,277.6051,295.8876,,,,,,0.021955030211797365,0.021955030211797365,,,,,,
754,1,DDP,,Cereales,,,2041,,,,,,,,277.5178,294.0607,,,,,,0.022159135386005783,0.022159135386005783,,,,,,
754,1,DDP,,Cereales,,,2042,,,,,,,,277.4305,292.2338,,,,,,0.022354872312061968,0.022354872312061968,,,,,,
754,1,DDP,,Cereales,,,2043,,,,,,,,277.3432,290.4068,,,,,,0.022448258625559717,0.022448258625559717,,,,,,
754,1,DDP,,Cereales,,,2044,,,,,,,,277.2559,288.5799,,,,,,0.022641494906387814,0.022641494906387814,,,,,,
754,1,DDP,,Cereales,,,2045,,,,,,,,277.1685,286.753,,,,,,0.022763435049266763,0.022763435049266763,,,,,,
754,1,DDP,,Cereales,,,2046,,,,,,,,277.0812,284.9261,,,,,,0.02298325242629423,0.02298325242629423,,,,,,
754,1,DDP,,Cereales,,,2047,,,,,,,,276.9939,283.0992,,,,,,0.02310583578721047,0.02310583578721047,,,,,,
754,1,DDP,,Cereales,,,2048,,,,,,,,276.9066,281.2723,,,,,,0.023218496740048312,0.023218496740048312,,,,,,
754,1,DDP,,Cereales,,,2049,,,,,,,,276.8192,279.4453,,,,,,0.02334031092420661,0.02334031092420661,,,,,,
754,1,DDP,,Cereales,,,2050,,,,,,,,276.7319,277.6184,,,,,,0.023644539892165837,0.023644539892165837,,,,,,
754,1,DDP,,Cereales,,,2051,,,,,,,,276.6446,275.7915,,,,,,0.02409946860605834,0.02409946860605834,,,,,,
754,1,DDP,,Cereales,,,2052,,,,,,,,276.5573,273.9646,,,,,,0.024511440620718517,0.024511440620718517,,,,,,
754,1,DDP,,Cereales,,,2053,,,,,,,,276.4699,272.1377,,,,,,0.024923079720815068,0.024923079720815068,,,,,,
754,1,DDP,,Cereales,,,2054,,,,,,,,276.3826,270.3107,,,,,,0.02534807261516528,0.02534807261516528,,,,,,
754,1,DDP,,Cereales,,,2055,,,,,,,,276.2953,268.4838,,,,,,0.025776657377034877,0.025776657377034877,,,,,,
754,1,DDP,,Cereales,,,2056,,,,,,,,276.208,266.6569,,,,,,0.026217090670501136,0.026217090670501136,,,,,,
754,1,DDP,,Cereales,,,2057,,,,,,,,276.1207,264.83,,,,,,0.026642468404109717,0.026642468404109717,,,,,,
754,1,DDP,,Cereales,,,2058,,,,,,,,276.0333,263.0031,,,,,,0.027071600471473584,0.027071600471473584,,,,,,
754,1,DDP,,Cereales,,,2059,,,,,,,,275.946,261.1761,,,,,,0.027504308055809085,0.027504308055809085,,,,,,
754,1,DDP,,Cereales,,,2060,,,,,,,,275.8587,259.3492,,,,,,0.027938516648388215,0.027938516648388215,,,,,,
754,1,DDP,,Cereales,,,2061,,,,,,,,275.7714,257.5223,,,,,,0.028372303680636177,0.028372303680636177,,,,,,
754,1,DDP,,Cereales,,,2062,,,,,,,,275.684,255.6954,,,,,,0.028806867361906678,0.028806867361906678,,,,,,
754,1,DDP,,Cereales,,,2063,,,,,,,,275.5967,253.8685,,,,,,0.02924267154859557,0.02924267154859557,,,,,,
754,1,DDP,,Cereales,,,2064,,,,,,,,275.5094,252.0415,,,,,,0.029679789404026394,0.029679789404026394,,,,,,
754,1,DDP,,Cereales,,,2065,,,,,,,,275.4221,250.2146,,,,,,0.03011690575763053,0.03011690575763053,,,,,,
754,1,DDP,,Cereales,,,2066,,,,,,,,275.3347,248.3877,,,,,,0.030553909327154145,0.030553909327154145,,,,,,
754,1,DDP,,Cereales,,,2067,,,,,,,,275.2474,246.5608,,,,,,0.030990156226677716,0.030990156226677716,,,,,,
754,1,DDP,,Cereales,,,2068,,,,,,,,275.1601,244.7339,,,,,,0.03142653979953526,0.03142653979953526,,,,,,
754,1,DDP,,Cereales,,,2069,,,,,,,,275.0728,242.9069,,,,,,0.03186269658942969,0.03186269658942969,,,,,,
754,1,DDP,,Cereales,,,2070,,,,,,,,274.9855,241.08,,,,,,0.03229828139857441,0.03229828139857441,,,,,,
754,1,DDP,,Tuberculos,,,2018,,,,,,,,227.9367,921.6237,,,,,,0.034856,0.034856,,,,,,
754,1,DDP,,Tuberculos,,,2019,,,,,,,,227.9367,921.6237,,,,,,0.033276,0.033276,,,,,,
754,1,DDP,,Tuberculos,,,2020,,,,,,,,227.9367,921.6237,,,,,,0.039844,0.039844,,,,,,
754,1,DDP,,Tuberculos,,,2021,,,,,,,,227.9367,921.6237,,,,,,0.036564,0.036564,,,,,,
754,1,DDP,,Tuberculos,,,2022,,,,,,,,227.9367,921.6237,,,,,,0.0368609525277191,0.0368609525277191,,,,,,
754,1,DDP,,Tuberculos,,,2023,,,,,,,,228.9169,899.357,,,,,,0.0371646101916558,0.0371646101916558,,,,,,
754,1,DDP,,Tuberculos,,,2024,,,,,,,,228.8452,895.4166,,,,,,0.03751806224741157,0.03751806224741157,,,,,,
754,1,DDP,,Tuberculos,,,2025,,,,,,,,228.7736,891.4763,,,,,,0.037914288201762784,0.037914288201762784,,,,,,
754,1,DDP,,Tuberculos,,,2026,,,,,,,,228.702,887.5359,,,,,,0.03829778022871038,0.03829778022871038,,,,,,
754,1,DDP,,Tuberculos,,,2027,,,,,,,,228.6304,883.5955,,,,,,0.039025327114133715,0.039025327114133715,,,,,,
754,1,DDP,,Tuberculos,,,2028,,,,,,,,228.5587,879.6552,,,,,,0.03964160081945253,0.03964160081945253,,,,,,
754,1,DDP,,Tuberculos,,,2029,,,,,,,,228.4871,875.7148,,,,,,0.04001826329984375,0.04001826329984375,,,,,,
754,1,DDP,,Tuberculos,,,2030,,,,,,,,228.4155,871.7744,,,,,,0.04047710929113597,0.04047710929113597,,,,,,
754,1,DDP,,Tuberculos,,,2031,,,,,,,,228.3439,867.8341,,,,,,0.04126035322693106,0.04126035322693106,,,,,,
754,1,DDP,,Tuberculos,,,2032,,,,,,,,228.2722,863.8937,,,,,,0.041777735610347595,0.041777735610347595,,,,,,
754,1,DDP,,Tuberculos,,,2033,,,,,,,,228.2006,859.9533,,,,,,0.04248147585364949,0.04248147585364949,,,,,,
754,1,DDP,,Tuberculos,,,2034,,,,,,,,228.129,856.013,,,,,,0.04298117226213981,0.04298117226213981,,,,,,
754,1,DDP,,Tuberculos,,,2035,,,,,,,,228.0574,852.0726,,,,,,0.04349005843359302,0.04349005843359302,,,,,,
754,1,DDP,,Tuberculos,,,2036,,,,,,,,227.9857,848.1322,,,,,,0.044090440751527314,0.044090440751527314,,,,,,
754,1,DDP,,Tuberculos,,,2037,,,,,,,,227.9141,844.1918,,,,,,0.04457894186859024,0.04457894186859024,,,,,,
754,1,DDP,,Tuberculos,,,2038,,,,,,,,227.8425,840.2515,,,,,,0.04510900964929018,0.04510900964929018,,,,,,
754,1,DDP,,Tuberculos,,,2039,,,,,,,,227.7709,836.3111,,,,,,0.04572850351577784,0.04572850351577784,,,,,,
754,1,DDP,,Tuberculos,,,2040,,,,,,,,227.6992,832.3707,,,,,,0.04624700941706642,0.04624700941706642,,,,,,
754,1,DDP,,Tuberculos,,,2041,,,,,,,,227.6276,828.4304,,,,,,0.04677967218398505,0.04677967218398505,,,,,,
754,1,DDP,,Tuberculos,,,2042,,,,,,,,227.556,824.49,,,,,,0.047296275989120104,0.047296275989120104,,,,,,
754,1,DDP,,Tuberculos,,,2043,,,,,,,,227.4844,820.5496,,,,,,0.04759742672202149,0.04759742672202149,,,,,,
754,1,DDP,,Tuberculos,,,2044,,,,,,,,227.4127,816.6093,,,,,,0.04811136554708238,0.04811136554708238,,,,,,
754,1,DDP,,Tuberculos,,,2045,,,,,,,,227.3411,812.6689,,,,,,0.048475008123617526,0.048475008123617526,,,,,,
754,1,DDP,,Tuberculos,,,2046,,,,,,,,227.2695,808.7285,,,,,,0.04904840089969784,0.04904840089969784,,,,,,
754,1,DDP,,Tuberculos,,,2047,,,,,,,,227.1979,804.7881,,,,,,0.049415605474838455,0.049415605474838455,,,,,,
754,1,DDP,,Tuberculos,,,2048,,,,,,,,227.1262,800.8478,,,,,,0.04976241382849377,0.04976241382849377,,,,,,
754,1,DDP,,Tuberculos,,,2049,,,,,,,,227.0546,796.9074,,,,,,0.05012965759663242,0.05012965759663242,,,,,,
754,1,DDP,,Tuberculos,,,2050,,,,,,,,226.983,792.967,,,,,,0.05089037115703533,0.05089037115703533,,,,,,
754,1,DDP,,Tuberculos,,,2051,,,,,,,,226.9114,789.0267,,,,,,0.05197862487477774,0.05197862487477774,,,,,,
754,1,DDP,,Tuberculos,,,2052,,,,,,,,226.8397,785.0863,,,,,,0.052977891838774084,0.052977891838774084,,,,,,
754,1,DDP,,Tuberculos,,,2053,,,,,,,,226.7681,781.1459,,,,,,0.053979894899886326,0.053979894899886326,,,,,,
754,1,DDP,,Tuberculos,,,2054,,,,,,,,226.6965,777.2056,,,,,,0.05501432242511576,0.05501432242511576,,,,,,
754,1,DDP,,Tuberculos,,,2055,,,,,,,,226.6249,773.2652,,,,,,0.05606011136201669,0.05606011136201669,,,,,,
754,1,DDP,,Tuberculos,,,2056,,,,,,,,226.5532,769.3248,,,,,,0.05713529133554155,0.05713529133554155,,,,,,
754,1,DDP,,Tuberculos,,,2057,,,,,,,,226.4816,765.3844,,,,,,0.05818125592510215,0.05818125592510215,,,,,,
754,1,DDP,,Tuberculos,,,2058,,,,,,,,226.41,761.4441,,,,,,0.05923895156746167,0.05923895156746167,,,,,,
754,1,DDP,,Tuberculos,,,2059,,,,,,,,226.3384,757.5037,,,,,,0.060308023922045345,0.060308023922045345,,,,,,
754,1,DDP,,Tuberculos,,,2060,,,,,,,,226.2667,753.5633,,,,,,0.061383950261016305,0.061383950261016305,,,,,,
754,1,DDP,,Tuberculos,,,2061,,,,,,,,226.1951,749.623,,,,,,0.06246250549522224,0.06246250549522224,,,,,,
754,1,DDP,,Tuberculos,,,2062,,,,,,,,226.1235,745.6826,,,,,,0.06354631482802589,0.06354631482802589,,,,,,
754,1,DDP,,Tuberculos,,,2063,,,,,,,,226.0519,741.7422,,,,,,0.06463640147089407,0.06463640147089407,,,,,,
754,1,DDP,,Tuberculos,,,2064,,,,,,,,225.9802,737.8019,,,,,,0.0657329315111619,0.0657329315111619,,,,,,
754,1,DDP,,Tuberculos,,,2065,,,,,,,,225.9086,733.8615,,,,,,0.06683299142189156,0.06683299142189156,,,,,,
754,1,DDP,,Tuberculos,,,2066,,,,,,,,225.837,729.9211,,,,,,0.0679363214898433,0.0679363214898433,,,,,,
754,1,DDP,,Tuberculos,,,2067,,,,,,,,225.7654,725.9807,,,,,,0.06904147355510833,0.06904147355510833,,,,,,
754,1,DDP,,Tuberculos,,,2068,,,,,,,,225.6937,722.0404,,,,,,0.07015041972169371,0.07015041972169371,,,,,,
754,1,DDP,,Tuberculos,,,2069,,,,,,,,225.6221,718.1,,,,,,0.0712623368200963,0.0712623368200963,,,,,,
754,1,DDP,,Tuberculos,,,2070,,,,,,,,225.5505,714.1596,,,,,,0.07237643634621166,0.07237643634621166,,,,,,
754,1,DDP,,Fruta,,,2018,,,,,,,,154.6806,672.9117,,,,,,0.068286,0.068286,,,,,,
754,1,DDP,,Fruta,,,2019,,,,,,,,154.6806,672.9117,,,,,,0.064535,0.064535,,,,,,
754,1,DDP,,Fruta,,,2020,,,,,,,,154.6806,672.9117,,,,,,0.0640743308927988,0.0640743308927988,,,,,,
754,1,DDP,,Fruta,,,2021,,,,,,,,154.6806,672.9117,,,,,,0.07014,0.07014,,,,,,
754,1,DDP,,Fruta,,,2022,,,,,,,,154.6806,672.9117,,,,,,0.0707096381767371,0.0707096381767371,,,,,,
754,1,DDP,,Fruta,,,2023,,,,,,,,155.3457,646.0582,,,,,,0.0710282772252033,0.0710282772252033,,,,,,
754,1,DDP,,Fruta,,,2024,,,,,,,,155.2971,642.2504,,,,,,0.07157203720707113,0.07157203720707113,,,,,,
754,1,DDP,,Fruta,,,2025,,,,,,,,155.2485,638.4426,,,,,,0.07219571578410686,0.07219571578410686,,,,,,
754,1,DDP,,Fruta,,,2026,,,,,,,,155.1999,634.6347,,,,,,0.07279338025226752,0.07279338025226752,,,,,,
754,1,DDP,,Fruta,,,2027,,,,,,,,155.1513,630.8269,,,,,,0.0740421106996457,0.0740421106996457,,,,,,
754,1,DDP,,Fruta,,,2028,,,,,,,,155.1027,627.0191,,,,,,0.07507607023483225,0.07507607023483225,,,,,,
754,1,DDP,,Fruta,,,2029,,,,,,,,155.0541,623.2113,,,,,,0.07565381196712495,0.07565381196712495,,,,,,
754,1,DDP,,Fruta,,,2030,,,,,,,,155.0055,619.4034,,,,,,0.07638505320480633,0.07638505320480633,,,,,,
754,1,DDP,,Fruta,,,2031,,,,,,,,154.9569,615.5956,,,,,,0.07772526461563693,0.07772526461563693,,,,,,
754,1,DDP,,Fruta,,,2032,,,,,,,,154.9083,611.7878,,,,,,0.07856128118284371,0.07856128118284371,,,,,,
754,1,DDP,,Fruta,,,2033,,,,,,,,154.8597,607.9799,,,,,,0.07974466487576029,0.07974466487576029,,,,,,
754,1,DDP,,Fruta,,,2034,,,,,,,,154.8111,604.1721,,,,,,0.0805420416383766,0.0805420416383766,,,,,,
754,1,DDP,,Fruta,,,2035,,,,,,,,154.7624,600.3643,,,,,,0.08135432205699952,0.08135432205699952,,,,,,
754,1,DDP,,Fruta,,,2036,,,,,,,,154.7138,596.5564,,,,,,0.082335140942445,0.082335140942445,,,,,,
754,1,DDP,,Fruta,,,2037,,,,,,,,154.6652,592.7486,,,,,,0.08310450443257891,0.08310450443257891,,,,,,
754,1,DDP,,Fruta,,,2038,,,,,,,,154.6166,588.9408,,,,,,0.08394908107451717,0.08394908107451717,,,,,,
754,1,DDP,,Fruta,,,2039,,,,,,,,154.568,585.1329,,,,,,0.08495741494265392,0.08495741494265392,,,,,,
754,1,DDP,,Fruta,,,2040,,,,,,,,154.5194,581.3251,,,,,,0.08577552212814515,0.08577552212814515,,,,,,
754,1,DDP,,Fruta,,,2041,,,,,,,,154.4708,577.5173,,,,,,0.08661758011039941,0.08661758011039941,,,,,,
754,1,DDP,,Fruta,,,2042,,,,,,,,154.4222,573.7094,,,,,,0.08742762597487135,0.08742762597487135,,,,,,
754,1,DDP,,Fruta,,,2043,,,,,,,,154.3736,569.9016,,,,,,0.08783786293872745,0.08783786293872745,,,,,,
754,1,DDP,,Fruta,,,2044,,,,,,,,154.325,566.0938,,,,,,0.08863927013381906,0.08863927013381906,,,,,,
754,1,DDP,,Fruta,,,2045,,,,,,,,154.2764,562.2859,,,,,,0.08916208235625675,0.08916208235625675,,,,,,
754,1,DDP,,Fruta,,,2046,,,,,,,,154.2278,558.4781,,,,,,0.09006884327899725,0.09006884327899725,,,,,,
754,1,DDP,,Fruta,,,2047,,,,,,,,154.1792,554.6703,,,,,,0.09059512767254159,0.09059512767254159,,,,,,
754,1,DDP,,Fruta,,,2048,,,,,,,,154.1306,550.8625,,,,,,0.09108286584258254,0.09108286584258254,,,,,,
754,1,DDP,,Fruta,,,2049,,,,,,,,154.082,547.0546,,,,,,0.09160686634031227,0.09160686634031227,,,,,,
754,1,DDP,,Fruta,,,2050,,,,,,,,154.0334,543.2468,,,,,,0.0928475468215419,0.0928475468215419,,,,,,
754,1,DDP,,Fruta,,,2051,,,,,,,,153.9848,539.439,,,,,,0.09468138147548837,0.09468138147548837,,,,,,
754,1,DDP,,Fruta,,,2052,,,,,,,,153.9362,535.6311,,,,,,0.09634804123694903,0.09634804123694903,,,,,,
754,1,DDP,,Fruta,,,2053,,,,,,,,153.8876,531.8233,,,,,,0.0980148942140376,0.0980148942140376,,,,,,
754,1,DDP,,Fruta,,,2054,,,,,,,,153.8389,528.0155,,,,,,0.0997357855736049,0.0997357855736049,,,,,,
754,1,DDP,,Fruta,,,2055,,,,,,,,153.7903,524.2076,,,,,,0.10147235935553021,0.10147235935553021,,,,,,
754,1,DDP,,Fruta,,,2056,,,,,,,,153.7417,520.3998,,,,,,0.10325715032916194,0.10325715032916194,,,,,,
754,1,DDP,,Fruta,,,2057,,,,,,,,153.6931,516.592,,,,,,0.10498420688808849,0.10498420688808849,,,,,,
754,1,DDP,,Fruta,,,2058,,,,,,,,153.6445,512.7841,,,,,,0.10672759251902718,0.10672759251902718,,,,,,
754,1,DDP,,Fruta,,,2059,,,,,,,,153.5959,508.9763,,,,,,0.10848661831059381,0.10848661831059381,,,,,,
754,1,DDP,,Fruta,,,2060,,,,,,,,153.5473,505.1685,,,,,,0.11025311297235285,0.11025311297235285,,,,,,
754,1,DDP,,Fruta,,,2061,,,,,,,,153.4987,501.3606,,,,,,0.11201948908350075,0.11201948908350075,,,,,,
754,1,DDP,,Fruta,,,2062,,,,,,,,153.4501,497.5528,,,,,,0.1137904718967407,0.1137904718967407,,,,,,
754,1,DDP,,Fruta,,,2063,,,,,,,,153.4015,493.745,,,,,,0.11556789368592532,0.11556789368592532,,,,,,
754,1,DDP,,Fruta,,,2064,,,,,,,,153.3529,489.9371,,,,,,0.11735204549433263,0.11735204549433263,,,,,,
754,1,DDP,,Fruta,,,2065,,,,,,,,153.3043,486.1293,,,,,,0.11913772688457305,0.11913772688457305,,,,,,
754,1,DDP,,Fruta,,,2066,,,,,,,,153.2557,482.3215,,,,,,0.1209244920940982,0.1209244920940982,,,,,,
754,1,DDP,,Fruta,,,2067,,,,,,,,153.2071,478.5136,,,,,,0.1227097856238254,0.1227097856238254,,,,,,
754,1,DDP,,Fruta,,,2068,,,,,,,,153.1585,474.7058,,,,,,0.12449713690920074,0.12449713690920074,,,,,,
754,1,DDP,,Fruta,,,2069,,,,,,,,153.1099,470.898,,,,,,0.12628510095283524,0.12628510095283524,,,,,,
754,1,DDP,,Fruta,,,2070,,,,,,,,153.0613,467.0902,,,,,,0.12807230244168316,0.12807230244168316,,,,,,
754,1,DDP,,Verduras,,,2018,,,,,,,,1428.4234,3088.8293,,,,,,0.0223179908313758,0.0223179908313758,,,,,,
754,1,DDP,,Verduras,,,2019,,,,,,,,1428.4234,3088.8293,,,,,,0.0188644704503282,0.0188644704503282,,,,,,
754,1,DDP,,Verduras,,,2020,,,,,,,,1428.4234,3088.8293,,,,,,0.0169958218801956,0.0169958218801956,,,,,,
754,1,DDP,,Verduras,,,2021,,,,,,,,1428.4234,3088.8293,,,,,,0.0134869457359897,0.0134869457359897,,,,,,
754,1,DDP,,Verduras,,,2022,,,,,,,,1428.4234,3088.8293,,,,,,0.0135964792287014,0.0135964792287014,,,,,,
754,1,DDP,,Verduras,,,2023,,,,,,,,1434.5656,522.7087,,,,,,0.0136577490826511,0.0136577490826511,,,,,,
754,1,DDP,,Verduras,,,2024,,,,,,,,1434.1168,518.8256,,,,,,0.01376230655868268,0.01376230655868268,,,,,,
754,1,DDP,,Verduras,,,2025,,,,,,,,1433.6679,514.9425,,,,,,0.0138822312681948,0.0138822312681948,,,,,,
754,1,DDP,,Verduras,,,2026,,,,,,,,1433.2191,511.0594,,,,,,0.013997153826655208,0.013997153826655208,,,,,,
754,1,DDP,,Verduras,,,2027,,,,,,,,1432.7702,507.1763,,,,,,0.01423726731086772,0.01423726731086772,,,,,,
754,1,DDP,,Verduras,,,2028,,,,,,,,1432.3214,503.2932,,,,,,0.014436083338017257,0.014436083338017257,,,,,,
754,1,DDP,,Verduras,,,2029,,,,,,,,1431.8725,499.4101,,,,,,0.014547175031670712,0.014547175031670712,,,,,,
754,1,DDP,,Verduras,,,2030,,,,,,,,1431.4237,495.527,,,,,,0.014687782543682725,0.014687782543682725,,,,,,
754,1,DDP,,Verduras,,,2031,,,,,,,,1430.9748,491.6439,,,,,,0.014945486543862728,0.014945486543862728,,,,,,
754,1,DDP,,Verduras,,,2032,,,,,,,,1430.5259,487.7608,,,,,,0.015106240893396622,0.015106240893396622,,,,,,
754,1,DDP,,Verduras,,,2033,,,,,,,,1430.0771,483.8777,,,,,,0.015333789106274063,0.015333789106274063,,,,,,
754,1,DDP,,Verduras,,,2034,,,,,,,,1429.6282,479.9946,,,,,,0.015487113559204582,0.015487113559204582,,,,,,
754,1,DDP,,Verduras,,,2035,,,,,,,,1429.1794,476.1115,,,,,,0.015643303777744248,0.015643303777744248,,,,,,
754,1,DDP,,Verduras,,,2036,,,,,,,,1428.7305,472.2284,,,,,,0.015831901597602196,0.015831901597602196,,,,,,
754,1,DDP,,Verduras,,,2037,,,,,,,,1428.2817,468.3453,,,,,,0.01597983948814517,0.01597983948814517,,,,,,
754,1,DDP,,Verduras,,,2038,,,,,,,,1427.8328,464.4622,,,,,,0.016142239820904056,0.016142239820904056,,,,,,
754,1,DDP,,Verduras,,,2039,,,,,,,,1427.384,460.5792,,,,,,0.016336128388958267,0.016336128388958267,,,,,,
754,1,DDP,,Verduras,,,2040,,,,,,,,1426.9351,456.6961,,,,,,0.016493439013665172,0.016493439013665172,,,,,,
754,1,DDP,,Verduras,,,2041,,,,,,,,1426.4863,452.813,,,,,,0.016655355043223526,0.016655355043223526,,,,,,
754,1,DDP,,Verduras,,,2042,,,,,,,,1426.0374,448.9299,,,,,,0.016811115588102256,0.016811115588102256,,,,,,
754,1,DDP,,Verduras,,,2043,,,,,,,,1425.5885,445.0468,,,,,,0.01688999844624914,0.01688999844624914,,,,,,
754,1,DDP,,Verduras,,,2044,,,,,,,,1425.1397,441.1637,,,,,,0.017044097895245934,0.017044097895245934,,,,,,
754,1,DDP,,Verduras,,,2045,,,,,,,,1424.6908,437.2806,,,,,,0.01714462740870651,0.01714462740870651,,,,,,
754,1,DDP,,Verduras,,,2046,,,,,,,,1424.242,433.3975,,,,,,0.01731898491313366,0.01731898491313366,,,,,,
754,1,DDP,,Verduras,,,2047,,,,,,,,1423.7931,429.5144,,,,,,0.017420182076769722,0.017420182076769722,,,,,,
754,1,DDP,,Verduras,,,2048,,,,,,,,1423.3443,425.6313,,,,,,0.01751396733814285,0.01751396733814285,,,,,,
754,1,DDP,,Verduras,,,2049,,,,,,,,1422.8954,421.7482,,,,,,0.01761472534040276,0.01761472534040276,,,,,,
754,1,DDP,,Verduras,,,2050,,,,,,,,1422.4466,417.8651,,,,,,0.01785329092817075,0.01785329092817075,,,,,,
754,1,DDP,,Verduras,,,2051,,,,,,,,1421.9977,413.982,,,,,,0.018205911807363098,0.018205911807363098,,,,,,
754,1,DDP,,Verduras,,,2052,,,,,,,,1421.5489,410.0989,,,,,,0.018526387281602934,0.018526387281602934,,,,,,
754,1,DDP,,Verduras,,,2053,,,,,,,,1421.1,406.2158,,,,,,0.01884689990851858,0.01884689990851858,,,,,,
754,1,DDP,,Verduras,,,2054,,,,,,,,1420.6511,402.3327,,,,,,0.01917780336423594,0.01917780336423594,,,,,,
754,1,DDP,,Verduras,,,2055,,,,,,,,1420.2023,398.4496,,,,,,0.01951172233149245,0.01951172233149245,,,,,,
754,1,DDP,,Verduras,,,2056,,,,,,,,1419.7534,394.5665,,,,,,0.019854912793589093,0.019854912793589093,,,,,,
754,1,DDP,,Verduras,,,2057,,,,,,,,1419.3046,390.6835,,,,,,0.02018700173133107,0.02018700173133107,,,,,,
754,1,DDP,,Verduras,,,2058,,,,,,,,1418.8557,386.8004,,,,,,0.020522230522340153,0.020522230522340153,,,,,,
754,1,DDP,,Verduras,,,2059,,,,,,,,1418.4069,382.9173,,,,,,0.020860466698545847,0.020860466698545847,,,,,,
754,1,DDP,,Verduras,,,2060,,,,,,,,1417.958,379.0342,,,,,,0.02120013903453185,0.02120013903453185,,,,,,
754,1,DDP,,Verduras,,,2061,,,,,,,,1417.5092,375.1511,,,,,,0.021539788574885414,0.021539788574885414,,,,,,
754,1,DDP,,Verduras,,,2062,,,,,,,,1417.0603,371.268,,,,,,0.021880323919931537,0.021880323919931537,,,,,,
754,1,DDP,,Verduras,,,2063,,,,,,,,1416.6115,367.3849,,,,,,0.02222209739042913,0.02222209739042913,,,,,,
754,1,DDP,,Verduras,,,2064,,,,,,,,1416.1626,363.5018,,,,,,0.022565164949949482,0.022565164949949482,,,,,,
754,1,DDP,,Verduras,,,2065,,,,,,,,1415.7137,359.6187,,,,,,0.022908526626766436,0.022908526626766436,,,,,,
754,1,DDP,,Verduras,,,2066,,,,,,,,1415.2649,355.7356,,,,,,0.02325209670694635,0.02325209670694635,,,,,,
754,1,DDP,,Verduras,,,2067,,,,,,,,1414.816,351.8525,,,,,,0.02359538380358509,0.02359538380358509,,,,,,
754,1,DDP,,Verduras,,,2068,,,,,,,,1414.3672,347.9694,,,,,,0.02393906657799358,0.02393906657799358,,,,,,
754,1,DDP,,Verduras,,,2069,,,,,,,,1413.9183,344.0863,,,,,,0.02428286717728638,0.02428286717728638,,,,,,
754,1,DDP,,Verduras,,,2070,,,,,,,,1413.4695,340.2032,,,,,,0.02462652114790764,0.02462652114790764,,,,,,
754,1,DDP,,Floricolas,,,2018,,,,,,,,7168.2197,4236.6443,,,,,,0.00696,0.00696,,,,,,
754,1,DDP,,Floricolas,,,2019,,,,,,,,7168.2197,4236.6443,,,,,,0.008618,0.008618,,,,,,
754,1,DDP,,Floricolas,,,2020,,,,,,,,7168.2197,4236.6443,,,,,,0.00493,0.00493,,,,,,
754,1,DDP,,Floricolas,,,2021,,,,,,,,7168.2197,4236.6443,,,,,,0.006963,0.006963,,,,,,
754,1,DDP,,Floricolas,,,2022,,,,,,,,7168.2197,4236.6443,,,,,,0.0070195496239609,0.0070195496239609,,,,,,
754,1,DDP,,Floricolas,,,2023,,,,,,,,7199.0431,1007.6881,,,,,,0.0070312831759877,0.0070312831759877,,,,,,
754,1,DDP,,Floricolas,,,2024,,,,,,,,7196.7906,1007.3763,,,,,,0.00707513879706922,0.00707513879706922,,,,,,
754,1,DDP,,Floricolas,,,2025,,,,,,,,7194.5381,1007.0646,,,,,,0.007126767255787742,0.007126767255787742,,,,,,
754,1,DDP,,Floricolas,,,2026,,,,,,,,7192.2857,1006.7528,,,,,,0.007175693548030432,0.007175693548030432,,,,,,
754,1,DDP,,Floricolas,,,2027,,,,,,,,7190.0332,1006.4411,,,,,,0.007288579771852913,0.007288579771852913,,,,,,
754,1,DDP,,Floricolas,,,2028,,,,,,,,7187.7807,1006.1294,,,,,,0.007380045691020137,0.007380045691020137,,,,,,
754,1,DDP,,Floricolas,,,2029,,,,,,,,7185.5282,1005.8176,,,,,,0.007426479745014003,0.007426479745014003,,,,,,
754,1,DDP,,Floricolas,,,2030,,,,,,,,7183.2757,1005.5059,,,,,,0.007487839058884853,0.007487839058884853,,,,,,
754,1,DDP,,Floricolas,,,2031,,,,,,,,7181.0233,1005.1941,,,,,,0.007608648393409912,0.007608648393409912,,,,,,
754,1,DDP,,Floricolas,,,2032,,,,,,,,7178.7708,1004.8824,,,,,,0.0076798424099935,0.0076798424099935,,,,,,
754,1,DDP,,Floricolas,,,2033,,,,,,,,7176.5183,1004.5707,,,,,,0.0077847574190132735,0.0077847574190132735,,,,,,
754,1,DDP,,Floricolas,,,2034,,,,,,,,7174.2658,1004.2589,,,,,,0.007851760116752727,0.007851760116752727,,,,,,
754,1,DDP,,Floricolas,,,2035,,,,,,,,7172.0134,1003.9472,,,,,,0.007920036850800649,0.007920036850800649,,,,,,
754,1,DDP,,Floricolas,,,2036,,,,,,,,7169.7609,1003.6355,,,,,,0.008004518741796836,0.008004518741796836,,,,,,
754,1,DDP,,Floricolas,,,2037,,,,,,,,7167.5084,1003.3237,,,,,,0.008068247461774349,0.008068247461774349,,,,,,
754,1,DDP,,Floricolas,,,2038,,,,,,,,7165.2559,1003.012,,,,,,0.008139101686687517,0.008139101686687517,,,,,,
754,1,DDP,,Floricolas,,,2039,,,,,,,,7163.0035,1002.7002,,,,,,0.008225625314811701,0.008225625314811701,,,,,,
754,1,DDP,,Floricolas,,,2040,,,,,,,,7160.751,1002.3885,,,,,,0.008293528277333713,0.008293528277333713,,,,,,
754,1,DDP,,Floricolas,,,2041,,,,,,,,7158.4985,1002.0768,,,,,,0.008363567126470784,0.008363567126470784,,,,,,
754,1,DDP,,Floricolas,,,2042,,,,,,,,7156.246,1001.765,,,,,,0.008430337052114852,0.008430337052114852,,,,,,
754,1,DDP,,Floricolas,,,2043,,,,,,,,7153.9936,1001.4533,,,,,,0.008458434157180355,0.008458434157180355,,,,,,
754,1,DDP,,Floricolas,,,2044,,,,,,,,7151.7411,1001.1415,,,,,,0.008524080552892105,0.008524080552892105,,,,,,
754,1,DDP,,Floricolas,,,2045,,,,,,,,7149.4886,1000.8298,,,,,,0.008562802689676772,0.008562802689676772,,,,,,
754,1,DDP,,Floricolas,,,2046,,,,,,,,7147.2361,1000.5181,,,,,,0.008638252088655976,0.008638252088655976,,,,,,
754,1,DDP,,Floricolas,,,2047,,,,,,,,7144.9837,1000.2063,,,,,,0.008677065473320396,0.008677065473320396,,,,,,
754,1,DDP,,Floricolas,,,2048,,,,,,,,7142.7312,999.8946,,,,,,0.008712095961184978,0.008712095961184978,,,,,,
754,1,DDP,,Floricolas,,,2049,,,,,,,,7140.4787,999.5829,,,,,,0.008750504710983991,0.008750504710983991,,,,,,
754,1,DDP,,Floricolas,,,2050,,,,,,,,7138.2262,999.2711,,,,,,0.00885718669777223,0.00885718669777223,,,,,,
754,1,DDP,,Floricolas,,,2051,,,,,,,,7135.9738,998.9594,,,,,,0.00902010130375094,0.00902010130375094,,,,,,
754,1,DDP,,Floricolas,,,2052,,,,,,,,7133.7213,998.6476,,,,,,0.009166685931953184,0.009166685931953184,,,,,,
754,1,DDP,,Floricolas,,,2053,,,,,,,,7131.4688,998.3359,,,,,,0.009312908497894842,0.009312908497894842,,,,,,
754,1,DDP,,Floricolas,,,2054,,,,,,,,7129.2163,998.0242,,,,,,0.009463880174868378,0.009463880174868378,,,,,,
754,1,DDP,,Floricolas,,,2055,,,,,,,,7126.9639,997.7124,,,,,,0.009615947768797758,0.009615947768797758,,,,,,
754,1,DDP,,Floricolas,,,2056,,,,,,,,7124.7114,997.4007,,,,,,0.009772186419450973,0.009772186419450973,,,,,,
754,1,DDP,,Floricolas,,,2057,,,,,,,,7122.4589,997.0889,,,,,,0.009922566075377146,0.009922566075377146,,,,,,
754,1,DDP,,Floricolas,,,2058,,,,,,,,7120.2064,996.7772,,,,,,0.01007410113531139,0.01007410113531139,,,,,,
754,1,DDP,,Floricolas,,,2059,,,,,,,,7117.954,996.4655,,,,,,0.010226722516224019,0.010226722516224019,,,,,,
754,1,DDP,,Floricolas,,,2060,,,,,,,,7115.7015,996.1537,,,,,,0.010379657081785988,0.010379657081785988,,,,,,
754,1,DDP,,Floricolas,,,2061,,,,,,,,7113.449,995.842,,,,,,0.01053219063206907,0.01053219063206907,,,,,,
754,1,DDP,,Floricolas,,,2062,,,,,,,,7111.1965,995.5302,,,,,,0.010684768831414084,0.010684768831414084,,,,,,
754,1,DDP,,Floricolas,,,2063,,,,,,,,7108.9441,995.2185,,,,,,0.010837563731039428,0.010837563731039428,,,,,,
754,1,DDP,,Floricolas,,,2064,,,,,,,,7106.6916,994.9068,,,,,,0.010990602145351762,0.010990602145351762,,,,,,
754,1,DDP,,Floricolas,,,2065,,,,,,,,7104.4391,994.595,,,,,,0.011143397111808595,0.011143397111808595,,,,,,
754,1,DDP,,Floricolas,,,2066,,,,,,,,7102.1866,994.2833,,,,,,0.011295908332968521,0.011295908332968521,,,,,,
754,1,DDP,,Floricolas,,,2067,,,,,,,,7099.9342,993.9716,,,,,,0.011447898894834633,0.011447898894834633,,,,,,
754,1,DDP,,Floricolas,,,2068,,,,,,,,7097.6817,993.6598,,,,,,0.011599700048860908,0.011599700048860908,,,,,,
754,1,DDP,,Floricolas,,,2069,,,,,,,,7095.4292,993.3481,,,,,,0.011751178456836297,0.011751178456836297,,,,,,
754,1,DDP,,Floricolas,,,2070,,,,,,,,7093.1767,993.0363,,,,,,0.011902207938611551,0.011902207938611551,,,,,,
754,1,DDP,,Imp_Banano,,,2018,,,,,,,,,0.0,,,,,,,0.0,,,,,,
754,1,DDP,,Imp_Banano,,,2019,,,,,,,,,0.0,,,,,,,0.0,,,,,,
754,1,DDP,,Imp_Banano,,,2020,,,,,,,,,0.0,,,,,,,0.0,,,,,,
754,1,DDP,,Imp_Banano,,,2021,,,,,,,,,334.3024138185052,,,,,,,2.23090758e-05,,,,,,
754,1,DDP,,Imp_Banano,,,2022,,,,,,,,,334.3024138185052,,,,,,,2.59031070606e-05,,,,,,
754,1,DDP,,Imp_Banano,,,2023,,,,,,,,,334.3024138185052,,,,,,,2.60371217744e-05,,,,,,
754,1,DDP,,Imp_Banano,,,2024,,,,,,,,,334.3024138185052,,,,,,,2.71836677733e-05,,,,,,
754,1,DDP,,Imp_Banano,,,2025,,,,,,,,,334.3024138185052,,,,,,,3.14100587797e-05,,,,,,
754,1,DDP,,Imp_Banano,,,2026,,,,,,,,,334.3024138185052,,,,,,,3.4579105859e-05,,,,,,
754,1,DDP,,Imp_Banano,,,2027,,,,,,,,,334.3024138185052,,,,,,,3.98583669624e-05,,,,,,
754,1,DDP,,Imp_Banano,,,2028,,,,,,,,,334.3024138185052,,,,,,,4.50712865858e-05,,,,,,
754,1,DDP,,Imp_Banano,,,2029,,,,,,,,,334.3024138185052,,,,,,,5.01691174347e-05,,,,,,
754,1,DDP,,Imp_Banano,,,2030,,,,,,,,,334.3024138185052,,,,,,,5.56875198288e-05,,,,,,
754,1,DDP,,Imp_Banano,,,2031,,,,,,,,,334.3024138185052,,,,,,,4.8638996899e-05,,,,,,
754,1,DDP,,Imp_Banano,,,2032,,,,,,,,,334.3024138185052,,,,,,,5.16927667929e-05,,,,,,
754,1,DDP,,Imp_Banano,,,2033,,,,,,,,,334.3024138185052,,,,,,,5.44971744299e-05,,,,,,
754,1,DDP,,Imp_Banano,,,2034,,,,,,,,,334.3024138185052,,,,,,,5.64441158429e-05,,,,,,
754,1,DDP,,Imp_Banano,,,2035,,,,,,,,,334.3024138185052,,,,,,,5.76254955961e-05,,,,,,
754,1,DDP,,Imp_Banano,,,2036,,,,,,,,,334.3024138185052,,,,,,,5.78957033993e-05,,,,,,
754,1,DDP,,Imp_Banano,,,2037,,,,,,,,,334.3024138185052,,,,,,,5.97809789031e-05,,,,,,
754,1,DDP,,Imp_Banano,,,2038,,,,,,,,,334.3024138185052,,,,,,,6.1453639976e-05,,,,,,
754,1,DDP,,Imp_Banano,,,2039,,,,,,,,,334.3024138185052,,,,,,,6.30352113862e-05,,,,,,
754,1,DDP,,Imp_Banano,,,2040,,,,,,,,,334.3024138185052,,,,,,,6.43549111409e-05,,,,,,
754,1,DDP,,Imp_Banano,,,2041,,,,,,,,,334.3024138185052,,,,,,,6.57215419866e-05,,,,,,
754,1,DDP,,Imp_Banano,,,2042,,,,,,,,,334.3024138185052,,,,,,,6.733661218e-05,,,,,,
754,1,DDP,,Imp_Banano,,,2043,,,,,,,,,334.3024138185052,,,,,,,6.85678563338e-05,,,,,,
754,1,DDP,,Imp_Banano,,,2044,,,,,,,,,334.3024138185052,,,,,,,7.007386558e-05,,,,,,
754,1,DDP,,Imp_Banano,,,2045,,,,,,,,,334.3024138185052,,,,,,,7.13732318656e-05,,,,,,
754,1,DDP,,Imp_Banano,,,2046,,,,,,,,,334.3024138185052,,,,,,,7.30262517529e-05,,,,,,
754,1,DDP,,Imp_Banano,,,2047,,,,,,,,,334.3024138185052,,,,,,,7.44213587806e-05,,,,,,
754,1,DDP,,Imp_Banano,,,2048,,,,,,,,,334.3024138185052,,,,,,,7.57811829804e-05,,,,,,
754,1,DDP,,Imp_Banano,,,2049,,,,,,,,,334.3024138185052,,,,,,,7.71844430732e-05,,,,,,
754,1,DDP,,Imp_Banano,,,2050,,,,,,,,,334.3024138185052,,,,,,,7.86021190604e-05,,,,,,
754,1,DDP,,Imp_Banano,,,2051,,,,,,,,,334.3024138185052,,,,,,,8.02149322376e-05,,,,,,
754,1,DDP,,Imp_Banano,,,2052,,,,,,,,,334.3024138185052,,,,,,,8.16892069849e-05,,,,,,
754,1,DDP,,Imp_Banano,,,2053,,,,,,,,,334.3024138185052,,,,,,,8.31608073656e-05,,,,,,
754,1,DDP,,Imp_Banano,,,2054,,,,,,,,,334.3024138185052,,,,,,,8.46796046152e-05,,,,,,
754,1,DDP,,Imp_Banano,,,2055,,,,,,,,,334.3024138185052,,,,,,,8.6214521484e-05,,,,,,
754,1,DDP,,Imp_Banano,,,2056,,,,,,,,,334.3024138185052,,,,,,,8.77927949902e-05,,,,,,
754,1,DDP,,Imp_Banano,,,2057,,,,,,,,,334.3024138185052,,,,,,,8.93232897653e-05,,,,,,
754,1,DDP,,Imp_Banano,,,2058,,,,,,,,,334.3024138185052,,,,,,,9.08685682802e-05,,,,,,
754,1,DDP,,Imp_Banano,,,2059,,,,,,,,,334.3024138185052,,,,,,,9.24288876262e-05,,,,,,
754,1,DDP,,Imp_Banano,,,2060,,,,,,,,,334.3024138185052,,,,,,,9.39973787653e-05,,,,,,
754,1,DDP,,Imp_Banano,,,2061,,,,,,,,,334.3024138185052,,,,,,,9.55673532431e-05,,,,,,
754,1,DDP,,Imp_Banano,,,2062,,,,,,,,,334.3024138185052,,,,,,,9.71426675935e-05,,,,,,
754,1,DDP,,Imp_Banano,,,2063,,,,,,,,,334.3024138185052,,,,,,,9.87249169682e-05,,,,,,
754,1,DDP,,Imp_Banano,,,2064,,,,,,,,,334.3024138185052,,,,,,,0.0001003144746527,,,,,,
754,1,DDP,,Imp_Banano,,,2065,,,,,,,,,334.3024138185052,,,,,,,0.0001019068618015,,,,,,
754,1,DDP,,Imp_Banano,,,2066,,,,,,,,,334.3024138185052,,,,,,,0.0001035016330699,,,,,,
754,1,DDP,,Imp_Banano,,,2067,,,,,,,,,334.3024138185052,,,,,,,0.0001050965710876,,,,,,
754,1,DDP,,Imp_Banano,,,2068,,,,,,,,,334.3024138185052,,,,,,,0.0001066947000792,,,,,,
754,1,DDP,,Imp_Banano,,,2069,,,,,,,,,334.3024138185052,,,,,,,0.0001082947815775,,,,,,
754,1,DDP,,Imp_Banano,,,2070,,,,,,,,,334.3024138185052,,,,,,,0.0001098956082224,,,,,,
754,1,DDP,,Imp_Arroz,,,2018,,,,,,,,,1334.3555461577575,,,,,,,0.00017796131,,,,,,
754,1,DDP,,Imp_Arroz,,,2019,,,,,,,,,1353.4257819671852,,,,,,,0.00022941244,,,,,,
754,1,DDP,,Imp_Arroz,,,2020,,,,,,,,,664.1294366612086,,,,,,,0.001036779215,,,,,,
754,1,DDP,,Imp_Arroz,,,2021,,,,,,,,,1085.5466246451006,,,,,,,0.00065110694,,,,,,
754,1,DDP,,Imp_Arroz,,,2022,,,,,,,,,1085.5466246451006,,,,,,,0.0007560014106333,,,,,,
754,1,DDP,,Imp_Arroz,,,2023,,,,,,,,,1085.5466246451006,,,,,,,0.0007566990284696,,,,,,
754,1,DDP,,Imp_Arroz,,,2024,,,,,,,,,1085.5466246451006,,,,,,,0.0007883444605326,,,,,,
754,1,DDP,,Imp_Arroz,,,2025,,,,,,,,,1085.5466246451006,,,,,,,0.0009089775648015,,,,,,
754,1,DDP,,Imp_Arroz,,,2026,,,,,,,,,1085.5466246451006,,,,,,,0.0009985580152792,,,,,,
754,1,DDP,,Imp_Arroz,,,2027,,,,,,,,,1085.5466246451006,,,,,,,0.0011485577754966,,,,,,
754,1,DDP,,Imp_Arroz,,,2028,,,,,,,,,1085.5466246451006,,,,,,,0.0012960022989094,,,,,,
754,1,DDP,,Imp_Arroz,,,2029,,,,,,,,,1085.5466246451006,,,,,,,0.0014395057811811,,,,,,
754,1,DDP,,Imp_Arroz,,,2030,,,,,,,,,1085.5466246451006,,,,,,,0.0015944269391488,,,,,,
754,1,DDP,,Imp_Arroz,,,2031,,,,,,,,,1085.5466246451006,,,,,,,0.0017628224713147,,,,,,
754,1,DDP,,Imp_Arroz,,,2032,,,,,,,,,1085.5466246451006,,,,,,,0.0019379801320645,,,,,,
754,1,DDP,,Imp_Arroz,,,2033,,,,,,,,,1085.5466246451006,,,,,,,0.0021186744877604,,,,,,
754,1,DDP,,Imp_Arroz,,,2034,,,,,,,,,1085.5466246451006,,,,,,,0.0023184439020438,,,,,,
754,1,DDP,,Imp_Arroz,,,2035,,,,,,,,,1085.5466246451006,,,,,,,0.0025499055953652,,,,,,
754,1,DDP,,Imp_Arroz,,,2036,,,,,,,,,1085.5466246451006,,,,,,,0.0027860858223031,,,,,,
754,1,DDP,,Imp_Arroz,,,2037,,,,,,,,,1085.5466246451006,,,,,,,0.0030533242460715,,,,,,
754,1,DDP,,Imp_Arroz,,,2038,,,,,,,,,1085.5466246451006,,,,,,,0.0033401632731688,,,,,,
754,1,DDP,,Imp_Arroz,,,2039,,,,,,,,,1085.5466246451006,,,,,,,0.0036571093871606,,,,,,
754,1,DDP,,Imp_Arroz,,,2040,,,,,,,,,1085.5466246451006,,,,,,,0.0040055776566984,,,,,,
754,1,DDP,,Imp_Arroz,,,2041,,,,,,,,,1085.5466246451006,,,,,,,0.0043723080096092,,,,,,
754,1,DDP,,Imp_Arroz,,,2042,,,,,,,,,1085.5466246451006,,,,,,,0.0047804481631258,,,,,,
754,1,DDP,,Imp_Arroz,,,2043,,,,,,,,,1085.5466246451006,,,,,,,0.0052164366297333,,,,,,
754,1,DDP,,Imp_Arroz,,,2044,,,,,,,,,1085.5466246451006,,,,,,,0.0057181708818982,,,,,,
754,1,DDP,,Imp_Arroz,,,2045,,,,,,,,,1085.5466246451006,,,,,,,0.0062603565314708,,,,,,
754,1,DDP,,Imp_Arroz,,,2046,,,,,,,,,1085.5466246451006,,,,,,,0.0068659118472428,,,,,,
754,1,DDP,,Imp_Arroz,,,2047,,,,,,,,,1085.5466246451006,,,,,,,0.0075039027034591,,,,,,
754,1,DDP,,Imp_Arroz,,,2048,,,,,,,,,1085.5466246451006,,,,,,,0.0082314483863686,,,,,,
754,1,DDP,,Imp_Arroz,,,2049,,,,,,,,,1085.5466246451006,,,,,,,0.0090031517584053,,,,,,
754,1,DDP,,Imp_Arroz,,,2050,,,,,,,,,1085.5466246451006,,,,,,,0.0098679918036532,,,,,,
754,1,DDP,,Imp_Arroz,,,2051,,,,,,,,,1085.5466246451006,,,,,,,0.0100482441764624,,,,,,
754,1,DDP,,Imp_Arroz,,,2052,,,,,,,,,1085.5466246451006,,,,,,,0.0102103026273164,,,,,,
754,1,DDP,,Imp_Arroz,,,2053,,,,,,,,,1085.5466246451006,,,,,,,0.0103712270713349,,,,,,
754,1,DDP,,Imp_Arroz,,,2054,,,,,,,,,1085.5466246451006,,,,,,,0.0105372263555701,,,,,,
754,1,DDP,,Imp_Arroz,,,2055,,,,,,,,,1085.5466246451006,,,,,,,0.0107044036303474,,,,,,
754,1,DDP,,Imp_Arroz,,,2056,,,,,,,,,1085.5466246451006,,,,,,,0.0108761206269434,,,,,,
754,1,DDP,,Imp_Arroz,,,2057,,,,,,,,,1085.5466246451006,,,,,,,0.0110410772523266,,,,,,
754,1,DDP,,Imp_Arroz,,,2058,,,,,,,,,1085.5466246451006,,,,,,,0.0112070298897003,,,,,,
754,1,DDP,,Imp_Arroz,,,2059,,,,,,,,,1085.5466246451006,,,,,,,0.0113739988121119,,,,,,
754,1,DDP,,Imp_Arroz,,,2060,,,,,,,,,1085.5466246451006,,,,,,,0.0115411290690858,,,,,,
754,1,DDP,,Imp_Arroz,,,2061,,,,,,,,,1085.5466246451006,,,,,,,0.011707595409325,,,,,,
754,1,DDP,,Imp_Arroz,,,2062,,,,,,,,,1085.5466246451006,,,,,,,0.0118738688734573,,,,,,
754,1,DDP,,Imp_Arroz,,,2063,,,,,,,,,1085.5466246451006,,,,,,,0.0120401404734727,,,,,,
754,1,DDP,,Imp_Arroz,,,2064,,,,,,,,,1085.5466246451006,,,,,,,0.0122064507951473,,,,,,
754,1,DDP,,Imp_Arroz,,,2065,,,,,,,,,1085.5466246451006,,,,,,,0.0123722509364169,,,,,,
754,1,DDP,,Imp_Arroz,,,2066,,,,,,,,,1085.5466246451006,,,,,,,0.0125374855060162,,,,,,
754,1,DDP,,Imp_Arroz,,,2067,,,,,,,,,1085.5466246451006,,,,,,,0.0127018854372755,,,,,,
754,1,DDP,,Imp_Arroz,,,2068,,,,,,,,,1085.5466246451006,,,,,,,0.012865816153348,,,,,,
754,1,DDP,,Imp_Arroz,,,2069,,,,,,,,,1085.5466246451006,,,,,,,0.0130291269143432,,,,,,
754,1,DDP,,Imp_Arroz,,,2070,,,,,,,,,1085.5466246451006,,,,,,,0.0131916720715585,,,,,,
754,1,DDP,,Imp_Cacao,,,2018,,,,,,,,,3979.4,,,,,,,5.94e-05,,,,,,
754,1,DDP,,Imp_Cacao,,,2019,,,,,,,,,3818.98970417673,,,,,,,5.94e-05,,,,,,
754,1,DDP,,Imp_Cacao,,,2020,,,,,,,,,1982.5255422570806,,,,,,,1.550226645e-05,,,,,,
754,1,DDP,,Imp_Cacao,,,2021,,,,,,,,,3464.3,,,,,,,1.485e-05,,,,,,
754,1,DDP,,Imp_Cacao,,,2022,,,,,,,,,3464.3,,,,,,,1.72423610596e-05,,,,,,
754,1,DDP,,Imp_Cacao,,,2023,,,,,,,,,3464.3,,,,,,,1.77420385615e-05,,,,,,
754,1,DDP,,Imp_Cacao,,,2024,,,,,,,,,3464.3,,,,,,,1.8737358358e-05,,,,,,
754,1,DDP,,Imp_Cacao,,,2025,,,,,,,,,3464.3,,,,,,,2.18977107743e-05,,,,,,
754,1,DDP,,Imp_Cacao,,,2026,,,,,,,,,3464.3,,,,,,,2.43789314682e-05,,,,,,
754,1,DDP,,Imp_Cacao,,,2027,,,,,,,,,3464.3,,,,,,,2.8414104782e-05,,,,,,
754,1,DDP,,Imp_Cacao,,,2028,,,,,,,,,3464.3,,,,,,,3.24841814009e-05,,,,,,
754,1,DDP,,Imp_Cacao,,,2029,,,,,,,,,3464.3,,,,,,,3.65519969408e-05,,,,,,
754,1,DDP,,Imp_Cacao,,,2030,,,,,,,,,3464.3,,,,,,,4.10092279816e-05,,,,,,
754,1,DDP,,Imp_Cacao,,,2031,,,,,,,,,3464.3,,,,,,,3.61996994155e-05,,,,,,
754,1,DDP,,Imp_Cacao,,,2032,,,,,,,,,3464.3,,,,,,,3.8877244157e-05,,,,,,
754,1,DDP,,Imp_Cacao,,,2033,,,,,,,,,3464.3,,,,,,,4.14128214998e-05,,,,,,
754,1,DDP,,Imp_Cacao,,,2034,,,,,,,,,3464.3,,,,,,,4.33336743432e-05,,,,,,
754,1,DDP,,Imp_Cacao,,,2035,,,,,,,,,3464.3,,,,,,,4.46909323993e-05,,,,,,
754,1,DDP,,Imp_Cacao,,,2036,,,,,,,,,3464.3,,,,,,,4.53525668478e-05,,,,,,
754,1,DDP,,Imp_Cacao,,,2037,,,,,,,,,3464.3,,,,,,,4.72958697765e-05,,,,,,
754,1,DDP,,Imp_Cacao,,,2038,,,,,,,,,3464.3,,,,,,,4.90983913128e-05,,,,,,
754,1,DDP,,Imp_Cacao,,,2039,,,,,,,,,3464.3,,,,,,,5.08531700809e-05,,,,,,
754,1,DDP,,Imp_Cacao,,,2040,,,,,,,,,3464.3,,,,,,,5.24189444528e-05,,,,,,
754,1,DDP,,Imp_Cacao,,,2041,,,,,,,,,3464.3,,,,,,,5.4043507655e-05,,,,,,
754,1,DDP,,Imp_Cacao,,,2042,,,,,,,,,3464.3,,,,,,,5.58952026901e-05,,,,,,
754,1,DDP,,Imp_Cacao,,,2043,,,,,,,,,3464.3,,,,,,,5.74500513875e-05,,,,,,
754,1,DDP,,Imp_Cacao,,,2044,,,,,,,,,3464.3,,,,,,,5.92560057535e-05,,,,,,
754,1,DDP,,Imp_Cacao,,,2045,,,,,,,,,3464.3,,,,,,,6.09086177147e-05,,,,,,
754,1,DDP,,Imp_Cacao,,,2046,,,,,,,,,3464.3,,,,,,,6.28855478101e-05,,,,,,
754,1,DDP,,Imp_Cacao,,,2047,,,,,,,,,3464.3,,,,,,,6.466361581e-05,,,,,,
754,1,DDP,,Imp_Cacao,,,2048,,,,,,,,,3464.3,,,,,,,6.64319678249e-05,,,,,,
754,1,DDP,,Imp_Cacao,,,2049,,,,,,,,,3464.3,,,,,,,6.82593789573e-05,,,,,,
754,1,DDP,,Imp_Cacao,,,2050,,,,,,,,,3464.3,,,,,,,7.0120946663e-05,,,,,,
754,1,DDP,,Imp_Cacao,,,2051,,,,,,,,,3464.3,,,,,,,7.21796010007e-05,,,,,,
754,1,DDP,,Imp_Cacao,,,2052,,,,,,,,,3464.3,,,,,,,7.41370130977e-05,,,,,,
754,1,DDP,,Imp_Cacao,,,2053,,,,,,,,,3464.3,,,,,,,7.61143021172e-05,,,,,,
754,1,DDP,,Imp_Cacao,,,2054,,,,,,,,,3464.3,,,,,,,7.81574130694e-05,,,,,,
754,1,DDP,,Imp_Cacao,,,2055,,,,,,,,,3464.3,,,,,,,8.02384908721e-05,,,,,,
754,1,DDP,,Imp_Cacao,,,2056,,,,,,,,,3464.3,,,,,,,8.23834429173e-05,,,,,,
754,1,DDP,,Imp_Cacao,,,2057,,,,,,,,,3464.3,,,,,,,8.45070247171e-05,,,,,,
754,1,DDP,,Imp_Cacao,,,2058,,,,,,,,,3464.3,,,,,,,8.66677795371e-05,,,,,,
754,1,DDP,,Imp_Cacao,,,2059,,,,,,,,,3464.3,,,,,,,8.88662714847e-05,,,,,,
754,1,DDP,,Imp_Cacao,,,2060,,,,,,,,,3464.3,,,,,,,9.10961659443e-05,,,,,,
754,1,DDP,,Imp_Cacao,,,2061,,,,,,,,,3464.3,,,,,,,9.33510933914e-05,,,,,,
754,1,DDP,,Imp_Cacao,,,2062,,,,,,,,,3464.3,,,,,,,9.56348602149e-05,,,,,,
754,1,DDP,,Imp_Cacao,,,2063,,,,,,,,,3464.3,,,,,,,9.79491473984e-05,,,,,,
754,1,DDP,,Imp_Cacao,,,2064,,,,,,,,,3464.3,,,,,,,0.0001002944630326,,,,,,
754,1,DDP,,Imp_Cacao,,,2065,,,,,,,,,3464.3,,,,,,,0.0001026664381526,,,,,,
754,1,DDP,,Imp_Cacao,,,2066,,,,,,,,,3464.3,,,,,,,0.0001050646609946,,,,,,
754,1,DDP,,Imp_Cacao,,,2067,,,,,,,,,3464.3,,,,,,,0.0001074868937962,,,,,,
754,1,DDP,,Imp_Cacao,,,2068,,,,,,,,,3464.3,,,,,,,0.0001099362318564,,,,,,
754,1,DDP,,Imp_Cacao,,,2069,,,,,,,,,3464.3,,,,,,,0.0001124114380956,,,,,,
754,1,DDP,,Imp_Cacao,,,2070,,,,,,,,,3464.3,,,,,,,0.0001149112701123,,,,,,
754,1,DDP,,Imp_Cafe,,,2018,,,,,,,,,2547.4903646595994,,,,,,,0.01254968580475,,,,,,
754,1,DDP,,Imp_Cafe,,,2019,,,,,,,,,7402.5521825606265,,,,,,,0.00515381246312,,,,,,
754,1,DDP,,Imp_Cafe,,,2020,,,,,,,,,7500.568935483839,,,,,,,0.00848839190263,,,,,,
754,1,DDP,,Imp_Cafe,,,2021,,,,,,,,,7936.24481467468,,,,,,,0.0091421000816264,,,,,,
754,1,DDP,,Imp_Cafe,,,2022,,,,,,,,,7936.24481467468,,,,,,,0.0106149084478514,,,,,,
754,1,DDP,,Imp_Cafe,,,2023,,,,,,,,,7936.24481467468,,,,,,,0.0107000225335297,,,,,,
754,1,DDP,,Imp_Cafe,,,2024,,,,,,,,,7936.24481467468,,,,,,,0.011186944786783,,,,,,
754,1,DDP,,Imp_Cafe,,,2025,,,,,,,,,7936.24481467468,,,,,,,0.0129444208888516,,,,,,
754,1,DDP,,Imp_Cafe,,,2026,,,,,,,,,7936.24481467468,,,,,,,0.0142704211045434,,,,,,
754,1,DDP,,Imp_Cafe,,,2027,,,,,,,,,7936.24481467468,,,,,,,0.0164721544704376,,,,,,
754,1,DDP,,Imp_Cafe,,,2028,,,,,,,,,7936.24481467468,,,,,,,0.0186525177791618,,,,,,
754,1,DDP,,Imp_Cafe,,,2029,,,,,,,,,7936.24481467468,,,,,,,0.020791187822875,,,,,,
754,1,DDP,,Imp_Cafe,,,2030,,,,,,,,,7936.24481467468,,,,,,,0.0247279756156397,,,,,,
754,1,DDP,,Imp_Cafe,,,2031,,,,,,,,,7936.24481467468,,,,,,,0.0231420530631855,,,,,,
754,1,DDP,,Imp_Cafe,,,2032,,,,,,,,,7936.24481467468,,,,,,,0.0263531410026784,,,,,,
754,1,DDP,,Imp_Cafe,,,2033,,,,,,,,,7936.24481467468,,,,,,,0.0297687552462436,,,,,,
754,1,DDP,,Imp_Cafe,,,2034,,,,,,,,,7936.24481467468,,,,,,,0.0330360565054293,,,,,,
754,1,DDP,,Imp_Cafe,,,2035,,,,,,,,,7936.24481467468,,,,,,,0.0361381397911694,,,,,,
754,1,DDP,,Imp_Cafe,,,2036,,,,,,,,,7936.24481467468,,,,,,,0.0389025269144906,,,,,,
754,1,DDP,,Imp_Cafe,,,2037,,,,,,,,,7936.24481467468,,,,,,,0.0430401348795752,,,,,,
754,1,DDP,,Imp_Cafe,,,2038,,,,,,,,,7936.24481467468,,,,,,,0.0474063052948506,,,,,,
754,1,DDP,,Imp_Cafe,,,2039,,,,,,,,,7936.24481467468,,,,,,,0.0521012787507886,,,,,,
754,1,DDP,,Imp_Cafe,,,2040,,,,,,,,,7936.24481467468,,,,,,,0.0569931047236144,,,,,,
754,1,DDP,,Imp_Cafe,,,2041,,,,,,,,,7936.24481467468,,,,,,,0.0623623686268117,,,,,,
754,1,DDP,,Imp_Cafe,,,2042,,,,,,,,,7936.24481467468,,,,,,,0.068460354787849,,,,,,
754,1,DDP,,Imp_Cafe,,,2043,,,,,,,,,7936.24481467468,,,,,,,0.0746930637508983,,,,,,
754,1,DDP,,Imp_Cafe,,,2044,,,,,,,,,7936.24481467468,,,,,,,0.0817873982652074,,,,,,
754,1,DDP,,Imp_Cafe,,,2045,,,,,,,,,7936.24481467468,,,,,,,0.0892555226396626,,,,,,
754,1,DDP,,Imp_Cafe,,,2046,,,,,,,,,7936.24481467468,,,,,,,0.0978468768299552,,,,,,
754,1,DDP,,Imp_Cafe,,,2047,,,,,,,,,7936.24481467468,,,,,,,0.1068396818736706,,,,,,
754,1,DDP,,Imp_Cafe,,,2048,,,,,,,,,7936.24481467468,,,,,,,0.1165634032585678,,,,,,
754,1,DDP,,Imp_Cafe,,,2049,,,,,,,,,7936.24481467468,,,,,,,0.1272023921444055,,,,,,
754,1,DDP,,Imp_Cafe,,,2050,,,,,,,,,7936.24481467468,,,,,,,0.1387916203677996,,,,,,
754,1,DDP,,Imp_Cafe,,,2051,,,,,,,,,7936.24481467468,,,,,,,0.148756520027252,,,,,,
754,1,DDP,,Imp_Cafe,,,2052,,,,,,,,,7936.24481467468,,,,,,,0.1594364266992254,,,,,,
754,1,DDP,,Imp_Cafe,,,2053,,,,,,,,,7936.24481467468,,,,,,,0.1708826133571416,,,,,,
754,1,DDP,,Imp_Cafe,,,2054,,,,,,,,,7936.24481467468,,,,,,,0.1831500276563399,,,,,,
754,1,DDP,,Imp_Cafe,,,2055,,,,,,,,,7936.24481467468,,,,,,,0.1962975551519759,,,,,,
754,1,DDP,,Imp_Cafe,,,2056,,,,,,,,,7936.24481467468,,,,,,,0.2103883013614849,,,,,,
754,1,DDP,,Imp_Cafe,,,2057,,,,,,,,,7936.24481467468,,,,,,,0.2254898940200805,,,,,,
754,1,DDP,,Imp_Cafe,,,2058,,,,,,,,,7936.24481467468,,,,,,,0.2416748069742083,,,,,,
754,1,DDP,,Imp_Cafe,,,2059,,,,,,,,,7936.24481467468,,,,,,,0.2590207072612154,,,,,,
754,1,DDP,,Imp_Cafe,,,2060,,,,,,,,,7936.24481467468,,,,,,,0.27761082703423,,,,,,
754,1,DDP,,Imp_Cafe,,,2061,,,,,,,,,7936.24481467468,,,,,,,0.2975343621098867,,,,,,
754,1,DDP,,Imp_Cafe,,,2062,,,,,,,,,7936.24481467468,,,,,,,0.3188868990436675,,,,,,
754,1,DDP,,Imp_Cafe,,,2063,,,,,,,,,7936.24481467468,,,,,,,0.3417708727738392,,,,,,
754,1,DDP,,Imp_Cafe,,,2064,,,,,,,,,7936.24481467468,,,,,,,0.3662960570209211,,,,,,
754,1,DDP,,Imp_Cafe,,,2065,,,,,,,,,7936.24481467468,,,,,,,0.3925800897860025,,,,,,
754,1,DDP,,Imp_Cafe,,,2066,,,,,,,,,7936.24481467468,,,,,,,0.4207490364587929,,,,,,
754,1,DDP,,Imp_Cafe,,,2067,,,,,,,,,7936.24481467468,,,,,,,0.4509379932258224,,,,,,
754,1,DDP,,Imp_Cafe,,,2068,,,,,,,,,7936.24481467468,,,,,,,0.483291733661588,,,,,,
754,1,DDP,,Imp_Cafe,,,2069,,,,,,,,,7936.24481467468,,,,,,,0.5179654015915544,,,,,,
754,1,DDP,,Imp_Cafe,,,2070,,,,,,,,,7936.24481467468,,,,,,,0.555125253536774,,,,,,
754,1,DDP,,Imp_Cana,,,2018,,,,,,,,,444.91299565853546,,,,,,,0.03849549062634,,,,,,
754,1,DDP,,Imp_Cana,,,2019,,,,,,,,,438.46415305939996,,,,,,,0.02892076178805,,,,,,
754,1,DDP,,Imp_Cana,,,2020,,,,,,,,,473.6463832409793,,,,,,,0.02792415929886,,,,,,
754,1,DDP,,Imp_Cana,,,2021,,,,,,,,,502.5246306079616,,,,,,,0.03914996472684,,,,,,
754,1,DDP,,Imp_Cana,,,2022,,,,,,,,,502.5246306079616,,,,,,,0.0454570927469092,,,,,,
754,1,DDP,,Imp_Cana,,,2023,,,,,,,,,502.5246306079616,,,,,,,0.0458215837743877,,,,,,
754,1,DDP,,Imp_Cana,,,2024,,,,,,,,,502.5246306079616,,,,,,,0.047906770861531,,,,,,
754,1,DDP,,Imp_Cana,,,2025,,,,,,,,,502.5246306079616,,,,,,,0.055432954866291,,,,,,
754,1,DDP,,Imp_Cana,,,2026,,,,,,,,,502.5246306079616,,,,,,,0.0611113943067484,,,,,,
754,1,DDP,,Imp_Cana,,,2027,,,,,,,,,502.5246306079616,,,,,,,0.0611571540400086,,,,,,
754,1,DDP,,Imp_Cana,,,2028,,,,,,,,,502.5246306079616,,,,,,,0.061202761142408,,,,,,
754,1,DDP,,Imp_Cana,,,2029,,,,,,,,,502.5246306079616,,,,,,,0.0612482158734485,,,,,,
754,1,DDP,,Imp_Cana,,,2030,,,,,,,,,502.5246306079616,,,,,,,0.0612935184922659,,,,,,
754,1,DDP,,Imp_Cana,,,2031,,,,,,,,,502.5246306079616,,,,,,,0.0613386692576296,,,,,,
754,1,DDP,,Imp_Cana,,,2032,,,,,,,,,502.5246306079616,,,,,,,0.0613836684279442,,,,,,
754,1,DDP,,Imp_Cana,,,2033,,,,,,,,,502.5246306079616,,,,,,,0.0614285162612489,,,,,,
754,1,DDP,,Imp_Cana,,,2034,,,,,,,,,502.5246306079616,,,,,,,0.0614732130152186,,,,,,
754,1,DDP,,Imp_Cana,,,2035,,,,,,,,,502.5246306079616,,,,,,,0.0615177589471641,,,,,,
754,1,DDP,,Imp_Cana,,,2036,,,,,,,,,502.5246306079616,,,,,,,0.0615621543140326,,,,,,
754,1,DDP,,Imp_Cana,,,2037,,,,,,,,,502.5246306079616,,,,,,,0.0616063993724085,,,,,,
754,1,DDP,,Imp_Cana,,,2038,,,,,,,,,502.5246306079616,,,,,,,0.0616504943785133,,,,,,
754,1,DDP,,Imp_Cana,,,2039,,,,,,,,,502.5246306079616,,,,,,,0.0616944395882065,,,,,,
754,1,DDP,,Imp_Cana,,,2040,,,,,,,,,502.5246306079616,,,,,,,0.061738235256986,,,,,,
754,1,DDP,,Imp_Cana,,,2041,,,,,,,,,502.5246306079616,,,,,,,0.0617818816399883,,,,,,
754,1,DDP,,Imp_Cana,,,2042,,,,,,,,,502.5246306079616,,,,,,,0.0618253789919894,,,,,,
754,1,DDP,,Imp_Cana,,,2043,,,,,,,,,502.5246306079616,,,,,,,0.0618687275674048,,,,,,
754,1,DDP,,Imp_Cana,,,2044,,,,,,,,,502.5246306079616,,,,,,,0.0619119276202904,,,,,,
754,1,DDP,,Imp_Cana,,,2045,,,,,,,,,502.5246306079616,,,,,,,0.0619549794043426,,,,,,
754,1,DDP,,Imp_Cana,,,2046,,,,,,,,,502.5246306079616,,,,,,,0.0619978831728991,,,,,,
754,1,DDP,,Imp_Cana,,,2047,,,,,,,,,502.5246306079616,,,,,,,0.0620406391789391,,,,,,
754,1,DDP,,Imp_Cana,,,2048,,,,,,,,,502.5246306079616,,,,,,,0.0620832476750839,,,,,,
754,1,DDP,,Imp_Cana,,,2049,,,,,,,,,502.5246306079616,,,,,,,0.0621257089135972,,,,,,
754,1,DDP,,Imp_Cana,,,2050,,,,,,,,,502.5246306079616,,,,,,,0.0621680231463858,,,,,,
754,1,DDP,,Imp_Cana,,,2051,,,,,,,,,502.5246306079616,,,,,,,0.0622101906249999,,,,,,
754,1,DDP,,Imp_Cana,,,2052,,,,,,,,,502.5246306079616,,,,,,,0.0622522116006336,,,,,,
754,1,DDP,,Imp_Cana,,,2053,,,,,,,,,502.5246306079616,,,,,,,0.0622940863241254,,,,,,
754,1,DDP,,Imp_Cana,,,2054,,,,,,,,,502.5246306079616,,,,,,,0.0623358150459587,,,,,,
754,1,DDP,,Imp_Cana,,,2055,,,,,,,,,502.5246306079616,,,,,,,0.0623773980162619,,,,,,
754,1,DDP,,Imp_Cana,,,2056,,,,,,,,,502.5246306079616,,,,,,,0.0624188354848095,,,,,,
754,1,DDP,,Imp_Cana,,,2057,,,,,,,,,502.5246306079616,,,,,,,0.062460127701022,,,,,,
754,1,DDP,,Imp_Cana,,,2058,,,,,,,,,502.5246306079616,,,,,,,0.0625012749139666,,,,,,
754,1,DDP,,Imp_Cana,,,2059,,,,,,,,,502.5246306079616,,,,,,,0.0625422773723576,,,,,,
754,1,DDP,,Imp_Cana,,,2060,,,,,,,,,502.5246306079616,,,,,,,0.0625831353245569,,,,,,
754,1,DDP,,Imp_Cana,,,2061,,,,,,,,,502.5246306079616,,,,,,,0.0626238490185744,,,,,,
754,1,DDP,,Imp_Cana,,,2062,,,,,,,,,502.5246306079616,,,,,,,0.0626644187020685,,,,,,
754,1,DDP,,Imp_Cana,,,2063,,,,,,,,,502.5246306079616,,,,,,,0.0627048446223467,,,,,,
754,1,DDP,,Imp_Cana,,,2064,,,,,,,,,502.5246306079616,,,,,,,0.0627451270263656,,,,,,
754,1,DDP,,Imp_Cana,,,2065,,,,,,,,,502.5246306079616,,,,,,,0.0627852661607318,,,,,,
754,1,DDP,,Imp_Cana,,,2066,,,,,,,,,502.5246306079616,,,,,,,0.0628252622717023,,,,,,
754,1,DDP,,Imp_Cana,,,2067,,,,,,,,,502.5246306079616,,,,,,,0.0628651156051847,,,,,,
754,1,DDP,,Imp_Cana,,,2068,,,,,,,,,502.5246306079616,,,,,,,0.0629048264067378,,,,,,
754,1,DDP,,Imp_Cana,,,2069,,,,,,,,,502.5246306079616,,,,,,,0.0629443949215722,,,,,,
754,1,DDP,,Imp_Cana,,,2070,,,,,,,,,502.5246306079616,,,,,,,0.0629838213945506,,,,,,
754,1,DDP,,Imp_Maiz,,,2018,,,,,,,,,1332.010093,,,,,,,0.05673591,,,,,,
754,1,DDP,,Imp_Maiz,,,2019,,,,,,,,,1433.0,,,,,,,0.02730915,,,,,,
754,1,DDP,,Imp_Maiz,,,2020,,,,,,,,,3033.134541,,,,,,,0.0487872,,,,,,
754,1,DDP,,Imp_Maiz,,,2021,,,,,,,,,2454.045192,,,,,,,0.056826,,,,,,
754,1,DDP,,Imp_Maiz,,,2022,,,,,,,,,2454.045192,,,,,,,0.065980768321483,,,,,,
754,1,DDP,,Imp_Maiz,,,2023,,,,,,,,,2454.045192,,,,,,,0.0663221325354448,,,,,,
754,1,DDP,,Imp_Maiz,,,2024,,,,,,,,,2454.045192,,,,,,,0.0692426310589806,,,,,,
754,1,DDP,,Imp_Maiz,,,2025,,,,,,,,,2454.045192,,,,,,,0.0800081552556023,,,,,,
754,1,DDP,,Imp_Maiz,,,2026,,,,,,,,,2454.045192,,,,,,,0.0880803977341245,,,,,,
754,1,DDP,,Imp_Maiz,,,2027,,,,,,,,,2454.045192,,,,,,,0.1015278078441609,,,,,,
754,1,DDP,,Imp_Maiz,,,2028,,,,,,,,,2454.045192,,,,,,,0.1148062319785757,,,,,,
754,1,DDP,,Imp_Maiz,,,2029,,,,,,,,,2454.045192,,,,,,,0.127791500324859,,,,,,
754,1,DDP,,Imp_Maiz,,,2030,,,,,,,,,2454.045192,,,,,,,0.1418480545838384,,,,,,
754,1,DDP,,Imp_Maiz,,,2031,,,,,,,,,2454.045192,,,,,,,0.1238939552027724,,,,,,
754,1,DDP,,Imp_Maiz,,,2032,,,,,,,,,2454.045192,,,,,,,0.1316725619701416,,,,,,
754,1,DDP,,Imp_Maiz,,,2033,,,,,,,,,2454.045192,,,,,,,0.138815989596243,,,,,,
754,1,DDP,,Imp_Maiz,,,2034,,,,,,,,,2454.045192,,,,,,,0.1437752668753943,,,,,,
754,1,DDP,,Imp_Maiz,,,2035,,,,,,,,,2454.045192,,,,,,,0.146784494440784,,,,,,
754,1,DDP,,Imp_Maiz,,,2036,,,,,,,,,2454.045192,,,,,,,0.1474727716585886,,,,,,
754,1,DDP,,Imp_Maiz,,,2037,,,,,,,,,2454.045192,,,,,,,0.1522749726435799,,,,,,
754,1,DDP,,Imp_Maiz,,,2038,,,,,,,,,2454.045192,,,,,,,0.1565355990800046,,,,,,
754,1,DDP,,Imp_Maiz,,,2039,,,,,,,,,2454.045192,,,,,,,0.1605642006125542,,,,,,
754,1,DDP,,Imp_Maiz,,,2040,,,,,,,,,2454.045192,,,,,,,0.1639257588828467,,,,,,
754,1,DDP,,Imp_Maiz,,,2041,,,,,,,,,2454.045192,,,,,,,0.1674068607060758,,,,,,
754,1,DDP,,Imp_Maiz,,,2042,,,,,,,,,2454.045192,,,,,,,0.1715207908228079,,,,,,
754,1,DDP,,Imp_Maiz,,,2043,,,,,,,,,2454.045192,,,,,,,0.17465703370944,,,,,,
754,1,DDP,,Imp_Maiz,,,2044,,,,,,,,,2454.045192,,,,,,,0.1784931622066823,,,,,,
754,1,DDP,,Imp_Maiz,,,2045,,,,,,,,,2454.045192,,,,,,,0.1818029267708126,,,,,,
754,1,DDP,,Imp_Maiz,,,2046,,,,,,,,,2454.045192,,,,,,,0.1860135228958091,,,,,,
754,1,DDP,,Imp_Maiz,,,2047,,,,,,,,,2454.045192,,,,,,,0.1895671596608448,,,,,,
754,1,DDP,,Imp_Maiz,,,2048,,,,,,,,,2454.045192,,,,,,,0.1930309234972395,,,,,,
754,1,DDP,,Imp_Maiz,,,2049,,,,,,,,,2454.045192,,,,,,,0.1966053278672893,,,,,,
754,1,DDP,,Imp_Maiz,,,2050,,,,,,,,,2454.045192,,,,,,,0.2002164526120141,,,,,,
754,1,DDP,,Imp_Maiz,,,2051,,,,,,,,,2454.045192,,,,,,,0.2043246336243839,,,,,,
754,1,DDP,,Imp_Maiz,,,2052,,,,,,,,,2454.045192,,,,,,,0.2080799275477978,,,,,,
754,1,DDP,,Imp_Maiz,,,2053,,,,,,,,,2454.045192,,,,,,,0.2118284092860374,,,,,,
754,1,DDP,,Imp_Maiz,,,2054,,,,,,,,,2454.045192,,,,,,,0.2156971115702452,,,,,,
754,1,DDP,,Imp_Maiz,,,2055,,,,,,,,,2454.045192,,,,,,,0.2196068739813481,,,,,,
754,1,DDP,,Imp_Maiz,,,2056,,,,,,,,,2454.045192,,,,,,,0.2236270750451161,,,,,,
754,1,DDP,,Imp_Maiz,,,2057,,,,,,,,,2454.045192,,,,,,,0.2275255734350418,,,,,,
754,1,DDP,,Imp_Maiz,,,2058,,,,,,,,,2454.045192,,,,,,,0.2314617291807253,,,,,,
754,1,DDP,,Imp_Maiz,,,2059,,,,,,,,,2454.045192,,,,,,,0.2354361971483906,,,,,,
754,1,DDP,,Imp_Maiz,,,2060,,,,,,,,,2454.045192,,,,,,,0.2394314804254903,,,,,,
754,1,DDP,,Imp_Maiz,,,2061,,,,,,,,,2454.045192,,,,,,,0.243430542084163,,,,,,
754,1,DDP,,Imp_Maiz,,,2062,,,,,,,,,2454.045192,,,,,,,0.2474432055435239,,,,,,
754,1,DDP,,Imp_Maiz,,,2063,,,,,,,,,2454.045192,,,,,,,0.2514735339970813,,,,,,
754,1,DDP,,Imp_Maiz,,,2064,,,,,,,,,2454.045192,,,,,,,0.2555224782827804,,,,,,
754,1,DDP,,Imp_Maiz,,,2065,,,,,,,,,2454.045192,,,,,,,0.2595786298207933,,,,,,
754,1,DDP,,Imp_Maiz,,,2066,,,,,,,,,2454.045192,,,,,,,0.2636408542226223,,,,,,
754,1,DDP,,Imp_Maiz,,,2067,,,,,,,,,2454.045192,,,,,,,0.2677035033707248,,,,,,
754,1,DDP,,Imp_Maiz,,,2068,,,,,,,,,2454.045192,,,,,,,0.2717742806137064,,,,,,
754,1,DDP,,Imp_Maiz,,,2069,,,,,,,,,2454.045192,,,,,,,0.2758500313097713,,,,,,
754,1,DDP,,Imp_Maiz,,,2070,,,,,,,,,2454.045192,,,,,,,0.2799276800541773,,,,,,
754,1,DDP,,Imp_Soya,,,2018,,,,,,,,,2888.9602647516826,,,,,,,3.9607227e-06,,,,,,
754,1,DDP,,Imp_Soya,,,2019,,,,,,,,,0.0,,,,,,,0.0,,,,,,
754,1,DDP,,Imp_Soya,,,2020,,,,,,,,,0.0,,,,,,,0.0,,,,,,
754,1,DDP,,Imp_Soya,,,2021,,,,,,,,,0.0,,,,,,,0.0,,,,,,
754,1,DDP,,Imp_Soya,,,2022,,,,,,,,,0.0,,,,,,,0.0,,,,,,
754,1,DDP,,Imp_Soya,,,2023,,,,,,,,,0.0,,,,,,,0.0,,,,,,
754,1,DDP,,Imp_Soya,,,2024,,,,,,,,,0.0,,,,,,,0.0,,,,,,
754,1,DDP,,Imp_Soya,,,2025,,,,,,,,,0.0,,,,,,,0.0,,,,,,
754,1,DDP,,Imp_Soya,,,2026,,,,,,,,,0.0,,,,,,,0.0,,,,,,
754,1,DDP,,Imp_Soya,,,2027,,,,,,,,,0.0,,,,,,,0.0,,,,,,
754,1,DDP,,Imp_Soya,,,2028,,,,,,,,,0.0,,,,,,,0.0,,,,,,
754,1,DDP,,Imp_Soya,,,2029,,,,,,,,,0.0,,,,,,,0.0,,,,,,
754,1,DDP,,Imp_Soya,,,2030,,,,,,,,,0.0,,,,,,,0.0,,,,,,
754,1,DDP,,Imp_Soya,,,2031,,,,,,,,,0.0,,,,,,,0.0,,,,,,
754,1,DDP,,Imp_Soya,,,2032,,,,,,,,,0.0,,,,,,,0.0,,,,,,
754,1,DDP,,Imp_Soya,,,2033,,,,,,,,,0.0,,,,,,,0.0,,,,,,
754,1,DDP,,Imp_Soya,,,2034,,,,,,,,,0.0,,,,,,,0.0,,,,,,
754,1,DDP,,Imp_Soya,,,2035,,,,,,,,,0.0,,,,,,,0.0,,,,,,
754,1,DDP,,Imp_Soya,,,2036,,,,,,,,,0.0,,,,,,,0.0,,,,,,
754,1,DDP,,Imp_Soya,,,2037,,,,,,,,,0.0,,,,,,,0.0,,,,,,
754,1,DDP,,Imp_Soya,,,2038,,,,,,,,,0.0,,,,,,,0.0,,,,,,
754,1,DDP,,Imp_Soya,,,2039,,,,,,,,,0.0,,,,,,,0.0,,,,,,
754,1,DDP,,Imp_Soya,,,2040,,,,,,,,,0.0,,,,,,,0.0,,,,,,
754,1,DDP,,Imp_Soya,,,2041,,,,,,,,,0.0,,,,,,,0.0,,,,,,
754,1,DDP,,Imp_Soya,,,2042,,,,,,,,,0.0,,,,,,,0.0,,,,,,
754,1,DDP,,Imp_Soya,,,2043,,,,,,,,,0.0,,,,,,,0.0,,,,,,
754,1,DDP,,Imp_Soya,,,2044,,,,,,,,,0.0,,,,,,,0.0,,,,,,
754,1,DDP,,Imp_Soya,,,2045,,,,,,,,,0.0,,,,,,,0.0,,,,,,
754,1,DDP,,Imp_Soya,,,2046,,,,,,,,,0.0,,,,,,,0.0,,,,,,
754,1,DDP,,Imp_Soya,,,2047,,,,,,,,,0.0,,,,,,,0.0,,,,,,
754,1,DDP,,Imp_Soya,,,2048,,,,,,,,,0.0,,,,,,,0.0,,,,,,
754,1,DDP,,Imp_Soya,,,2049,,,,,,,,,0.0,,,,,,,0.0,,,,,,
754,1,DDP,,Imp_Soya,,,2050,,,,,,,,,0.0,,,,,,,0.0,,,,,,
754,1,DDP,,Imp_Soya,,,2051,,,,,,,,,0.0,,,,,,,0.0,,,,,,
754,1,DDP,,Imp_Soya,,,2052,,,,,,,,,0.0,,,,,,,0.0,,,,,,
754,1,DDP,,Imp_Soya,,,2053,,,,,,,,,0.0,,,,,,,0.0,,,,,,
754,1,DDP,,Imp_Soya,,,2054,,,,,,,,,0.0,,,,,,,0.0,,,,,,
754,1,DDP,,Imp_Soya,,,2055,,,,,,,,,0.0,,,,,,,0.0,,,,,,
754,1,DDP,,Imp_Soya,,,2056,,,,,,,,,0.0,,,,,,,0.0,,,,,,
754,1,DDP,,Imp_Soya,,,2057,,,,,,,,,0.0,,,,,,,0.0,,,,,,
754,1,DDP,,Imp_Soya,,,2058,,,,,,,,,0.0,,,,,,,0.0,,,,,,
754,1,DDP,,Imp_Soya,,,2059,,,,,,,,,0.0,,,,,,,0.0,,,,,,
754,1,DDP,,Imp_Soya,,,2060,,,,,,,,,0.0,,,,,,,0.0,,,,,,
754,1,DDP,,Imp_Soya,,,2061,,,,,,,,,0.0,,,,,,,0.0,,,,,,
754,1,DDP,,Imp_Soya,,,2062,,,,,,,,,0.0,,,,,,,0.0,,,,,,
754,1,DDP,,Imp_Soya,,,2063,,,,,,,,,0.0,,,,,,,0.0,,,,,,
754,1,DDP,,Imp_Soya,,,2064,,,,,,,,,0.0,,,,,,,0.0,,,,,,
754,1,DDP,,Imp_Soya,,,2065,,,,,,,,,0.0,,,,,,,0.0,,,,,,
754,1,DDP,,Imp_Soya,,,2066,,,,,,,,,0.0,,,,,,,0.0,,,,,,
754,1,DDP,,Imp_Soya,,,2067,,,,,,,,,0.0,,,,,,,0.0,,,,,,
754,1,DDP,,Imp_Soya,,,2068,,,,,,,,,0.0,,,,,,,0.0,,,,,,
754,1,DDP,,Imp_Soya,,,2069,,,,,,,,,0.0,,,,,,,0.0,,,,,,
754,1,DDP,,Imp_Soya,,,2070,,,,,,,,,0.0,,,,,,,0.0,,,,,,
754,1,DDP,,Imp_Palmito,,,2018,,,,,,,,,0.0,,,,,,,0.0,,,,,,
754,1,DDP,,Imp_Palmito,,,2019,,,,,,,,,0.0,,,,,,,0.0339376678031756,,,,,,
754,1,DDP,,Imp_Palmito,,,2020,,,,,,,,,0.0,,,,,,,0.0331772345688799,,,,,,
754,1,DDP,,Imp_Palmito,,,2021,,,,,,,,,0.0,,,,,,,0.0478589022092139,,,,,,
754,1,DDP,,Imp_Palmito,,,2022,,,,,,,,,0.0,,,,,,,0.0555690553406302,,,,,,
754,1,DDP,,Imp_Palmito,,,2023,,,,,,,,,0.0,,,,,,,0.0560146276562618,,,,,,
754,1,DDP,,Imp_Palmito,,,2024,,,,,,,,,0.0,,,,,,,0.0585636660931493,,,,,,
754,1,DDP,,Imp_Palmito,,,2025,,,,,,,,,0.0,,,,,,,0.0677640550795899,,,,,,
754,1,DDP,,Imp_Palmito,,,2026,,,,,,,,,0.0,,,,,,,0.0747056674099704,,,,,,
754,1,DDP,,Imp_Palmito,,,2027,,,,,,,,,0.0,,,,,,,0.0862317435749938,,,,,,
754,1,DDP,,Imp_Palmito,,,2028,,,,,,,,,0.0,,,,,,,0.0976459474713733,,,,,,
754,1,DDP,,Imp_Palmito,,,2029,,,,,,,,,0.0,,,,,,,0.1088418870876498,,,,,,
754,1,DDP,,Imp_Palmito,,,2030,,,,,,,,,0.0,,,,,,,0.1294509747491393,,,,,,
754,1,DDP,,Imp_Palmito,,,2031,,,,,,,,,0.0,,,,,,,0.121148668750342,,,,,,
754,1,DDP,,Imp_Palmito,,,2032,,,,,,,,,0.0,,,,,,,0.1379587170225372,,,,,,
754,1,DDP,,Imp_Palmito,,,2033,,,,,,,,,0.0,,,,,,,0.1558394606818321,,,,,,
754,1,DDP,,Imp_Palmito,,,2034,,,,,,,,,0.0,,,,,,,0.1729437857335429,,,,,,
754,1,DDP,,Imp_Palmito,,,2035,,,,,,,,,0.0,,,,,,,0.1891831945445939,,,,,,
754,1,DDP,,Imp_Palmito,,,2036,,,,,,,,,0.0,,,,,,,0.2036547636394603,,,,,,
754,1,DDP,,Imp_Palmito,,,2037,,,,,,,,,0.0,,,,,,,0.2253151450849694,,,,,,
754,1,DDP,,Imp_Palmito,,,2038,,,,,,,,,0.0,,,,,,,0.2481720511642838,,,,,,
754,1,DDP,,Imp_Palmito,,,2039,,,,,,,,,0.0,,,,,,,0.2727502414593322,,,,,,
754,1,DDP,,Imp_Palmito,,,2040,,,,,,,,,0.0,,,,,,,0.2983589548586186,,,,,,
754,1,DDP,,Imp_Palmito,,,2041,,,,,,,,,0.0,,,,,,,0.3264670562559146,,,,,,
754,1,DDP,,Imp_Palmito,,,2042,,,,,,,,,0.0,,,,,,,0.3583900193331578,,,,,,
754,1,DDP,,Imp_Palmito,,,2043,,,,,,,,,0.0,,,,,,,0.3910182564009805,,,,,,
754,1,DDP,,Imp_Palmito,,,2044,,,,,,,,,0.0,,,,,,,0.4281571040102014,,,,,,
754,1,DDP,,Imp_Palmito,,,2045,,,,,,,,,0.0,,,,,,,0.4672527418759064,,,,,,
754,1,DDP,,Imp_Palmito,,,2046,,,,,,,,,0.0,,,,,,,0.5122284888450629,,,,,,
754,1,DDP,,Imp_Palmito,,,2047,,,,,,,,,0.0,,,,,,,0.5593058313955649,,,,,,
754,1,DDP,,Imp_Palmito,,,2048,,,,,,,,,0.0,,,,,,,0.6102095216542966,,,,,,
754,1,DDP,,Imp_Palmito,,,2049,,,,,,,,,0.0,,,,,,,0.6659046381095997,,,,,,
754,1,DDP,,Imp_Palmito,,,2050,,,,,,,,,0.0,,,,,,,0.7265742583578401,,,,,,
754,1,DDP,,Imp_Palmito,,,2051,,,,,,,,,0.0,,,,,,,0.7944439974350125,,,,,,
754,1,DDP,,Imp_Palmito,,,2052,,,,,,,,,0.0,,,,,,,0.8668299172112199,,,,,,
754,1,DDP,,Imp_Palmito,,,2053,,,,,,,,,0.0,,,,,,,0.9454702939078709,,,,,,
754,1,DDP,,Imp_Palmito,,,2054,,,,,,,,,0.0,,,,,,,1.0314942956015245,,,,,,
754,1,DDP,,Imp_Palmito,,,2055,,,,,,,,,0.0,,,,,,,1.1251905903039023,,,,,,
754,1,DDP,,Imp_Palmito,,,2056,,,,,,,,,0.0,,,,,,,1.2276117940110451,,,,,,
754,1,DDP,,Imp_Palmito,,,2057,,,,,,,,,0.0,,,,,,,1.3382037544618937,,,,,,
754,1,DDP,,Imp_Palmito,,,2058,,,,,,,,,0.0,,,,,,,1.4585638041292233,,,,,,
754,1,DDP,,Imp_Palmito,,,2059,,,,,,,,,0.0,,,,,,,1.5895439611716646,,,,,,
754,1,DDP,,Imp_Palmito,,,2060,,,,,,,,,0.0,,,,,,,1.7319386058938497,,,,,,
754,1,DDP,,Imp_Palmito,,,2061,,,,,,,,,0.0,,,,,,,1.886588173325123,,,,,,
754,1,DDP,,Imp_Palmito,,,2062,,,,,,,,,0.0,,,,,,,2.0545998114018533,,,,,,
754,1,DDP,,Imp_Palmito,,,2063,,,,,,,,,0.0,,,,,,,2.237136785872856,,,,,,
754,1,DDP,,Imp_Palmito,,,2064,,,,,,,,,0.0,,,,,,,2.4354363632482756,,,,,,
754,1,DDP,,Imp_Palmito,,,2065,,,,,,,,,0.0,,,,,,,2.650714254727804,,,,,,
754,1,DDP,,Imp_Palmito,,,2066,,,,,,,,,0.0,,,,,,,2.8843760193063575,,,,,,
754,1,DDP,,Imp_Palmito,,,2067,,,,,,,,,0.0,,,,,,,3.137886986893473,,,,,,
754,1,DDP,,Imp_Palmito,,,2068,,,,,,,,,0.0,,,,,,,3.4129864849677594,,,,,,
754,1,DDP,,Imp_Palmito,,,2069,,,,,,,,,0.0,,,,,,,3.711428669996529,,,,,,
754,1,DDP,,Imp_Palmito,,,2070,,,,,,,,,0.0,,,,,,,4.035103631283437,,,,,,
754,1,DDP,,Imp_Legumbres,,,2018,,,,,,,,,3834.802474,,,,,,,0.00475101,,,,,,
754,1,DDP,,Imp_Legumbres,,,2019,,,,,,,,,3774.1,,,,,,,0.00369369,,,,,,
754,1,DDP,,Imp_Legumbres,,,2020,,,,,,,,,4101.116295,,,,,,,0.00630135,,,,,,
754,1,DDP,,Imp_Legumbres,,,2021,,,,,,,,,4897.975315,,,,,,,0.00424611,,,,,,
754,1,DDP,,Imp_Legumbres,,,2022,,,,,,,,,4897.975315,,,,,,,0.0049301657723143,,,,,,
754,1,DDP,,Imp_Legumbres,,,2023,,,,,,,,,4897.975315,,,,,,,0.0049881594084926,,,,,,
754,1,DDP,,Imp_Legumbres,,,2024,,,,,,,,,4897.975315,,,,,,,0.0052247539860462,,,,,,
754,1,DDP,,Imp_Legumbres,,,2025,,,,,,,,,4897.975315,,,,,,,0.0060566354868038,,,,,,
754,1,DDP,,Imp_Legumbres,,,2026,,,,,,,,,4897.975315,,,,,,,0.0066892254803469,,,,,,
754,1,DDP,,Imp_Legumbres,,,2027,,,,,,,,,4897.975315,,,,,,,0.0077352703769339,,,,,,
754,1,DDP,,Imp_Legumbres,,,2028,,,,,,,,,4897.975315,,,,,,,0.0087749458563607,,,,,,
754,1,DDP,,Imp_Legumbres,,,2029,,,,,,,,,4897.975315,,,,,,,0.0097986005631101,,,,,,
754,1,DDP,,Imp_Legumbres,,,2030,,,,,,,,,4897.975315,,,,,,,0.0109109664614079,,,,,,
754,1,DDP,,Imp_Legumbres,,,2031,,,,,,,,,4897.975315,,,,,,,0.0095600990692156,,,,,,
754,1,DDP,,Imp_Legumbres,,,2032,,,,,,,,,4897.975315,,,,,,,0.0101923592595034,,,,,,
754,1,DDP,,Imp_Legumbres,,,2033,,,,,,,,,4897.975315,,,,,,,0.0107790591308838,,,,,,
754,1,DDP,,Imp_Legumbres,,,2034,,,,,,,,,4897.975315,,,,,,,0.0111990778743102,,,,,,
754,1,DDP,,Imp_Legumbres,,,2035,,,,,,,,,4897.975315,,,,,,,0.0114691126653719,,,,,,
754,1,DDP,,Imp_Legumbres,,,2036,,,,,,,,,4897.975315,,,,,,,0.0115586710920868,,,,,,
754,1,DDP,,Imp_Legumbres,,,2037,,,,,,,,,4897.975315,,,,,,,0.0119719784018155,,,,,,
754,1,DDP,,Imp_Legumbres,,,2038,,,,,,,,,4897.975315,,,,,,,0.0123448775490848,,,,,,
754,1,DDP,,Imp_Legumbres,,,2039,,,,,,,,,4897.975315,,,,,,,0.0127014597486393,,,,,,
754,1,DDP,,Imp_Legumbres,,,2040,,,,,,,,,4897.975315,,,,,,,0.0130070370110314,,,,,,
754,1,DDP,,Imp_Legumbres,,,2041,,,,,,,,,4897.975315,,,,,,,0.0133237270850496,,,,,,
754,1,DDP,,Imp_Legumbres,,,2042,,,,,,,,,4897.975315,,,,,,,0.0136925907301424,,,,,,
754,1,DDP,,Imp_Legumbres,,,2043,,,,,,,,,4897.975315,,,,,,,0.0139851274874012,,,,,,
754,1,DDP,,Imp_Legumbres,,,2044,,,,,,,,,4897.975315,,,,,,,0.0143353589156689,,,,,,
754,1,DDP,,Imp_Legumbres,,,2045,,,,,,,,,4897.975315,,,,,,,0.0146450100126603,,,,,,
754,1,DDP,,Imp_Legumbres,,,2046,,,,,,,,,4897.975315,,,,,,,0.0150290090397681,,,,,,
754,1,DDP,,Imp_Legumbres,,,2047,,,,,,,,,4897.975315,,,,,,,0.0153617678710036,,,,,,
754,1,DDP,,Imp_Legumbres,,,2048,,,,,,,,,4897.975315,,,,,,,0.0156889011006645,,,,,,
754,1,DDP,,Imp_Legumbres,,,2049,,,,,,,,,4897.975315,,,,,,,0.0160266874241681,,,,,,
754,1,DDP,,Imp_Legumbres,,,2050,,,,,,,,,4897.975315,,,,,,,0.0163691613789566,,,,,,
754,1,DDP,,Imp_Legumbres,,,2051,,,,,,,,,4897.975315,,,,,,,0.016754094021893,,,,,,
754,1,DDP,,Imp_Legumbres,,,2052,,,,,,,,,4897.975315,,,,,,,0.0171119442711681,,,,,,
754,1,DDP,,Imp_Legumbres,,,2053,,,,,,,,,4897.975315,,,,,,,0.0174709995447681,,,,,,
754,1,DDP,,Imp_Legumbres,,,2054,,,,,,,,,4897.975315,,,,,,,0.0178417608447576,,,,,,
754,1,DDP,,Imp_Legumbres,,,2055,,,,,,,,,4897.975315,,,,,,,0.0182177458536946,,,,,,
754,1,DDP,,Imp_Legumbres,,,2056,,,,,,,,,4897.975315,,,,,,,0.0186047541373066,,,,,,
754,1,DDP,,Imp_Legumbres,,,2057,,,,,,,,,4897.975315,,,,,,,0.0189834944047941,,,,,,
754,1,DDP,,Imp_Legumbres,,,2058,,,,,,,,,4897.975315,,,,,,,0.0193672116719451,,,,,,
754,1,DDP,,Imp_Legumbres,,,2059,,,,,,,,,4897.975315,,,,,,,0.0197559859729544,,,,,,
754,1,DDP,,Imp_Legumbres,,,2060,,,,,,,,,4897.975315,,,,,,,0.0201483704442015,,,,,,
754,1,DDP,,Imp_Legumbres,,,2061,,,,,,,,,4897.975315,,,,,,,0.0205429403162833,,,,,,
754,1,DDP,,Imp_Legumbres,,,2062,,,,,,,,,4897.975315,,,,,,,0.0209405276905254,,,,,,
754,1,DDP,,Imp_Legumbres,,,2063,,,,,,,,,4897.975315,,,,,,,0.021341485177976,,,,,,
754,1,DDP,,Imp_Legumbres,,,2064,,,,,,,,,4897.975315,,,,,,,0.0217459043734315,,,,,,
754,1,DDP,,Imp_Legumbres,,,2065,,,,,,,,,4897.975315,,,,,,,0.022152822990433,,,,,,
754,1,DDP,,Imp_Legumbres,,,2066,,,,,,,,,4897.975315,,,,,,,0.0225621471390437,,,,,,
754,1,DDP,,Imp_Legumbres,,,2067,,,,,,,,,4897.975315,,,,,,,0.0229733944947211,,,,,,
754,1,DDP,,Imp_Legumbres,,,2068,,,,,,,,,4897.975315,,,,,,,0.0233872263137021,,,,,,
754,1,DDP,,Imp_Legumbres,,,2069,,,,,,,,,4897.975315,,,,,,,0.0238033742146209,,,,,,
754,1,DDP,,Imp_Legumbres,,,2070,,,,,,,,,4897.975315,,,,,,,0.0242215736768038,,,,,,
754,1,DDP,,Imp_Cereales,,,2018,,,,,,,,,266.07571983335225,,,,,,,1.11638274264,,,,,,
754,1,DDP,,Imp_Cereales,,,2019,,,,,,,,,266.68664063217653,,,,,,,1.17113722803,,,,,,
754,1,DDP,,Imp_Cereales,,,2020,,,,,,,,,1734.6968949999998,,,,,,,1.2535868013669,,,,,,
754,1,DDP,,Imp_Cereales,,,2021,,,,,,,,,1546.1478559999998,,,,,,,1.4902693066205999,,,,,,
754,1,DDP,,Imp_Cereales,,,2022,,,,,,,,,1546.1478559999998,,,,,,,1.7303543071261547,,,,,,
754,1,DDP,,Imp_Cereales,,,2023,,,,,,,,,1546.1478559999998,,,,,,,1.7423309049704838,,,,,,
754,1,DDP,,Imp_Cereales,,,2024,,,,,,,,,1546.1478559999998,,,,,,,1.8206316055804843,,,,,,
754,1,DDP,,Imp_Cereales,,,2025,,,,,,,,,1546.1478559999998,,,,,,,2.10551598267611,,,,,,
754,1,DDP,,Imp_Cereales,,,2026,,,,,,,,,1546.1478559999998,,,,,,,2.319950586754299,,,,,,
754,1,DDP,,Imp_Cereales,,,2027,,,,,,,,,1546.1478559999998,,,,,,,2.6764496250316725,,,,,,
754,1,DDP,,Imp_Cereales,,,2028,,,,,,,,,1546.1478559999998,,,,,,,3.0290995091143564,,,,,,
754,1,DDP,,Imp_Cereales,,,2029,,,,,,,,,1546.1478559999998,,,,,,,3.374609123995727,,,,,,
754,1,DDP,,Imp_Cereales,,,2030,,,,,,,,,1546.1478559999998,,,,,,,3.8240002517088127,,,,,,
754,1,DDP,,Imp_Cereales,,,2031,,,,,,,,,1546.1478559999998,,,,,,,3.4097072041489067,,,,,,
754,1,DDP,,Imp_Cereales,,,2032,,,,,,,,,1546.1478559999998,,,,,,,3.6994240749618954,,,,,,
754,1,DDP,,Imp_Cereales,,,2033,,,,,,,,,1546.1478559999998,,,,,,,3.9815265198154477,,,,,,
754,1,DDP,,Imp_Cereales,,,2034,,,,,,,,,1546.1478559999998,,,,,,,4.209834406199575,,,,,,
754,1,DDP,,Imp_Cereales,,,2035,,,,,,,,,1546.1478559999998,,,,,,,4.3876416455798175,,,,,,
754,1,DDP,,Imp_Cereales,,,2036,,,,,,,,,1546.1478559999998,,,,,,,4.50020581834257,,,,,,
754,1,DDP,,Imp_Cereales,,,2037,,,,,,,,,1546.1478559999998,,,,,,,4.743709214058372,,,,,,
754,1,DDP,,Imp_Cereales,,,2038,,,,,,,,,1546.1478559999998,,,,,,,4.97818548693592,,,,,,
754,1,DDP,,Imp_Cereales,,,2039,,,,,,,,,1546.1478559999998,,,,,,,5.212841665605291,,,,,,
754,1,DDP,,Imp_Cereales,,,2040,,,,,,,,,1546.1478559999998,,,,,,,5.43300752694524,,,,,,
754,1,DDP,,Imp_Cereales,,,2041,,,,,,,,,1546.1478559999998,,,,,,,5.6641283065958845,,,,,,
754,1,DDP,,Imp_Cereales,,,2042,,,,,,,,,1546.1478559999998,,,,,,,5.924378041676332,,,,,,
754,1,DDP,,Imp_Cereales,,,2043,,,,,,,,,1546.1478559999998,,,,,,,6.158538688705831,,,,,,
754,1,DDP,,Imp_Cereales,,,2044,,,,,,,,,1546.1478559999998,,,,,,,6.42507524058735,,,,,,
754,1,DDP,,Imp_Cereales,,,2045,,,,,,,,,1546.1478559999998,,,,,,,6.68070024000488,,,,,,
754,1,DDP,,Imp_Cereales,,,2046,,,,,,,,,1546.1478559999998,,,,,,,6.97797736117102,,,,,,
754,1,DDP,,Imp_Cereales,,,2047,,,,,,,,,1546.1478559999998,,,,,,,7.2595802066538155,,,,,,
754,1,DDP,,Imp_Cereales,,,2048,,,,,,,,,1546.1478559999998,,,,,,,7.546370174376695,,,,,,
754,1,DDP,,Imp_Cereales,,,2049,,,,,,,,,1546.1478559999998,,,,,,,7.84636952330388,,,,,,
754,1,DDP,,Imp_Cereales,,,2050,,,,,,,,,1546.1478559999998,,,,,,,8.157084152549682,,,,,,
754,1,DDP,,Imp_Cereales,,,2051,,,,,,,,,1546.1478559999998,,,,,,,8.330029652092623,,,,,,
754,1,DDP,,Imp_Cereales,,,2052,,,,,,,,,1546.1478559999998,,,,,,,8.506630137956261,,,,,,
754,1,DDP,,Imp_Cereales,,,2053,,,,,,,,,1546.1478559999998,,,,,,,8.686962631393609,,,,,,
754,1,DDP,,Imp_Cereales,,,2054,,,,,,,,,1546.1478559999998,,,,,,,8.871105772513268,,,,,,
754,1,DDP,,Imp_Cereales,,,2055,,,,,,,,,1546.1478559999998,,,,,,,9.059139854225156,,,,,,
754,1,DDP,,Imp_Cereales,,,2056,,,,,,,,,1546.1478559999998,,,,,,,9.251146856896515,,,,,,
754,1,DDP,,Imp_Cereales,,,2057,,,,,,,,,1546.1478559999998,,,,,,,9.447210483733036,,,,,,
754,1,DDP,,Imp_Cereales,,,2058,,,,,,,,,1546.1478559999998,,,,,,,9.647416196900263,,,,,,
754,1,DDP,,Imp_Cereales,,,2059,,,,,,,,,1546.1478559999998,,,,,,,9.851851254400684,,,,,,
754,1,DDP,,Imp_Cereales,,,2060,,,,,,,,,1546.1478559999998,,,,,,,10.060604747722362,,,,,,
754,1,DDP,,Imp_Cereales,,,2061,,,,,,,,,1546.1478559999998,,,,,,,10.273767640275146,,,,,,
754,1,DDP,,Imp_Cereales,,,2062,,,,,,,,,1546.1478559999998,,,,,,,10.491432806630952,,,,,,
754,1,DDP,,Imp_Cereales,,,2063,,,,,,,,,1546.1478559999998,,,,,,,10.713695072584882,,,,,,
754,1,DDP,,Imp_Cereales,,,2064,,,,,,,,,1546.1478559999998,,,,,,,10.940651256054315,,,,,,
754,1,DDP,,Imp_Cereales,,,2065,,,,,,,,,1546.1478559999998,,,,,,,11.172400208833492,,,,,,
754,1,DDP,,Imp_Cereales,,,2066,,,,,,,,,1546.1478559999998,,,,,,,11.409042859221415,,,,,,
754,1,DDP,,Imp_Cereales,,,2067,,,,,,,,,1546.1478559999998,,,,,,,11.65068225554132,,,,,,
754,1,DDP,,Imp_Cereales,,,2068,,,,,,,,,1546.1478559999998,,,,,,,11.897423610570332,,,,,,
754,1,DDP,,Imp_Cereales,,,2069,,,,,,,,,1546.1478559999998,,,,,,,12.14937434689829,,,,,,
754,1,DDP,,Imp_Cereales,,,2070,,,,,,,,,1546.1478559999998,,,,,,,12.40664414323514,,,,,,
754,1,DDP,,Imp_Tuberculos,,,2018,,,,,,,,,911.7870721399122,,,,,,,0.01040094,,,,,,
754,1,DDP,,Imp_Tuberculos,,,2019,,,,,,,,,957.9115536266512,,,,,,,0.01228491,,,,,,
754,1,DDP,,Imp_Tuberculos,,,2020,,,,,,,,,923.5482655920175,,,,,,,0.00924462,,,,,,
754,1,DDP,,Imp_Tuberculos,,,2021,,,,,,,,,922.254484766873,,,,,,,0.01380357,,,,,,
754,1,DDP,,Imp_Tuberculos,,,2022,,,,,,,,,922.254484766873,,,,,,,0.0160273493502864,,,,,,
754,1,DDP,,Imp_Tuberculos,,,2023,,,,,,,,,922.254484766873,,,,,,,0.0162158793734233,,,,,,
754,1,DDP,,Imp_Tuberculos,,,2024,,,,,,,,,922.254484766873,,,,,,,0.0169850186121339,,,,,,
754,1,DDP,,Imp_Tuberculos,,,2025,,,,,,,,,922.254484766873,,,,,,,0.019689360828283,,,,,,
754,1,DDP,,Imp_Tuberculos,,,2026,,,,,,,,,922.254484766873,,,,,,,0.0217458313995049,,,,,,
754,1,DDP,,Imp_Tuberculos,,,2027,,,,,,,,,922.254484766873,,,,,,,0.0251463919015129,,,,,,
754,1,DDP,,Imp_Tuberculos,,,2028,,,,,,,,,922.254484766873,,,,,,,0.0285262462287801,,,,,,
754,1,DDP,,Imp_Tuberculos,,,2029,,,,,,,,,922.254484766873,,,,,,,0.0318540190374083,,,,,,
754,1,DDP,,Imp_Tuberculos,,,2030,,,,,,,,,922.254484766873,,,,,,,0.0354701807813966,,,,,,
754,1,DDP,,Imp_Tuberculos,,,2031,,,,,,,,,922.254484766873,,,,,,,0.0310786806533161,,,,,,
754,1,DDP,,Imp_Tuberculos,,,2032,,,,,,,,,922.254484766873,,,,,,,0.0331340790756018,,,,,,
754,1,DDP,,Imp_Tuberculos,,,2033,,,,,,,,,922.254484766873,,,,,,,0.0350413666266992,,,,,,
754,1,DDP,,Imp_Tuberculos,,,2034,,,,,,,,,922.254484766873,,,,,,,0.0364067947776887,,,,,,
754,1,DDP,,Imp_Tuberculos,,,2035,,,,,,,,,922.254484766873,,,,,,,0.0372846439480718,,,,,,
754,1,DDP,,Imp_Tuberculos,,,2036,,,,,,,,,922.254484766873,,,,,,,0.0375757871384861,,,,,,
754,1,DDP,,Imp_Tuberculos,,,2037,,,,,,,,,922.254484766873,,,,,,,0.0389193972619524,,,,,,
754,1,DDP,,Imp_Tuberculos,,,2038,,,,,,,,,922.254484766873,,,,,,,0.0401316455273698,,,,,,
754,1,DDP,,Imp_Tuberculos,,,2039,,,,,,,,,922.254484766873,,,,,,,0.0412908494463228,,,,,,
754,1,DDP,,Imp_Tuberculos,,,2040,,,,,,,,,922.254484766873,,,,,,,0.0422842427243671,,,,,,
754,1,DDP,,Imp_Tuberculos,,,2041,,,,,,,,,922.254484766873,,,,,,,0.0433137623564577,,,,,,
754,1,DDP,,Imp_Tuberculos,,,2042,,,,,,,,,922.254484766873,,,,,,,0.0445128917114421,,,,,,
754,1,DDP,,Imp_Tuberculos,,,2043,,,,,,,,,922.254484766873,,,,,,,0.0454638919461028,,,,,,
754,1,DDP,,Imp_Tuberculos,,,2044,,,,,,,,,922.254484766873,,,,,,,0.0466024503057055,,,,,,
754,1,DDP,,Imp_Tuberculos,,,2045,,,,,,,,,922.254484766873,,,,,,,0.0476090871080725,,,,,,
754,1,DDP,,Imp_Tuberculos,,,2046,,,,,,,,,922.254484766873,,,,,,,0.0488574196879194,,,,,,
754,1,DDP,,Imp_Tuberculos,,,2047,,,,,,,,,922.254484766873,,,,,,,0.0499391768303574,,,,,,
754,1,DDP,,Imp_Tuberculos,,,2048,,,,,,,,,922.254484766873,,,,,,,0.0510026458490476,,,,,,
754,1,DDP,,Imp_Tuberculos,,,2049,,,,,,,,,922.254484766873,,,,,,,0.0521007467370425,,,,,,
754,1,DDP,,Imp_Tuberculos,,,2050,,,,,,,,,922.254484766873,,,,,,,0.0532140865252488,,,,,,
754,1,DDP,,Imp_Tuberculos,,,2051,,,,,,,,,922.254484766873,,,,,,,0.0544654541728268,,,,,,
754,1,DDP,,Imp_Tuberculos,,,2052,,,,,,,,,922.254484766873,,,,,,,0.055628780362065,,,,,,
754,1,DDP,,Imp_Tuberculos,,,2053,,,,,,,,,922.254484766873,,,,,,,0.0567960239339476,,,,,,
754,1,DDP,,Imp_Tuberculos,,,2054,,,,,,,,,922.254484766873,,,,,,,0.0580013223265225,,,,,,
754,1,DDP,,Imp_Tuberculos,,,2055,,,,,,,,,922.254484766873,,,,,,,0.0592236023404204,,,,,,
754,1,DDP,,Imp_Tuberculos,,,2056,,,,,,,,,922.254484766873,,,,,,,0.0604817176349886,,,,,,
754,1,DDP,,Imp_Tuberculos,,,2057,,,,,,,,,922.254484766873,,,,,,,0.06171295464818,,,,,,
754,1,DDP,,Imp_Tuberculos,,,2058,,,,,,,,,922.254484766873,,,,,,,0.0629603712618163,,,,,,
754,1,DDP,,Imp_Tuberculos,,,2059,,,,,,,,,922.254484766873,,,,,,,0.0642242276570071,,,,,,
754,1,DDP,,Imp_Tuberculos,,,2060,,,,,,,,,922.254484766873,,,,,,,0.0654998202619495,,,,,,
754,1,DDP,,Imp_Tuberculos,,,2061,,,,,,,,,922.254484766873,,,,,,,0.0667825173303655,,,,,,
754,1,DDP,,Imp_Tuberculos,,,2062,,,,,,,,,922.254484766873,,,,,,,0.0680750239190943,,,,,,
754,1,DDP,,Imp_Tuberculos,,,2063,,,,,,,,,922.254484766873,,,,,,,0.0693784863223407,,,,,,
754,1,DDP,,Imp_Tuberculos,,,2064,,,,,,,,,922.254484766873,,,,,,,0.0706932023032769,,,,,,
754,1,DDP,,Imp_Tuberculos,,,2065,,,,,,,,,922.254484766873,,,,,,,0.0720160435895565,,,,,,
754,1,DDP,,Imp_Tuberculos,,,2066,,,,,,,,,922.254484766873,,,,,,,0.0733467049567931,,,,,,
754,1,DDP,,Imp_Tuberculos,,,2067,,,,,,,,,922.254484766873,,,,,,,0.0746836184285141,,,,,,
754,1,DDP,,Imp_Tuberculos,,,2068,,,,,,,,,922.254484766873,,,,,,,0.0760289336656442,,,,,,
754,1,DDP,,Imp_Tuberculos,,,2069,,,,,,,,,922.254484766873,,,,,,,0.0773817781940916,,,,,,
754,1,DDP,,Imp_Tuberculos,,,2070,,,,,,,,,922.254484766873,,,,,,,0.0787412920903883,,,,,,
754,1,DDP,,Imp_Fruta,,,2018,,,,,,,,,1798.6755319148938,,,,,,,0.006216606,,,,,,
754,1,DDP,,Imp_Fruta,,,2019,,,,,,,,,6774.599999999999,,,,,,,0.0064013895,,,,,,
754,1,DDP,,Imp_Fruta,,,2020,,,,,,,,,0.0,,,,,,,0.00746658011088,,,,,,
754,1,DDP,,Imp_Fruta,,,2021,,,,,,,,,791.9238258877433,,,,,,,0.0080476308,,,,,,
754,1,DDP,,Imp_Fruta,,,2022,,,,,,,,,791.9238258877433,,,,,,,0.0093441182443183,,,,,,
754,1,DDP,,Imp_Fruta,,,2023,,,,,,,,,791.9238258877433,,,,,,,0.0094190426852348,,,,,,
754,1,DDP,,Imp_Fruta,,,2024,,,,,,,,,791.9238258877433,,,,,,,0.0098476718281559,,,,,,
754,1,DDP,,Imp_Fruta,,,2025,,,,,,,,,791.9238258877433,,,,,,,0.0113947473012955,,,,,,
754,1,DDP,,Imp_Fruta,,,2026,,,,,,,,,791.9238258877433,,,,,,,0.0125620020984787,,,,,,
754,1,DDP,,Imp_Fruta,,,2027,,,,,,,,,791.9238258877433,,,,,,,0.0145001494705873,,,,,,
754,1,DDP,,Imp_Fruta,,,2028,,,,,,,,,791.9238258877433,,,,,,,0.0164194851551467,,,,,,
754,1,DDP,,Imp_Fruta,,,2029,,,,,,,,,791.9238258877433,,,,,,,0.0183021189877619,,,,,,
754,1,DDP,,Imp_Fruta,,,2030,,,,,,,,,791.9238258877433,,,,,,,0.0203435555369197,,,,,,
754,1,DDP,,Imp_Fruta,,,2031,,,,,,,,,791.9238258877433,,,,,,,0.017793295956412,,,,,,
754,1,DDP,,Imp_Fruta,,,2032,,,,,,,,,791.9238258877433,,,,,,,0.0189366488273569,,,,,,
754,1,DDP,,Imp_Fruta,,,2033,,,,,,,,,791.9238258877433,,,,,,,0.0199916038548905,,,,,,
754,1,DDP,,Imp_Fruta,,,2034,,,,,,,,,791.9238258877433,,,,,,,0.0207343958022903,,,,,,
754,1,DDP,,Imp_Fruta,,,2035,,,,,,,,,791.9238258877433,,,,,,,0.0211975271487733,,,,,,
754,1,DDP,,Imp_Fruta,,,2036,,,,,,,,,791.9238258877433,,,,,,,0.0213261981854248,,,,,,
754,1,DDP,,Imp_Fruta,,,2037,,,,,,,,,791.9238258877433,,,,,,,0.0220508571053207,,,,,,
754,1,DDP,,Imp_Fruta,,,2038,,,,,,,,,791.9238258877433,,,,,,,0.0226988671268946,,,,,,
754,1,DDP,,Imp_Fruta,,,2039,,,,,,,,,791.9238258877433,,,,,,,0.0233148528331644,,,,,,
754,1,DDP,,Imp_Fruta,,,2040,,,,,,,,,791.9238258877433,,,,,,,0.0238354213859549,,,,,,
754,1,DDP,,Imp_Fruta,,,2041,,,,,,,,,791.9238258877433,,,,,,,0.0243747035593773,,,,,,
754,1,DDP,,Imp_Fruta,,,2042,,,,,,,,,791.9238258877433,,,,,,,0.0250076054246519,,,,,,
754,1,DDP,,Imp_Fruta,,,2043,,,,,,,,,791.9238258877433,,,,,,,0.0254993704775195,,,,,,
754,1,DDP,,Imp_Fruta,,,2044,,,,,,,,,791.9238258877433,,,,,,,0.0260946694919707,,,,,,
754,1,DDP,,Imp_Fruta,,,2045,,,,,,,,,791.9238258877433,,,,,,,0.0266144029019655,,,,,,
754,1,DDP,,Imp_Fruta,,,2046,,,,,,,,,791.9238258877433,,,,,,,0.0272674684998055,,,,,,
754,1,DDP,,Imp_Fruta,,,2047,,,,,,,,,791.9238258877433,,,,,,,0.0278257360144042,,,,,,
754,1,DDP,,Imp_Fruta,,,2048,,,,,,,,,791.9238258877433,,,,,,,0.0283721675329194,,,,,,
754,1,DDP,,Imp_Fruta,,,2049,,,,,,,,,791.9238258877433,,,,,,,0.0289362200018108,,,,,,
754,1,DDP,,Imp_Fruta,,,2050,,,,,,,,,791.9238258877433,,,,,,,0.0295070632402667,,,,,,
754,1,DDP,,Imp_Fruta,,,2051,,,,,,,,,791.9238258877433,,,,,,,0.0301526502702511,,,,,,
754,1,DDP,,Imp_Fruta,,,2052,,,,,,,,,791.9238258877433,,,,,,,0.030747677458558,,,,,,
754,1,DDP,,Imp_Fruta,,,2053,,,,,,,,,791.9238258877433,,,,,,,0.0313431423620215,,,,,,
754,1,DDP,,Imp_Fruta,,,2054,,,,,,,,,791.9238258877433,,,,,,,0.0319578607469994,,,,,,
754,1,DDP,,Imp_Fruta,,,2055,,,,,,,,,791.9238258877433,,,,,,,0.0325801577944132,,,,,,
754,1,DDP,,Imp_Fruta,,,2056,,,,,,,,,791.9238258877433,,,,,,,0.0332203624312881,,,,,,
754,1,DDP,,Imp_Fruta,,,2057,,,,,,,,,791.9238258877433,,,,,,,0.0338440073272494,,,,,,
754,1,DDP,,Imp_Fruta,,,2058,,,,,,,,,791.9238258877433,,,,,,,0.0344747551667708,,,,,,
754,1,DDP,,Imp_Fruta,,,2059,,,,,,,,,791.9238258877433,,,,,,,0.0351127241390935,,,,,,
754,1,DDP,,Imp_Fruta,,,2060,,,,,,,,,791.9238258877433,,,,,,,0.0357553222341289,,,,,,
754,1,DDP,,Imp_Fruta,,,2061,,,,,,,,,791.9238258877433,,,,,,,0.0364000125395558,,,,,,
754,1,DDP,,Imp_Fruta,,,2062,,,,,,,,,791.9238258877433,,,,,,,0.0370482664892117,,,,,,
754,1,DDP,,Imp_Fruta,,,2063,,,,,,,,,791.9238258877433,,,,,,,0.0377006996035511,,,,,,
754,1,DDP,,Imp_Fruta,,,2064,,,,,,,,,791.9238258877433,,,,,,,0.0383574633509272,,,,,,
754,1,DDP,,Imp_Fruta,,,2065,,,,,,,,,791.9238258877433,,,,,,,0.0390168522031556,,,,,,
754,1,DDP,,Imp_Fruta,,,2066,,,,,,,,,791.9238258877433,,,,,,,0.0396786980416491,,,,,,
754,1,DDP,,Imp_Fruta,,,2067,,,,,,,,,791.9238258877433,,,,,,,0.0403421516565556,,,,,,
754,1,DDP,,Imp_Fruta,,,2068,,,,,,,,,791.9238258877433,,,,,,,0.0410083740688316,,,,,,
754,1,DDP,,Imp_Fruta,,,2069,,,,,,,,,791.9238258877433,,,,,,,0.0416768917969111,,,,,,
754,1,DDP,,Imp_Fruta,,,2070,,,,,,,,,791.9238258877433,,,,,,,0.0423472408951672,,,,,,
754,1,DDP,,Imp_Verduras,,,2018,,,,,,,,,888.0250849951916,,,,,,,0.00175655217375,,,,,,
754,1,DDP,,Imp_Verduras,,,2019,,,,,,,,,2285.7,,,,,,,0.0003091236192,,,,,,
754,1,DDP,,Imp_Verduras,,,2020,,,,,,,,,2421.099499,,,,,,,0.00028502965557,,,,,,
754,1,DDP,,Imp_Verduras,,,2021,,,,,,,,,2680.563152,,,,,,,0.00035763463197,,,,,,
754,1,DDP,,Imp_Verduras,,,2022,,,,,,,,,2680.563152,,,,,,,0.0004152501987779,,,,,,
754,1,DDP,,Imp_Verduras,,,2023,,,,,,,,,2680.563152,,,,,,,0.0004185798215599,,,,,,
754,1,DDP,,Imp_Verduras,,,2024,,,,,,,,,2680.563152,,,,,,,0.0004376279898456,,,,,,
754,1,DDP,,Imp_Verduras,,,2025,,,,,,,,,2680.563152,,,,,,,0.0005063796238627,,,,,,
754,1,DDP,,Imp_Verduras,,,2026,,,,,,,,,2680.563152,,,,,,,0.0005582521252461,,,,,,
754,1,DDP,,Imp_Verduras,,,2027,,,,,,,,,2680.563152,,,,,,,0.0006443828933384,,,,,,
754,1,DDP,,Imp_Verduras,,,2028,,,,,,,,,2680.563152,,,,,,,0.0007296776749,,,,,,
754,1,DDP,,Imp_Verduras,,,2029,,,,,,,,,2680.563152,,,,,,,0.0008133414356508,,,,,,
754,1,DDP,,Imp_Verduras,,,2030,,,,,,,,,2680.563152,,,,,,,0.0009040623480649,,,,,,
754,1,DDP,,Imp_Verduras,,,2031,,,,,,,,,2680.563152,,,,,,,0.000790729471698,,,,,,
754,1,DDP,,Imp_Verduras,,,2032,,,,,,,,,2680.563152,,,,,,,0.0008415397776594,,,,,,
754,1,DDP,,Imp_Verduras,,,2033,,,,,,,,,2680.563152,,,,,,,0.0008884217063156,,,,,,
754,1,DDP,,Imp_Verduras,,,2034,,,,,,,,,2680.563152,,,,,,,0.000921431188403,,,,,,
754,1,DDP,,Imp_Verduras,,,2035,,,,,,,,,2680.563152,,,,,,,0.0009420126256942,,,,,,
754,1,DDP,,Imp_Verduras,,,2036,,,,,,,,,2680.563152,,,,,,,0.000947730733294,,,,,,
754,1,DDP,,Imp_Verduras,,,2037,,,,,,,,,2680.563152,,,,,,,0.0009799343883276,,,,,,
754,1,DDP,,Imp_Verduras,,,2038,,,,,,,,,2680.563152,,,,,,,0.001008731786138,,,,,,
754,1,DDP,,Imp_Verduras,,,2039,,,,,,,,,2680.563152,,,,,,,0.0010361060316564,,,,,,
754,1,DDP,,Imp_Verduras,,,2040,,,,,,,,,2680.563152,,,,,,,0.001059239963545,,,,,,
754,1,DDP,,Imp_Verduras,,,2041,,,,,,,,,2680.563152,,,,,,,0.001083205523896,,,,,,
754,1,DDP,,Imp_Verduras,,,2042,,,,,,,,,2680.563152,,,,,,,0.0011113315191468,,,,,,
754,1,DDP,,Imp_Verduras,,,2043,,,,,,,,,2680.563152,,,,,,,0.0011331854309463,,,,,,
754,1,DDP,,Imp_Verduras,,,2044,,,,,,,,,2680.563152,,,,,,,0.0011596403652289,,,,,,
754,1,DDP,,Imp_Verduras,,,2045,,,,,,,,,2680.563152,,,,,,,0.0011827371835877,,,,,,
754,1,DDP,,Imp_Verduras,,,2046,,,,,,,,,2680.563152,,,,,,,0.0012117592499002,,,,,,
754,1,DDP,,Imp_Verduras,,,2047,,,,,,,,,2680.563152,,,,,,,0.0012365685139042,,,,,,
754,1,DDP,,Imp_Verduras,,,2048,,,,,,,,,2680.563152,,,,,,,0.0012608517893026,,,,,,
754,1,DDP,,Imp_Verduras,,,2049,,,,,,,,,2680.563152,,,,,,,0.0012859181351797,,,,,,
754,1,DDP,,Imp_Verduras,,,2050,,,,,,,,,2680.563152,,,,,,,0.0013112862611004,,,,,,
754,1,DDP,,Imp_Verduras,,,2051,,,,,,,,,2680.563152,,,,,,,0.001339975981791,,,,,,
754,1,DDP,,Imp_Verduras,,,2052,,,,,,,,,2680.563152,,,,,,,0.0013664188361901,,,,,,
754,1,DDP,,Imp_Verduras,,,2053,,,,,,,,,2680.563152,,,,,,,0.0013928811425376,,,,,,
754,1,DDP,,Imp_Verduras,,,2054,,,,,,,,,2680.563152,,,,,,,0.0014201990686255,,,,,,
754,1,DDP,,Imp_Verduras,,,2055,,,,,,,,,2680.563152,,,,,,,0.0014478537885125,,,,,,
754,1,DDP,,Imp_Verduras,,,2056,,,,,,,,,2680.563152,,,,,,,0.0014763043170449,,,,,,
754,1,DDP,,Imp_Verduras,,,2057,,,,,,,,,2680.563152,,,,,,,0.0015040189349729,,,,,,
754,1,DDP,,Imp_Verduras,,,2058,,,,,,,,,2680.563152,,,,,,,0.0015320492058761,,,,,,
754,1,DDP,,Imp_Verduras,,,2059,,,,,,,,,2680.563152,,,,,,,0.0015604003820539,,,,,,
754,1,DDP,,Imp_Verduras,,,2060,,,,,,,,,2680.563152,,,,,,,0.0015889572752482,,,,,,
754,1,DDP,,Imp_Verduras,,,2061,,,,,,,,,2680.563152,,,,,,,0.0016176071457313,,,,,,
754,1,DDP,,Imp_Verduras,,,2062,,,,,,,,,2680.563152,,,,,,,0.0016464153836426,,,,,,
754,1,DDP,,Imp_Verduras,,,2063,,,,,,,,,2680.563152,,,,,,,0.0016754093425518,,,,,,
754,1,DDP,,Imp_Verduras,,,2064,,,,,,,,,2680.563152,,,,,,,0.0017045957536734,,,,,,
754,1,DDP,,Imp_Verduras,,,2065,,,,,,,,,2680.563152,,,,,,,0.001733898823776,,,,,,
754,1,DDP,,Imp_Verduras,,,2066,,,,,,,,,2680.563152,,,,,,,0.0017633110817129,,,,,,
754,1,DDP,,Imp_Verduras,,,2067,,,,,,,,,2680.563152,,,,,,,0.0017927947888179,,,,,,
754,1,DDP,,Imp_Verduras,,,2068,,,,,,,,,2680.563152,,,,,,,0.0018224015405621,,,,,,
754,1,DDP,,Imp_Verduras,,,2069,,,,,,,,,2680.563152,,,,,,,0.0018521102955471,,,,,,
754,1,DDP,,Imp_Verduras,,,2070,,,,,,,,,2680.563152,,,,,,,0.0018819004361492,,,,,,
754,1,DDP,,Imp_Floricolas,,,2018,,,,,,,,,8861.06017385521,,,,,,,1e-05,,,,,,
754,1,DDP,,Imp_Floricolas,,,2019,,,,,,,,,4779.33180668648,,,,,,,6.5e-05,,,,,,
754,1,DDP,,Imp_Floricolas,,,2020,,,,,,,,,3925.3424786942733,,,,,,,1.6e-05,,,,,,
754,1,DDP,,Imp_Floricolas,,,2021,,,,,,,,,3455.356977695847,,,,,,,4.3e-05,,,,,,
754,1,DDP,,Imp_Floricolas,,,2022,,,,,,,,,3455.356977695847,,,,,,,4.99273754588e-05,,,,,,
754,1,DDP,,Imp_Floricolas,,,2023,,,,,,,,,3455.356977695847,,,,,,,5.01856843527e-05,,,,,,
754,1,DDP,,Imp_Floricolas,,,2024,,,,,,,,,3455.356977695847,,,,,,,5.2395613549e-05,,,,,,
754,1,DDP,,Imp_Floricolas,,,2025,,,,,,,,,3455.356977695847,,,,,,,6.05418413401e-05,,,,,,
754,1,DDP,,Imp_Floricolas,,,2026,,,,,,,,,3455.356977695847,,,,,,,6.6650073955e-05,,,,,,
754,1,DDP,,Imp_Floricolas,,,2027,,,,,,,,,3455.356977695847,,,,,,,7.68256737638e-05,,,,,,
754,1,DDP,,Imp_Floricolas,,,2028,,,,,,,,,3455.356977695847,,,,,,,8.68734025812e-05,,,,,,
754,1,DDP,,Imp_Floricolas,,,2029,,,,,,,,,3455.356977695847,,,,,,,9.6699301622e-05,,,,,,
754,1,DDP,,Imp_Floricolas,,,2030,,,,,,,,,3455.356977695847,,,,,,,0.0001073358382977,,,,,,
754,1,DDP,,Imp_Floricolas,,,2031,,,,,,,,,3455.356977695847,,,,,,,9.37500452912e-05,,,,,,
754,1,DDP,,Imp_Floricolas,,,2032,,,,,,,,,3455.356977695847,,,,,,,9.96360849737e-05,,,,,,
754,1,DDP,,Imp_Floricolas,,,2033,,,,,,,,,3455.356977695847,,,,,,,0.0001050414872178,,,,,,
754,1,DDP,,Imp_Floricolas,,,2034,,,,,,,,,3455.356977695847,,,,,,,0.000108794151896,,,,,,
754,1,DDP,,Imp_Floricolas,,,2035,,,,,,,,,3455.356977695847,,,,,,,0.0001110712219926,,,,,,
754,1,DDP,,Imp_Floricolas,,,2036,,,,,,,,,3455.356977695847,,,,,,,0.0001115920385267,,,,,,
754,1,DDP,,Imp_Floricolas,,,2037,,,,,,,,,3455.356977695847,,,,,,,0.0001152258442205,,,,,,
754,1,DDP,,Imp_Floricolas,,,2038,,,,,,,,,3455.356977695847,,,,,,,0.0001184498426854,,,,,,
754,1,DDP,,Imp_Floricolas,,,2039,,,,,,,,,3455.356977695847,,,,,,,0.0001214982688618,,,,,,
754,1,DDP,,Imp_Floricolas,,,2040,,,,,,,,,3455.356977695847,,,,,,,0.0001240419461507,,,,,,
754,1,DDP,,Imp_Floricolas,,,2041,,,,,,,,,3455.356977695847,,,,,,,0.0001266760815535,,,,,,
754,1,DDP,,Imp_Floricolas,,,2042,,,,,,,,,3455.356977695847,,,,,,,0.0001297890755179,,,,,,
754,1,DDP,,Imp_Floricolas,,,2043,,,,,,,,,3455.356977695847,,,,,,,0.0001321622575847,,,,,,
754,1,DDP,,Imp_Floricolas,,,2044,,,,,,,,,3455.356977695847,,,,,,,0.0001350650402085,,,,,,
754,1,DDP,,Imp_Floricolas,,,2045,,,,,,,,,3455.356977695847,,,,,,,0.0001375695254135,,,,,,
754,1,DDP,,Imp_Floricolas,,,2046,,,,,,,,,3455.356977695847,,,,,,,0.0001407556661479,,,,,,
754,1,DDP,,Imp_Floricolas,,,2047,,,,,,,,,3455.356977695847,,,,,,,0.0001434446884422,,,,,,
754,1,DDP,,Imp_Floricolas,,,2048,,,,,,,,,3455.356977695847,,,,,,,0.0001460657042618,,,,,,
754,1,DDP,,Imp_Floricolas,,,2049,,,,,,,,,3455.356977695847,,,,,,,0.0001487704413172,,,,,,
754,1,DDP,,Imp_Floricolas,,,2050,,,,,,,,,3455.356977695847,,,,,,,0.0001515029645289,,,,,,
754,1,DDP,,Imp_Floricolas,,,2051,,,,,,,,,3455.356977695847,,,,,,,0.0001546116081696,,,,,,
754,1,DDP,,Imp_Floricolas,,,2052,,,,,,,,,3455.356977695847,,,,,,,0.0001574532236046,,,,,,
754,1,DDP,,Imp_Floricolas,,,2053,,,,,,,,,3455.356977695847,,,,,,,0.0001602896842871,,,,,,
754,1,DDP,,Imp_Floricolas,,,2054,,,,,,,,,3455.356977695847,,,,,,,0.0001632171153613,,,,,,
754,1,DDP,,Imp_Floricolas,,,2055,,,,,,,,,3455.356977695847,,,,,,,0.0001661756164643,,,,,,
754,1,DDP,,Imp_Floricolas,,,2056,,,,,,,,,3455.356977695847,,,,,,,0.0001692176860405,,,,,,
754,1,DDP,,Imp_Floricolas,,,2057,,,,,,,,,3455.356977695847,,,,,,,0.0001721676637051,,,,,,
754,1,DDP,,Imp_Floricolas,,,2058,,,,,,,,,3455.356977695847,,,,,,,0.0001751461365356,,,,,,
754,1,DDP,,Imp_Floricolas,,,2059,,,,,,,,,3455.356977695847,,,,,,,0.0001781536000665,,,,,,
754,1,DDP,,Imp_Floricolas,,,2060,,,,,,,,,3455.356977695847,,,,,,,0.0001811768144563,,,,,,
754,1,DDP,,Imp_Floricolas,,,2061,,,,,,,,,3455.356977695847,,,,,,,0.0001842028879319,,,,,,
754,1,DDP,,Imp_Floricolas,,,2062,,,,,,,,,3455.356977695847,,,,,,,0.000187239253834,,,,,,
754,1,DDP,,Imp_Floricolas,,,2063,,,,,,,,,3455.356977695847,,,,,,,0.0001902889867644,,,,,,
754,1,DDP,,Imp_Floricolas,,,2064,,,,,,,,,3455.356977695847,,,,,,,0.0001933528062183,,,,,,
754,1,DDP,,Imp_Floricolas,,,2065,,,,,,,,,3455.356977695847,,,,,,,0.0001964220793703,,,,,,
754,1,DDP,,Imp_Floricolas,,,2066,,,,,,,,,3455.356977695847,,,,,,,0.0001994959478333,,,,,,
754,1,DDP,,Imp_Floricolas,,,2067,,,,,,,,,3455.356977695847,,,,,,,0.0002025701377,,,,,,
754,1,DDP,,Imp_Floricolas,,,2068,,,,,,,,,3455.356977695847,,,,,,,0.0002056504780627,,,,,,
754,1,DDP,,Imp_Floricolas,,,2069,,,,,,,,,3455.356977695847,,,,,,,0.0002087345818168,,,,,,
754,1,DDP,,Imp_Floricolas,,,2070,,,,,,,,,3455.356977695847,,,,,,,0.0002118201218162,,,,,,
754,1,DDP,,Exp_Banano,,,2018,,,,,,,,,-905.0362739999999,,,,,,6.253607253656307,6.253607253656307,,,,,,
754,1,DDP,,Exp_Banano,,,2019,,,,,,,,,-1044.4,,,,,,6.31614332619287,6.31614332619287,,,,,,
754,1,DDP,,Exp_Banano,,,2020,,,,,,,,,-955.30617,,,,,,6.379304759454799,6.379304759454799,,,,,,
754,1,DDP,,Exp_Banano,,,2021,,,,,,,,,-984.8381029999999,,,,,,6.443097807049347,6.443097807049347,,,,,,
754,1,DDP,,Exp_Banano,,,2022,,,,,,,,,-984.8381029999999,,,,,,6.507528785119841,6.507528785119841,,,,,,
754,1,DDP,,Exp_Banano,,,2023,,,,,,,,,-984.8381029999999,,,,,,6.577204895822118,6.577204895822118,,,,,,
754,1,DDP,,Exp_Banano,,,2024,,,,,,,,,-984.8381029999999,,,,,,6.645300360320138,6.645300360320138,,,,,,
754,1,DDP,,Exp_Banano,,,2025,,,,,,,,,-984.8381029999999,,,,,,6.714100013618532,6.714100013618532,,,,,,
754,1,DDP,,Exp_Banano,,,2026,,,,,,,,,-984.8381029999999,,,,,,6.716446663313723,6.716446663313723,,,,,,
754,1,DDP,,Exp_Banano,,,2027,,,,,,,,,-984.8381029999999,,,,,,6.716446663313723,6.716446663313723,,,,,,
754,1,DDP,,Exp_Banano,,,2028,,,,,,,,,-984.8381029999999,,,,,,6.716446663313723,6.716446663313723,,,,,,
754,1,DDP,,Exp_Banano,,,2029,,,,,,,,,-984.8381029999999,,,,,,6.716446663313723,6.716446663313723,,,,,,
754,1,DDP,,Exp_Banano,,,2030,,,,,,,,,-984.8381029999999,,,,,,6.716446663313723,6.716446663313723,,,,,,
754,1,DDP,,Exp_Banano,,,2031,,,,,,,,,-984.8381029999999,,,,,,6.716446663313723,6.716446663313723,,,,,,
754,1,DDP,,Exp_Banano,,,2032,,,,,,,,,-984.8381029999999,,,,,,6.716446663313723,6.716446663313723,,,,,,
754,1,DDP,,Exp_Banano,,,2033,,,,,,,,,-984.8381029999999,,,,,,6.716446663313723,6.716446663313723,,,,,,
754,1,DDP,,Exp_Banano,,,2034,,,,,,,,,-984.8381029999999,,,,,,6.716446663313723,6.716446663313723,,,,,,
754,1,DDP,,Exp_Banano,,,2035,,,,,,,,,-984.8381029999999,,,,,,6.716446663313723,6.716446663313723,,,,,,
754,1,DDP,,Exp_Banano,,,2036,,,,,,,,,-984.8381029999999,,,,,,6.716446663313723,6.716446663313723,,,,,,
754,1,DDP,,Exp_Banano,,,2037,,,,,,,,,-984.8381029999999,,,,,,6.716446663313723,6.716446663313723,,,,,,
754,1,DDP,,Exp_Banano,,,2038,,,,,,,,,-984.8381029999999,,,,,,6.716446663313723,6.716446663313723,,,,,,
754,1,DDP,,Exp_Banano,,,2039,,,,,,,,,-984.8381029999999,,,,,,6.716446663313723,6.716446663313723,,,,,,
754,1,DDP,,Exp_Banano,,,2040,,,,,,,,,-984.8381029999999,,,,,,6.716446663313723,6.716446663313723,,,,,,
754,1,DDP,,Exp_Banano,,,2041,,,,,,,,,-984.8381029999999,,,,,,6.716446663313723,6.716446663313723,,,,,,
754,1,DDP,,Exp_Banano,,,2042,,,,,,,,,-984.8381029999999,,,,,,6.716446663313723,6.716446663313723,,,,,,
754,1,DDP,,Exp_Banano,,,2043,,,,,,,,,-984.8381029999999,,,,,,6.716446663313723,6.716446663313723,,,,,,
754,1,DDP,,Exp_Banano,,,2044,,,,,,,,,-984.8381029999999,,,,,,6.716446663313723,6.716446663313723,,,,,,
754,1,DDP,,Exp_Banano,,,2045,,,,,,,,,-984.8381029999999,,,,,,6.716446663313723,6.716446663313723,,,,,,
754,1,DDP,,Exp_Banano,,,2046,,,,,,,,,-984.8381029999999,,,,,,6.716446663313723,6.716446663313723,,,,,,
754,1,DDP,,Exp_Banano,,,2047,,,,,,,,,-984.8381029999999,,,,,,6.716446663313723,6.716446663313723,,,,,,
754,1,DDP,,Exp_Banano,,,2048,,,,,,,,,-984.8381029999999,,,,,,6.716446663313723,6.716446663313723,,,,,,
754,1,DDP,,Exp_Banano,,,2049,,,,,,,,,-984.8381029999999,,,,,,6.716446663313723,6.716446663313723,,,,,,
754,1,DDP,,Exp_Banano,,,2050,,,,,,,,,-984.8381029999999,,,,,,6.716446663313723,6.716446663313723,,,,,,
754,1,DDP,,Exp_Banano,,,2051,,,,,,,,,-984.8381029999999,,,,,,6.716446663313723,6.716446663313723,,,,,,
754,1,DDP,,Exp_Banano,,,2052,,,,,,,,,-984.8381029999999,,,,,,6.716446663313723,6.716446663313723,,,,,,
754,1,DDP,,Exp_Banano,,,2053,,,,,,,,,-984.8381029999999,,,,,,6.716446663313723,6.716446663313723,,,,,,
754,1,DDP,,Exp_Banano,,,2054,,,,,,,,,-984.8381029999999,,,,,,6.716446663313723,6.716446663313723,,,,,,
754,1,DDP,,Exp_Banano,,,2055,,,,,,,,,-984.8381029999999,,,,,,6.716446663313723,6.716446663313723,,,,,,
754,1,DDP,,Exp_Banano,,,2056,,,,,,,,,-984.8381029999999,,,,,,6.716446663313723,6.716446663313723,,,,,,
754,1,DDP,,Exp_Banano,,,2057,,,,,,,,,-984.8381029999999,,,,,,6.716446663313723,6.716446663313723,,,,,,
754,1,DDP,,Exp_Banano,,,2058,,,,,,,,,-984.8381029999999,,,,,,6.716446663313723,6.716446663313723,,,,,,
754,1,DDP,,Exp_Banano,,,2059,,,,,,,,,-984.8381029999999,,,,,,6.716446663313723,6.716446663313723,,,,,,
754,1,DDP,,Exp_Banano,,,2060,,,,,,,,,-984.8381029999999,,,,,,6.716446663313723,6.716446663313723,,,,,,
754,1,DDP,,Exp_Banano,,,2061,,,,,,,,,-984.8381029999999,,,,,,6.716446663313723,6.716446663313723,,,,,,
754,1,DDP,,Exp_Banano,,,2062,,,,,,,,,-984.8381029999999,,,,,,6.716446663313723,6.716446663313723,,,,,,
754,1,DDP,,Exp_Banano,,,2063,,,,,,,,,-984.8381029999999,,,,,,6.716446663313723,6.716446663313723,,,,,,
754,1,DDP,,Exp_Banano,,,2064,,,,,,,,,-984.8381029999999,,,,,,6.716446663313723,6.716446663313723,,,,,,
754,1,DDP,,Exp_Banano,,,2065,,,,,,,,,-984.8381029999999,,,,,,6.716446663313723,6.716446663313723,,,,,,
754,1,DDP,,Exp_Banano,,,2066,,,,,,,,,-984.8381029999999,,,,,,6.716446663313723,6.716446663313723,,,,,,
754,1,DDP,,Exp_Banano,,,2067,,,,,,,,,-984.8381029999999,,,,,,6.716446663313723,6.716446663313723,,,,,,
754,1,DDP,,Exp_Banano,,,2068,,,,,,,,,-984.8381029999999,,,,,,6.716446663313723,6.716446663313723,,,,,,
754,1,DDP,,Exp_Banano,,,2069,,,,,,,,,-984.8381029999999,,,,,,6.716446663313723,6.716446663313723,,,,,,
754,1,DDP,,Exp_Banano,,,2070,,,,,,,,,-984.8381029999999,,,,,,6.716446663313723,6.716446663313723,,,,,,
754,1,DDP,,Exp_Arroz,,,2018,,,,,,,,,-585.5643129130106,,,,,,0.03155605904,0.03155605904,,,,,,
754,1,DDP,,Exp_Arroz,,,2019,,,,,,,,,-626.8234329228573,,,,,,0.02902678066,0.02902678066,,,,,,
754,1,DDP,,Exp_Arroz,,,2020,,,,,,,,,-747.6878635875842,,,,,,0.044062796729,0.044062796729,,,,,,
754,1,DDP,,Exp_Arroz,,,2021,,,,,,,,,-508.4779227283579,,,,,,0.01913554183,0.01913554183,,,,,,
754,1,DDP,,Exp_Arroz,,,2022,,,,,,,,,-508.4779227283579,,,,,,0.0190416280238807,0.0190416280238807,,,,,,
754,1,DDP,,Exp_Arroz,,,2023,,,,,,,,,-508.4779227283579,,,,,,0.0180393085010668,0.0180393085010668,,,,,,
754,1,DDP,,Exp_Arroz,,,2024,,,,,,,,,-508.4779227283579,,,,,,0.021224005408718,0.021224005408718,,,,,,
754,1,DDP,,Exp_Arroz,,,2025,,,,,,,,,-508.4779227283579,,,,,,0.0206600197223799,0.0206600197223799,,,,,,
754,1,DDP,,Exp_Arroz,,,2026,,,,,,,,,-508.4779227283579,,,,,,0.0242709871215847,0.0242709871215847,,,,,,
754,1,DDP,,Exp_Arroz,,,2027,,,,,,,,,-508.4779227283579,,,,,,0.0255929071856849,0.0255929071856849,,,,,,
754,1,DDP,,Exp_Arroz,,,2028,,,,,,,,,-508.4779227283579,,,,,,0.0270478082686603,0.0270478082686603,,,,,,
754,1,DDP,,Exp_Arroz,,,2029,,,,,,,,,-508.4779227283579,,,,,,0.0282931611498527,0.0282931611498527,,,,,,
754,1,DDP,,Exp_Arroz,,,2030,,,,,,,,,-508.4779227283579,,,,,,0.0299242975151541,0.0299242975151541,,,,,,
754,1,DDP,,Exp_Arroz,,,2031,,,,,,,,,-508.4779227283579,,,,,,0.0314613871539946,0.0314613871539946,,,,,,
754,1,DDP,,Exp_Arroz,,,2032,,,,,,,,,-508.4779227283579,,,,,,0.0331820123811335,0.0331820123811335,,,,,,
754,1,DDP,,Exp_Arroz,,,2033,,,,,,,,,-508.4779227283579,,,,,,0.0352480664201753,0.0352480664201753,,,,,,
754,1,DDP,,Exp_Arroz,,,2034,,,,,,,,,-508.4779227283579,,,,,,0.0373583824894466,0.0373583824894466,,,,,,
754,1,DDP,,Exp_Arroz,,,2035,,,,,,,,,-508.4779227283579,,,,,,0.0396570861232384,0.0396570861232384,,,,,,
754,1,DDP,,Exp_Arroz,,,2036,,,,,,,,,-508.4779227283579,,,,,,0.0416932740983813,0.0416932740983813,,,,,,
754,1,DDP,,Exp_Arroz,,,2037,,,,,,,,,-508.4779227283579,,,,,,0.0437931679770265,0.0437931679770265,,,,,,
754,1,DDP,,Exp_Arroz,,,2038,,,,,,,,,-508.4779227283579,,,,,,0.0462509338217862,0.0462509338217862,,,,,,
754,1,DDP,,Exp_Arroz,,,2039,,,,,,,,,-508.4779227283579,,,,,,0.0487848095244074,0.0487848095244074,,,,,,
754,1,DDP,,Exp_Arroz,,,2040,,,,,,,,,-508.4779227283579,,,,,,0.0517685586955969,0.0517685586955969,,,,,,
754,1,DDP,,Exp_Arroz,,,2041,,,,,,,,,-508.4779227283579,,,,,,0.0546058051901901,0.0546058051901901,,,,,,
754,1,DDP,,Exp_Arroz,,,2042,,,,,,,,,-508.4779227283579,,,,,,0.0576989741593126,0.0576989741593126,,,,,,
754,1,DDP,,Exp_Arroz,,,2043,,,,,,,,,-508.4779227283579,,,,,,0.0607257817546736,0.0607257817546736,,,,,,
754,1,DDP,,Exp_Arroz,,,2044,,,,,,,,,-508.4779227283579,,,,,,0.0639258612896176,0.0639258612896176,,,,,,
754,1,DDP,,Exp_Arroz,,,2045,,,,,,,,,-508.4779227283579,,,,,,0.0670535231259115,0.0670535231259115,,,,,,
754,1,DDP,,Exp_Arroz,,,2046,,,,,,,,,-508.4779227283579,,,,,,0.0706747541203732,0.0706747541203732,,,,,,
754,1,DDP,,Exp_Arroz,,,2047,,,,,,,,,-508.4779227283579,,,,,,0.0742120221611473,0.0742120221611473,,,,,,
754,1,DDP,,Exp_Arroz,,,2048,,,,,,,,,-508.4779227283579,,,,,,0.0781972766645316,0.0781972766645316,,,,,,
754,1,DDP,,Exp_Arroz,,,2049,,,,,,,,,-508.4779227283579,,,,,,0.0821371065161158,0.0821371065161158,,,,,,
754,1,DDP,,Exp_Arroz,,,2050,,,,,,,,,-508.4779227283579,,,,,,0.0862483203144913,0.0862483203144913,,,,,,
754,1,DDP,,Exp_Arroz,,,2051,,,,,,,,,-508.4779227283579,,,,,,0.0878161348760016,0.0878161348760016,,,,,,
754,1,DDP,,Exp_Arroz,,,2052,,,,,,,,,-508.4779227283579,,,,,,0.0892330458450288,0.0892330458450288,,,,,,
754,1,DDP,,Exp_Arroz,,,2053,,,,,,,,,-508.4779227283579,,,,,,0.0906511947259054,0.0906511947259054,,,,,,
754,1,DDP,,Exp_Arroz,,,2054,,,,,,,,,-508.4779227283579,,,,,,0.0921048036726915,0.0921048036726915,,,,,,
754,1,DDP,,Exp_Arroz,,,2055,,,,,,,,,-508.4779227283579,,,,,,0.0935630815973298,0.0935630815973298,,,,,,
754,1,DDP,,Exp_Arroz,,,2056,,,,,,,,,-508.4779227283579,,,,,,0.0950604409373152,0.0950604409373152,,,,,,
754,1,DDP,,Exp_Arroz,,,2057,,,,,,,,,-508.4779227283579,,,,,,0.0965005924995559,0.0965005924995559,,,,,,
754,1,DDP,,Exp_Arroz,,,2058,,,,,,,,,-508.4779227283579,,,,,,0.0979519766187344,0.0979519766187344,,,,,,
754,1,DDP,,Exp_Arroz,,,2059,,,,,,,,,-508.4779227283579,,,,,,0.0994130390585588,0.0994130390585588,,,,,,
754,1,DDP,,Exp_Arroz,,,2060,,,,,,,,,-508.4779227283579,,,,,,0.100874811109807,0.100874811109807,,,,,,
754,1,DDP,,Exp_Arroz,,,2061,,,,,,,,,-508.4779227283579,,,,,,0.1023292191462635,0.1023292191462635,,,,,,
754,1,DDP,,Exp_Arroz,,,2062,,,,,,,,,-508.4779227283579,,,,,,0.1037817873768532,0.1037817873768532,,,,,,
754,1,DDP,,Exp_Arroz,,,2063,,,,,,,,,-508.4779227283579,,,,,,0.1052347934119942,0.1052347934119942,,,,,,
754,1,DDP,,Exp_Arroz,,,2064,,,,,,,,,-508.4779227283579,,,,,,0.1066884729642275,0.1066884729642275,,,,,,
754,1,DDP,,Exp_Arroz,,,2065,,,,,,,,,-508.4779227283579,,,,,,0.1081378660104173,0.1081378660104173,,,,,,
754,1,DDP,,Exp_Arroz,,,2066,,,,,,,,,-508.4779227283579,,,,,,0.1095822841415446,0.1095822841415446,,,,,,
754,1,DDP,,Exp_Arroz,,,2067,,,,,,,,,-508.4779227283579,,,,,,0.1110192263891245,0.1110192263891245,,,,,,
754,1,DDP,,Exp_Arroz,,,2068,,,,,,,,,-508.4779227283579,,,,,,0.1124519019695742,0.1124519019695742,,,,,,
754,1,DDP,,Exp_Arroz,,,2069,,,,,,,,,-508.4779227283579,,,,,,0.1138791920118294,0.1138791920118294,,,,,,
754,1,DDP,,Exp_Arroz,,,2070,,,,,,,,,-508.4779227283579,,,,,,0.1152998854735894,0.1152998854735894,,,,,,
754,1,DDP,,Exp_Cacao,,,2018,,,,,,,,,-2267.5286096153945,,,,,,0.1543839564599105,0.1543839564599105,,,,,,
754,1,DDP,,Exp_Cacao,,,2019,,,,,,,,,-2425.8385585967994,,,,,,0.2012267057146741,0.2012267057146741,,,,,,
754,1,DDP,,Exp_Cacao,,,2020,,,,,,,,,-2524.4147370792316,,,,,,0.2439112048546066,0.2439112048546066,,,,,,
754,1,DDP,,Exp_Cacao,,,2021,,,,,,,,,-2484.833012809857,,,,,,0.2146640968001953,0.2146640968001953,,,,,,
754,1,DDP,,Exp_Cacao,,,2022,,,,,,,,,-2484.833012809857,,,,,,0.2136105639268245,0.2136105639268245,,,,,,
754,1,DDP,,Exp_Cacao,,,2023,,,,,,,,,-2484.833012809857,,,,,,0.2080389956759272,0.2080389956759272,,,,,,
754,1,DDP,,Exp_Cacao,,,2024,,,,,,,,,-2484.833012809857,,,,,,0.2481213928996165,0.2481213928996165,,,,,,
754,1,DDP,,Exp_Cacao,,,2025,,,,,,,,,-2484.833012809857,,,,,,0.2448052927787735,0.2448052927787735,,,,,,
754,1,DDP,,Exp_Cacao,,,2026,,,,,,,,,-2484.833012809857,,,,,,0.2501294811161914,0.2501294811161914,,,,,,
754,1,DDP,,Exp_Cacao,,,2027,,,,,,,,,-2484.833012809857,,,,,,0.2555356726910797,0.2555356726910797,,,,,,
754,1,DDP,,Exp_Cacao,,,2028,,,,,,,,,-2484.833012809857,,,,,,0.2610249751493541,0.2610249751493541,,,,,,
754,1,DDP,,Exp_Cacao,,,2029,,,,,,,,,-2484.833012809857,,,,,,0.266598510089525,0.266598510089525,,,,,,
754,1,DDP,,Exp_Cacao,,,2030,,,,,,,,,-2484.833012809857,,,,,,0.2722574132309842,0.2722574132309842,,,,,,
754,1,DDP,,Exp_Cacao,,,2031,,,,,,,,,-2484.833012809857,,,,,,0.2780028345842638,0.2780028345842638,,,,,,
754,1,DDP,,Exp_Cacao,,,2032,,,,,,,,,-2484.833012809857,,,,,,0.2838359386232859,0.2838359386232859,,,,,,
754,1,DDP,,Exp_Cacao,,,2033,,,,,,,,,-2484.833012809857,,,,,,0.28975790445963,0.28975790445963,,,,,,
754,1,DDP,,Exp_Cacao,,,2034,,,,,,,,,-2484.833012809857,,,,,,0.2957699260188386,0.2957699260188386,,,,,,
754,1,DDP,,Exp_Cacao,,,2035,,,,,,,,,-2484.833012809857,,,,,,0.3018732122187854,0.3018732122187854,,,,,,
754,1,DDP,,Exp_Cacao,,,2036,,,,,,,,,-2484.833012809857,,,,,,0.3128126368645673,0.3128126368645673,,,,,,
754,1,DDP,,Exp_Cacao,,,2037,,,,,,,,,-2484.833012809857,,,,,,0.3220423865936259,0.3220423865936259,,,,,,
754,1,DDP,,Exp_Cacao,,,2038,,,,,,,,,-2484.833012809857,,,,,,0.3298635925339085,0.3298635925339085,,,,,,
754,1,DDP,,Exp_Cacao,,,2039,,,,,,,,,-2484.833012809857,,,,,,0.3430830163502883,0.3430830163502883,,,,,,
754,1,DDP,,Exp_Cacao,,,2040,,,,,,,,,-2484.833012809857,,,,,,0.355494631548552,0.355494631548552,,,,,,
754,1,DDP,,Exp_Cacao,,,2041,,,,,,,,,-2484.833012809857,,,,,,0.3674264810210919,0.3674264810210919,,,,,,
754,1,DDP,,Exp_Cacao,,,2042,,,,,,,,,-2484.833012809857,,,,,,0.3792275807801154,0.3792275807801154,,,,,,
754,1,DDP,,Exp_Cacao,,,2043,,,,,,,,,-2484.833012809857,,,,,,0.3893269428052284,0.3893269428052284,,,,,,
754,1,DDP,,Exp_Cacao,,,2044,,,,,,,,,-2484.833012809857,,,,,,0.4013532779194545,0.4013532779194545,,,,,,
754,1,DDP,,Exp_Cacao,,,2045,,,,,,,,,-2484.833012809857,,,,,,0.4125323285017627,0.4125323285017627,,,,,,
754,1,DDP,,Exp_Cacao,,,2046,,,,,,,,,-2484.833012809857,,,,,,0.4263026315545188,0.4263026315545188,,,,,,
754,1,DDP,,Exp_Cacao,,,2047,,,,,,,,,-2484.833012809857,,,,,,0.4383674974299427,0.4383674974299427,,,,,,
754,1,DDP,,Exp_Cacao,,,2048,,,,,,,,,-2484.833012809857,,,,,,0.4503303390153316,0.4503303390153316,,,,,,
754,1,DDP,,Exp_Cacao,,,2049,,,,,,,,,-2484.833012809857,,,,,,0.4626894420628094,0.4626894420628094,,,,,,
754,1,DDP,,Exp_Cacao,,,2050,,,,,,,,,-2484.833012809857,,,,,,0.4752604754300043,0.4752604754300043,,,,,,
754,1,DDP,,Exp_Cacao,,,2051,,,,,,,,,-2484.833012809857,,,,,,0.4891709711664539,0.4891709711664539,,,,,,
754,1,DDP,,Exp_Cacao,,,2052,,,,,,,,,-2484.833012809857,,,,,,0.5024400488797869,0.5024400488797869,,,,,,
754,1,DDP,,Exp_Cacao,,,2053,,,,,,,,,-2484.833012809857,,,,,,0.5159073564398338,0.5159073564398338,,,,,,
754,1,DDP,,Exp_Cacao,,,2054,,,,,,,,,-2484.833012809857,,,,,,0.5297710348206361,0.5297710348206361,,,,,,
754,1,DDP,,Exp_Cacao,,,2055,,,,,,,,,-2484.833012809857,,,,,,0.5438596691760448,0.5438596691760448,,,,,,
754,1,DDP,,Exp_Cacao,,,2056,,,,,,,,,-2484.833012809857,,,,,,0.5583773691342024,0.5583773691342024,,,,,,
754,1,DDP,,Exp_Cacao,,,2057,,,,,,,,,-2484.833012809857,,,,,,0.5727609549183823,0.5727609549183823,,,,,,
754,1,DDP,,Exp_Cacao,,,2058,,,,,,,,,-2484.833012809857,,,,,,0.5874114471861978,0.5874114471861978,,,,,,
754,1,DDP,,Exp_Cacao,,,2059,,,,,,,,,-2484.833012809857,,,,,,0.6023226467972973,0.6023226467972973,,,,,,
754,1,DDP,,Exp_Cacao,,,2060,,,,,,,,,-2484.833012809857,,,,,,0.6174426099083956,0.6174426099083956,,,,,,
754,1,DDP,,Exp_Cacao,,,2061,,,,,,,,,-2484.833012809857,,,,,,0.6327227136399095,0.6327227136399095,,,,,,
754,1,DDP,,Exp_Cacao,,,2062,,,,,,,,,-2484.833012809857,,,,,,0.6481972534829525,0.6481972534829525,,,,,,
754,1,DDP,,Exp_Cacao,,,2063,,,,,,,,,-2484.833012809857,,,,,,0.6638814296823559,0.6638814296823559,,,,,,
754,1,DDP,,Exp_Cacao,,,2064,,,,,,,,,-2484.833012809857,,,,,,0.6797780129993042,0.6797780129993042,,,,,,
754,1,DDP,,Exp_Cacao,,,2065,,,,,,,,,-2484.833012809857,,,,,,0.6958564095389814,0.6958564095389814,,,,,,
754,1,DDP,,Exp_Cacao,,,2066,,,,,,,,,-2484.833012809857,,,,,,0.7121125339544196,0.7121125339544196,,,,,,
754,1,DDP,,Exp_Cacao,,,2067,,,,,,,,,-2484.833012809857,,,,,,0.7285302339052573,0.7285302339052573,,,,,,
754,1,DDP,,Exp_Cacao,,,2068,,,,,,,,,-2484.833012809857,,,,,,0.7451305555501672,0.7451305555501672,,,,,,
754,1,DDP,,Exp_Cacao,,,2069,,,,,,,,,-2484.833012809857,,,,,,0.7619064113254513,0.7619064113254513,,,,,,
754,1,DDP,,Exp_Cacao,,,2070,,,,,,,,,-2484.833012809857,,,,,,0.7788498054066868,0.7788498054066868,,,,,,
754,1,DDP,,Exp_Cafe,,,2018,,,,,,,,,-3017.9870412215732,,,,,,0.00457822284975,0.00457822284975,,,,,,
754,1,DDP,,Exp_Cafe,,,2019,,,,,,,,,-4975.996764251081,,,,,,0.00183901200912,0.00183901200912,,,,,,
754,1,DDP,,Exp_Cafe,,,2020,,,,,,,,,-5071.328855734461,,,,,,0.00193538224143,0.00193538224143,,,,,,
754,1,DDP,,Exp_Cafe,,,2021,,,,,,,,,-4055.0960690801644,,,,,,0.00402268350429,0.00402268350429,,,,,,
754,1,DDP,,Exp_Cafe,,,2022,,,,,,,,,-4055.0960690801644,,,,,,0.0040029408953763,0.0040029408953763,,,,,,
754,1,DDP,,Exp_Cafe,,,2023,,,,,,,,,-4055.0960690801644,,,,,,0.0038191160507103,0.0038191160507103,,,,,,
754,1,DDP,,Exp_Cafe,,,2024,,,,,,,,,-4055.0960690801644,,,,,,0.0045092496027495,0.0045092496027495,,,,,,
754,1,DDP,,Exp_Cafe,,,2025,,,,,,,,,-4055.0960690801644,,,,,,0.004404956732445,0.004404956732445,,,,,,
754,1,DDP,,Exp_Cafe,,,2026,,,,,,,,,-4055.0960690801644,,,,,,0.0051931680959948,0.0051931680959948,,,,,,
754,1,DDP,,Exp_Cafe,,,2027,,,,,,,,,-4055.0960690801644,,,,,,0.0054953914722643,0.0054953914722643,,,,,,
754,1,DDP,,Exp_Cafe,,,2028,,,,,,,,,-4055.0960690801644,,,,,,0.0058283446296925,0.0058283446296925,,,,,,
754,1,DDP,,Exp_Cafe,,,2029,,,,,,,,,-4055.0960690801644,,,,,,0.0061182724900726,0.0061182724900726,,,,,,
754,1,DDP,,Exp_Cafe,,,2030,,,,,,,,,-4055.0960690801644,,,,,,0.0064938997558438,0.0064938997558438,,,,,,
754,1,DDP,,Exp_Cafe,,,2031,,,,,,,,,-4055.0960690801644,,,,,,0.0060535796459118,0.0060535796459118,,,,,,
754,1,DDP,,Exp_Cafe,,,2032,,,,,,,,,-4055.0960690801644,,,,,,0.0062957771344142,0.0062957771344142,,,,,,
754,1,DDP,,Exp_Cafe,,,2033,,,,,,,,,-4055.0960690801644,,,,,,0.0066276580511198,0.0066276580511198,,,,,,
754,1,DDP,,Exp_Cafe,,,2034,,,,,,,,,-4055.0960690801644,,,,,,0.0068370978999289,0.0068370978999289,,,,,,
754,1,DDP,,Exp_Cafe,,,2035,,,,,,,,,-4055.0960690801644,,,,,,0.0070360734839787,0.0070360734839787,,,,,,
754,1,DDP,,Exp_Cafe,,,2036,,,,,,,,,-4055.0960690801644,,,,,,0.0072282949184269,0.0072282949184269,,,,,,
754,1,DDP,,Exp_Cafe,,,2037,,,,,,,,,-4055.0960690801644,,,,,,0.0073782828591053,0.0073782828591053,,,,,,
754,1,DDP,,Exp_Cafe,,,2038,,,,,,,,,-4055.0960690801644,,,,,,0.0074939589556022,0.0074939589556022,,,,,,
754,1,DDP,,Exp_Cafe,,,2039,,,,,,,,,-4055.0960690801644,,,,,,0.0077295439852721,0.0077295439852721,,,,,,
754,1,DDP,,Exp_Cafe,,,2040,,,,,,,,,-4055.0960690801644,,,,,,0.0079434216333711,0.0079434216333711,,,,,,
754,1,DDP,,Exp_Cafe,,,2041,,,,,,,,,-4055.0960690801644,,,,,,0.0081434094757935,0.0081434094757935,,,,,,
754,1,DDP,,Exp_Cafe,,,2042,,,,,,,,,-4055.0960690801644,,,,,,0.0083375316275929,0.0083375316275929,,,,,,
754,1,DDP,,Exp_Cafe,,,2043,,,,,,,,,-4055.0960690801644,,,,,,0.0084916777078103,0.0084916777078103,,,,,,
754,1,DDP,,Exp_Cafe,,,2044,,,,,,,,,-4055.0960690801644,,,,,,0.0086853284547121,0.0086853284547121,,,,,,
754,1,DDP,,Exp_Cafe,,,2045,,,,,,,,,-4055.0960690801644,,,,,,0.0088580061522779,0.0088580061522779,,,,,,
754,1,DDP,,Exp_Cafe,,,2046,,,,,,,,,-4055.0960690801644,,,,,,0.0090834742835282,0.0090834742835282,,,,,,
754,1,DDP,,Exp_Cafe,,,2047,,,,,,,,,-4055.0960690801644,,,,,,0.009269686083149,0.009269686083149,,,,,,
754,1,DDP,,Exp_Cafe,,,2048,,,,,,,,,-4055.0960690801644,,,,,,0.0094511925447274,0.0094511925447274,,,,,,
754,1,DDP,,Exp_Cafe,,,2049,,,,,,,,,-4055.0960690801644,,,,,,0.0096384913185799,0.0096384913185799,,,,,,
754,1,DDP,,Exp_Cafe,,,2050,,,,,,,,,-4055.0960690801644,,,,,,0.0098276554222748,0.0098276554222748,,,,,,
754,1,DDP,,Exp_Cafe,,,2051,,,,,,,,,-4055.0960690801644,,,,,,0.0100418029778602,0.0100418029778602,,,,,,
754,1,DDP,,Exp_Cafe,,,2052,,,,,,,,,-4055.0960690801644,,,,,,0.0102400360825801,0.0102400360825801,,,,,,
754,1,DDP,,Exp_Cafe,,,2053,,,,,,,,,-4055.0960690801644,,,,,,0.0104396993568377,0.0104396993568377,,,,,,
754,1,DDP,,Exp_Cafe,,,2054,,,,,,,,,-4055.0960690801644,,,,,,0.010644756693147,0.010644756693147,,,,,,
754,1,DDP,,Exp_Cafe,,,2055,,,,,,,,,-4055.0960690801644,,,,,,0.0108516878200126,0.0108516878200126,,,,,,
754,1,DDP,,Exp_Cafe,,,2056,,,,,,,,,-4055.0960690801644,,,,,,0.011064511448451,0.011064511448451,,,,,,
754,1,DDP,,Exp_Cafe,,,2057,,,,,,,,,-4055.0960690801644,,,,,,0.0112720363130203,0.0112720363130203,,,,,,
754,1,DDP,,Exp_Cafe,,,2058,,,,,,,,,-4055.0960690801644,,,,,,0.0114822218081216,0.0114822218081216,,,,,,
754,1,DDP,,Exp_Cafe,,,2059,,,,,,,,,-4055.0960690801644,,,,,,0.0116949067645762,0.0116949067645762,,,,,,
754,1,DDP,,Exp_Cafe,,,2060,,,,,,,,,-4055.0960690801644,,,,,,0.0119090522419241,0.0119090522419241,,,,,,
754,1,DDP,,Exp_Cafe,,,2061,,,,,,,,,-4055.0960690801644,,,,,,0.0121237104391031,0.0121237104391031,,,,,,
754,1,DDP,,Exp_Cafe,,,2062,,,,,,,,,-4055.0960690801644,,,,,,0.0123395367811251,0.0123395367811251,,,,,,
754,1,DDP,,Exp_Cafe,,,2063,,,,,,,,,-4055.0960690801644,,,,,,0.0125568086385348,0.0125568086385348,,,,,,
754,1,DDP,,Exp_Cafe,,,2064,,,,,,,,,-4055.0960690801644,,,,,,0.0127755627829034,0.0127755627829034,,,,,,
754,1,DDP,,Exp_Cafe,,,2065,,,,,,,,,-4055.0960690801644,,,,,,0.0129952120678752,0.0129952120678752,,,,,,
754,1,DDP,,Exp_Cafe,,,2066,,,,,,,,,-4055.0960690801644,,,,,,0.0132156760856705,0.0132156760856705,,,,,,
754,1,DDP,,Exp_Cafe,,,2067,,,,,,,,,-4055.0960690801644,,,,,,0.0134366538919273,0.0134366538919273,,,,,,
754,1,DDP,,Exp_Cafe,,,2068,,,,,,,,,-4055.0960690801644,,,,,,0.0136585338080585,0.0136585338080585,,,,,,
754,1,DDP,,Exp_Cafe,,,2069,,,,,,,,,-4055.0960690801644,,,,,,0.0138811821324429,0.0138811821324429,,,,,,
754,1,DDP,,Exp_Cafe,,,2070,,,,,,,,,-4055.0960690801644,,,,,,0.0141044519645132,0.0141044519645132,,,,,,
754,1,DDP,,Exp_Cana,,,2018,,,,,,,,,-895.8683507628817,,,,,,0.00389658762108,0.00389658762108,,,,,,
754,1,DDP,,Exp_Cana,,,2019,,,,,,,,,-479.44599393399835,,,,,,0.05973035795298,0.05973035795298,,,,,,
754,1,DDP,,Exp_Cana,,,2020,,,,,,,,,-483.8380564092046,,,,,,0.0343685618595,0.0343685618595,,,,,,
754,1,DDP,,Exp_Cana,,,2021,,,,,,,,,-689.0517594722023,,,,,,0.0216612707355,0.0216612707355,,,,,,
754,1,DDP,,Exp_Cana,,,2022,,,,,,,,,-689.0517594722023,,,,,,0.0215549611050634,0.0215549611050634,,,,,,
754,1,DDP,,Exp_Cana,,,2023,,,,,,,,,-689.0517594722023,,,,,,0.020565104526991,0.020565104526991,,,,,,
754,1,DDP,,Exp_Cana,,,2024,,,,,,,,,-689.0517594722023,,,,,,0.0242813227426257,0.0242813227426257,,,,,,
754,1,DDP,,Exp_Cana,,,2025,,,,,,,,,-689.0517594722023,,,,,,0.0237197284494037,0.0237197284494037,,,,,,
754,1,DDP,,Exp_Cana,,,2026,,,,,,,,,-689.0517594722023,,,,,,0.0279640742261567,0.0279640742261567,,,,,,
754,1,DDP,,Exp_Cana,,,2027,,,,,,,,,-689.0517594722023,,,,,,0.0239553625363857,0.0239553625363857,,,,,,
754,1,DDP,,Exp_Cana,,,2028,,,,,,,,,-689.0517594722023,,,,,,0.0239553625363857,0.0239553625363857,,,,,,
754,1,DDP,,Exp_Cana,,,2029,,,,,,,,,-689.0517594722023,,,,,,0.0239553625363857,0.0239553625363857,,,,,,
754,1,DDP,,Exp_Cana,,,2030,,,,,,,,,-689.0517594722023,,,,,,0.0239553625363857,0.0239553625363857,,,,,,
754,1,DDP,,Exp_Cana,,,2031,,,,,,,,,-689.0517594722023,,,,,,0.0239553625363857,0.0239553625363857,,,,,,
754,1,DDP,,Exp_Cana,,,2032,,,,,,,,,-689.0517594722023,,,,,,0.0239553625363857,0.0239553625363857,,,,,,
754,1,DDP,,Exp_Cana,,,2033,,,,,,,,,-689.0517594722023,,,,,,0.0239553625363857,0.0239553625363857,,,,,,
754,1,DDP,,Exp_Cana,,,2034,,,,,,,,,-689.0517594722023,,,,,,0.0239553625363857,0.0239553625363857,,,,,,
754,1,DDP,,Exp_Cana,,,2035,,,,,,,,,-689.0517594722023,,,,,,0.0239553625363857,0.0239553625363857,,,,,,
754,1,DDP,,Exp_Cana,,,2036,,,,,,,,,-689.0517594722023,,,,,,0.0239553625363857,0.0239553625363857,,,,,,
754,1,DDP,,Exp_Cana,,,2037,,,,,,,,,-689.0517594722023,,,,,,0.0239553625363857,0.0239553625363857,,,,,,
754,1,DDP,,Exp_Cana,,,2038,,,,,,,,,-689.0517594722023,,,,,,0.0239553625363857,0.0239553625363857,,,,,,
754,1,DDP,,Exp_Cana,,,2039,,,,,,,,,-689.0517594722023,,,,,,0.0239553625363857,0.0239553625363857,,,,,,
754,1,DDP,,Exp_Cana,,,2040,,,,,,,,,-689.0517594722023,,,,,,0.0239553625363857,0.0239553625363857,,,,,,
754,1,DDP,,Exp_Cana,,,2041,,,,,,,,,-689.0517594722023,,,,,,0.0239553625363857,0.0239553625363857,,,,,,
754,1,DDP,,Exp_Cana,,,2042,,,,,,,,,-689.0517594722023,,,,,,0.0239553625363857,0.0239553625363857,,,,,,
754,1,DDP,,Exp_Cana,,,2043,,,,,,,,,-689.0517594722023,,,,,,0.0239553625363857,0.0239553625363857,,,,,,
754,1,DDP,,Exp_Cana,,,2044,,,,,,,,,-689.0517594722023,,,,,,0.0239553625363857,0.0239553625363857,,,,,,
754,1,DDP,,Exp_Cana,,,2045,,,,,,,,,-689.0517594722023,,,,,,0.0239553625363857,0.0239553625363857,,,,,,
754,1,DDP,,Exp_Cana,,,2046,,,,,,,,,-689.0517594722023,,,,,,0.0239553625363857,0.0239553625363857,,,,,,
754,1,DDP,,Exp_Cana,,,2047,,,,,,,,,-689.0517594722023,,,,,,0.0239553625363857,0.0239553625363857,,,,,,
754,1,DDP,,Exp_Cana,,,2048,,,,,,,,,-689.0517594722023,,,,,,0.0239553625363857,0.0239553625363857,,,,,,
754,1,DDP,,Exp_Cana,,,2049,,,,,,,,,-689.0517594722023,,,,,,0.0239553625363857,0.0239553625363857,,,,,,
754,1,DDP,,Exp_Cana,,,2050,,,,,,,,,-689.0517594722023,,,,,,0.0239553625363857,0.0239553625363857,,,,,,
754,1,DDP,,Exp_Cana,,,2051,,,,,,,,,-689.0517594722023,,,,,,0.0239553625363857,0.0239553625363857,,,,,,
754,1,DDP,,Exp_Cana,,,2052,,,,,,,,,-689.0517594722023,,,,,,0.0239553625363857,0.0239553625363857,,,,,,
754,1,DDP,,Exp_Cana,,,2053,,,,,,,,,-689.0517594722023,,,,,,0.0239553625363857,0.0239553625363857,,,,,,
754,1,DDP,,Exp_Cana,,,2054,,,,,,,,,-689.0517594722023,,,,,,0.0239553625363857,0.0239553625363857,,,,,,
754,1,DDP,,Exp_Cana,,,2055,,,,,,,,,-689.0517594722023,,,,,,0.0239553625363857,0.0239553625363857,,,,,,
754,1,DDP,,Exp_Cana,,,2056,,,,,,,,,-689.0517594722023,,,,,,0.0239553625363857,0.0239553625363857,,,,,,
754,1,DDP,,Exp_Cana,,,2057,,,,,,,,,-689.0517594722023,,,,,,0.0239553625363857,0.0239553625363857,,,,,,
754,1,DDP,,Exp_Cana,,,2058,,,,,,,,,-689.0517594722023,,,,,,0.0239553625363857,0.0239553625363857,,,,,,
754,1,DDP,,Exp_Cana,,,2059,,,,,,,,,-689.0517594722023,,,,,,0.0239553625363857,0.0239553625363857,,,,,,
754,1,DDP,,Exp_Cana,,,2060,,,,,,,,,-689.0517594722023,,,,,,0.0239553625363857,0.0239553625363857,,,,,,
754,1,DDP,,Exp_Cana,,,2061,,,,,,,,,-689.0517594722023,,,,,,0.0239553625363857,0.0239553625363857,,,,,,
754,1,DDP,,Exp_Cana,,,2062,,,,,,,,,-689.0517594722023,,,,,,0.0239553625363857,0.0239553625363857,,,,,,
754,1,DDP,,Exp_Cana,,,2063,,,,,,,,,-689.0517594722023,,,,,,0.0239553625363857,0.0239553625363857,,,,,,
754,1,DDP,,Exp_Cana,,,2064,,,,,,,,,-689.0517594722023,,,,,,0.0239553625363857,0.0239553625363857,,,,,,
754,1,DDP,,Exp_Cana,,,2065,,,,,,,,,-689.0517594722023,,,,,,0.0239553625363857,0.0239553625363857,,,,,,
754,1,DDP,,Exp_Cana,,,2066,,,,,,,,,-689.0517594722023,,,,,,0.0239553625363857,0.0239553625363857,,,,,,
754,1,DDP,,Exp_Cana,,,2067,,,,,,,,,-689.0517594722023,,,,,,0.0239553625363857,0.0239553625363857,,,,,,
754,1,DDP,,Exp_Cana,,,2068,,,,,,,,,-689.0517594722023,,,,,,0.0239553625363857,0.0239553625363857,,,,,,
754,1,DDP,,Exp_Cana,,,2069,,,,,,,,,-689.0517594722023,,,,,,0.0239553625363857,0.0239553625363857,,,,,,
754,1,DDP,,Exp_Cana,,,2070,,,,,,,,,-689.0517594722023,,,,,,0.0239553625363857,0.0239553625363857,,,,,,
754,1,DDP,,Exp_Maiz,,,2018,,,,,,,,,-3899.3330379999998,,,,,,4.455e-05,4.455e-05,,,,,,
754,1,DDP,,Exp_Maiz,,,2019,,,,,,,,,-3264.4,,,,,,0.00519156,0.00519156,,,,,,
754,1,DDP,,Exp_Maiz,,,2020,,,,,,,,,-2826.1756020000003,,,,,,9.9e-06,9.9e-06,,,,,,
754,1,DDP,,Exp_Maiz,,,2021,,,,,,,,,-4998.202183,,,,,,0.00460647,0.00460647,,,,,,
754,1,DDP,,Exp_Maiz,,,2022,,,,,,,,,-4998.202183,,,,,,0.0045838622717048,0.0045838622717048,,,,,,
754,1,DDP,,Exp_Maiz,,,2023,,,,,,,,,-4998.202183,,,,,,0.0043610183307301,0.0043610183307301,,,,,,
754,1,DDP,,Exp_Maiz,,,2024,,,,,,,,,-4998.202183,,,,,,0.0051418287665079,0.0051418287665079,,,,,,
754,1,DDP,,Exp_Maiz,,,2025,,,,,,,,,-4998.202183,,,,,,0.0050158500560467,0.0050158500560467,,,,,,
754,1,DDP,,Exp_Maiz,,,2026,,,,,,,,,-4998.202183,,,,,,0.0059050846199846,0.0059050846199846,,,,,,
754,1,DDP,,Exp_Maiz,,,2027,,,,,,,,,-4998.202183,,,,,,0.0062399987859343,0.0062399987859343,,,,,,
754,1,DDP,,Exp_Maiz,,,2028,,,,,,,,,-4998.202183,,,,,,0.006608828640561,0.006608828640561,,,,,,
754,1,DDP,,Exp_Maiz,,,2029,,,,,,,,,-4998.202183,,,,,,0.0069279181712001,0.0069279181712001,,,,,,
754,1,DDP,,Exp_Maiz,,,2030,,,,,,,,,-4998.202183,,,,,,0.0073430324084502,0.0073430324084502,,,,,,
754,1,DDP,,Exp_Maiz,,,2031,,,,,,,,,-4998.202183,,,,,,0.0068356420945554,0.0068356420945554,,,,,,
754,1,DDP,,Exp_Maiz,,,2032,,,,,,,,,-4998.202183,,,,,,0.0070992888364185,0.0070992888364185,,,,,,
754,1,DDP,,Exp_Maiz,,,2033,,,,,,,,,-4998.202183,,,,,,0.0074632035889994,0.0074632035889994,,,,,,
754,1,DDP,,Exp_Maiz,,,2034,,,,,,,,,-4998.202183,,,,,,0.0076884348043103,0.0076884348043103,,,,,,
754,1,DDP,,Exp_Maiz,,,2035,,,,,,,,,-4998.202183,,,,,,0.0079013024704166,0.0079013024704166,,,,,,
754,1,DDP,,Exp_Maiz,,,2036,,,,,,,,,-4998.202183,,,,,,0.0081060187720423,0.0081060187720423,,,,,,
754,1,DDP,,Exp_Maiz,,,2037,,,,,,,,,-4998.202183,,,,,,0.008262884753687,0.008262884753687,,,,,,
754,1,DDP,,Exp_Maiz,,,2038,,,,,,,,,-4998.202183,,,,,,0.0083809565059938,0.0083809565059938,,,,,,
754,1,DDP,,Exp_Maiz,,,2039,,,,,,,,,-4998.202183,,,,,,0.0086326325512154,0.0086326325512154,,,,,,
754,1,DDP,,Exp_Maiz,,,2040,,,,,,,,,-4998.202183,,,,,,0.0088594206687596,0.0088594206687596,,,,,,
754,1,DDP,,Exp_Maiz,,,2041,,,,,,,,,-4998.202183,,,,,,0.0090701302232379,0.0090701302232379,,,,,,
754,1,DDP,,Exp_Maiz,,,2042,,,,,,,,,-4998.202183,,,,,,0.0092737523913962,0.0092737523913962,,,,,,
754,1,DDP,,Exp_Maiz,,,2043,,,,,,,,,-4998.202183,,,,,,0.0094324272333544,0.0094324272333544,,,,,,
754,1,DDP,,Exp_Maiz,,,2044,,,,,,,,,-4998.202183,,,,,,0.0096345041820696,0.0096345041820696,,,,,,
754,1,DDP,,Exp_Maiz,,,2045,,,,,,,,,-4998.202183,,,,,,0.00981281159553,0.00981281159553,,,,,,
754,1,DDP,,Exp_Maiz,,,2046,,,,,,,,,-4998.202183,,,,,,0.0100490504934383,0.0100490504934383,,,,,,
754,1,DDP,,Exp_Maiz,,,2047,,,,,,,,,-4998.202183,,,,,,0.0102412934177925,0.0102412934177925,,,,,,
754,1,DDP,,Exp_Maiz,,,2048,,,,,,,,,-4998.202183,,,,,,0.0104278391464132,0.0104278391464132,,,,,,
754,1,DDP,,Exp_Maiz,,,2049,,,,,,,,,-4998.202183,,,,,,0.0106202780016393,0.0106202780016393,,,,,,
754,1,DDP,,Exp_Maiz,,,2050,,,,,,,,,-4998.202183,,,,,,0.0108142656910597,0.0108142656910597,,,,,,
754,1,DDP,,Exp_Maiz,,,2051,,,,,,,,,-4998.202183,,,,,,0.0110352016647579,0.0110352016647579,,,,,,
754,1,DDP,,Exp_Maiz,,,2052,,,,,,,,,-4998.202183,,,,,,0.0112380949697908,0.0112380949697908,,,,,,
754,1,DDP,,Exp_Maiz,,,2053,,,,,,,,,-4998.202183,,,,,,0.0114420278704639,0.0114420278704639,,,,,,
754,1,DDP,,Exp_Maiz,,,2054,,,,,,,,,-4998.202183,,,,,,0.0116513355093586,0.0116513355093586,,,,,,
754,1,DDP,,Exp_Maiz,,,2055,,,,,,,,,-4998.202183,,,,,,0.0118621490787483,0.0118621490787483,,,,,,
754,1,DDP,,Exp_Maiz,,,2056,,,,,,,,,-4998.202183,,,,,,0.0120788503127764,0.0120788503127764,,,,,,
754,1,DDP,,Exp_Maiz,,,2057,,,,,,,,,-4998.202183,,,,,,0.0122892153888623,0.0122892153888623,,,,,,
754,1,DDP,,Exp_Maiz,,,2058,,,,,,,,,-4998.202183,,,,,,0.0125019360897625,0.0125019360897625,,,,,,
754,1,DDP,,Exp_Maiz,,,2059,,,,,,,,,-4998.202183,,,,,,0.0127168284656998,0.0127168284656998,,,,,,
754,1,DDP,,Exp_Maiz,,,2060,,,,,,,,,-4998.202183,,,,,,0.0129327563162107,0.0129327563162107,,,,,,
754,1,DDP,,Exp_Maiz,,,2061,,,,,,,,,-4998.202183,,,,,,0.013148688226309,0.013148688226309,,,,,,
754,1,DDP,,Exp_Maiz,,,2062,,,,,,,,,-4998.202183,,,,,,0.0133653346619393,0.0133653346619393,,,,,,
754,1,DDP,,Exp_Maiz,,,2063,,,,,,,,,-4998.202183,,,,,,0.0135829934447091,0.0135829934447091,,,,,,
754,1,DDP,,Exp_Maiz,,,2064,,,,,,,,,-4998.202183,,,,,,0.0138017009302134,0.0138017009302134,,,,,,
754,1,DDP,,Exp_Maiz,,,2065,,,,,,,,,-4998.202183,,,,,,0.0140208201316732,0.0140208201316732,,,,,,
754,1,DDP,,Exp_Maiz,,,2066,,,,,,,,,-4998.202183,,,,,,0.0142402633838152,0.0142402633838152,,,,,,
754,1,DDP,,Exp_Maiz,,,2067,,,,,,,,,-4998.202183,,,,,,0.0144597061468836,0.0144597061468836,,,,,,
754,1,DDP,,Exp_Maiz,,,2068,,,,,,,,,-4998.202183,,,,,,0.0146795663437587,0.0146795663437587,,,,,,
754,1,DDP,,Exp_Maiz,,,2069,,,,,,,,,-4998.202183,,,,,,0.0148996994237756,0.0148996994237756,,,,,,
754,1,DDP,,Exp_Maiz,,,2070,,,,,,,,,-4998.202183,,,,,,0.0151199474295272,0.0151199474295272,,,,,,
754,1,DDP,,Exp_Palma,,,2018,,,,,,,,,-680.503408824936,,,,,,0.28023870444768,0.28023870444768,,,,,,
754,1,DDP,,Exp_Palma,,,2019,,,,,,,,,-676.5452096270658,,,,,,0.18561949282305,0.18561949282305,,,,,,
754,1,DDP,,Exp_Palma,,,2020,,,,,,,,,-739.2336836740141,,,,,,0.1610285138154,0.1610285138154,,,,,,
754,1,DDP,,Exp_Palma,,,2021,,,,,,,,,-1231.33033213349,,,,,,0.111990715551,0.111990715551,,,,,,
754,1,DDP,,Exp_Palma,,,2022,,,,,,,,,-1231.33033213349,,,,,,0.1114410852117677,0.1114410852117677,,,,,,
754,1,DDP,,Exp_Palma,,,2023,,,,,,,,,-1231.33033213349,,,,,,0.106023389578024,0.106023389578024,,,,,,
754,1,DDP,,Exp_Palma,,,2024,,,,,,,,,-1231.33033213349,,,,,,0.1250061506537263,0.1250061506537263,,,,,,
754,1,DDP,,Exp_Palma,,,2025,,,,,,,,,-1231.33033213349,,,,,,0.1219434050093047,0.1219434050093047,,,,,,
754,1,DDP,,Exp_Palma,,,2026,,,,,,,,,-1231.33033213349,,,,,,0.1435621315196434,0.1435621315196434,,,,,,
754,1,DDP,,Exp_Palma,,,2027,,,,,,,,,-1231.33033213349,,,,,,0.1517044350824359,0.1517044350824359,,,,,,
754,1,DDP,,Exp_Palma,,,2028,,,,,,,,,-1231.33033213349,,,,,,0.1606712837401258,0.1606712837401258,,,,,,
754,1,DDP,,Exp_Palma,,,2029,,,,,,,,,-1231.33033213349,,,,,,0.1684288648946968,0.1684288648946968,,,,,,
754,1,DDP,,Exp_Palma,,,2030,,,,,,,,,-1231.33033213349,,,,,,0.1785209615468051,0.1785209615468051,,,,,,
754,1,DDP,,Exp_Palma,,,2031,,,,,,,,,-1231.33033213349,,,,,,0.1661854846378761,0.1661854846378761,,,,,,
754,1,DDP,,Exp_Palma,,,2032,,,,,,,,,-1231.33033213349,,,,,,0.172595162172704,0.172595162172704,,,,,,
754,1,DDP,,Exp_Palma,,,2033,,,,,,,,,-1231.33033213349,,,,,,0.1814425167720186,0.1814425167720186,,,,,,
754,1,DDP,,Exp_Palma,,,2034,,,,,,,,,-1231.33033213349,,,,,,0.1869182508953444,0.1869182508953444,,,,,,
754,1,DDP,,Exp_Palma,,,2035,,,,,,,,,-1231.33033213349,,,,,,0.1920934071961469,0.1920934071961469,,,,,,
754,1,DDP,,Exp_Palma,,,2036,,,,,,,,,-1231.33033213349,,,,,,0.1970703906789497,0.1970703906789497,,,,,,
754,1,DDP,,Exp_Palma,,,2037,,,,,,,,,-1231.33033213349,,,,,,0.2008840557044409,0.2008840557044409,,,,,,
754,1,DDP,,Exp_Palma,,,2038,,,,,,,,,-1231.33033213349,,,,,,0.203754570442888,0.203754570442888,,,,,,
754,1,DDP,,Exp_Palma,,,2039,,,,,,,,,-1231.33033213349,,,,,,0.2098732210346461,0.2098732210346461,,,,,,
754,1,DDP,,Exp_Palma,,,2040,,,,,,,,,-1231.33033213349,,,,,,0.2153868059624298,0.2153868059624298,,,,,,
754,1,DDP,,Exp_Palma,,,2041,,,,,,,,,-1231.33033213349,,,,,,0.2205094950886921,0.2205094950886921,,,,,,
754,1,DDP,,Exp_Palma,,,2042,,,,,,,,,-1231.33033213349,,,,,,0.2254598784221602,0.2254598784221602,,,,,,
754,1,DDP,,Exp_Palma,,,2043,,,,,,,,,-1231.33033213349,,,,,,0.2293175197594097,0.2293175197594097,,,,,,
754,1,DDP,,Exp_Palma,,,2044,,,,,,,,,-1231.33033213349,,,,,,0.2342303363158988,0.2342303363158988,,,,,,
754,1,DDP,,Exp_Palma,,,2045,,,,,,,,,-1231.33033213349,,,,,,0.2385652771320617,0.2385652771320617,,,,,,
754,1,DDP,,Exp_Palma,,,2046,,,,,,,,,-1231.33033213349,,,,,,0.2443086257738107,0.2443086257738107,,,,,,
754,1,DDP,,Exp_Palma,,,2047,,,,,,,,,-1231.33033213349,,,,,,0.2489823613366262,0.2489823613366262,,,,,,
754,1,DDP,,Exp_Palma,,,2048,,,,,,,,,-1231.33033213349,,,,,,0.2535175888820715,0.2535175888820715,,,,,,
754,1,DDP,,Exp_Palma,,,2049,,,,,,,,,-1231.33033213349,,,,,,0.2581960878403846,0.2581960878403846,,,,,,
754,1,DDP,,Exp_Palma,,,2050,,,,,,,,,-1231.33033213349,,,,,,0.2629122414561165,0.2629122414561165,,,,,,
754,1,DDP,,Exp_Palma,,,2051,,,,,,,,,-1231.33033213349,,,,,,0.2682835513279942,0.2682835513279942,,,,,,
754,1,DDP,,Exp_Palma,,,2052,,,,,,,,,-1231.33033213349,,,,,,0.2732162148232842,0.2732162148232842,,,,,,
754,1,DDP,,Exp_Palma,,,2053,,,,,,,,,-1231.33033213349,,,,,,0.2781741525653256,0.2781741525653256,,,,,,
754,1,DDP,,Exp_Palma,,,2054,,,,,,,,,-1231.33033213349,,,,,,0.2832627588625858,0.2832627588625858,,,,,,
754,1,DDP,,Exp_Palma,,,2055,,,,,,,,,-1231.33033213349,,,,,,0.2883879767591289,0.2883879767591289,,,,,,
754,1,DDP,,Exp_Palma,,,2056,,,,,,,,,-1231.33033213349,,,,,,0.2936563332793485,0.2936563332793485,,,,,,
754,1,DDP,,Exp_Palma,,,2057,,,,,,,,,-1231.33033213349,,,,,,0.2987706475802669,0.2987706475802669,,,,,,
754,1,DDP,,Exp_Palma,,,2058,,,,,,,,,-1231.33033213349,,,,,,0.3039422309198514,0.3039422309198514,,,,,,
754,1,DDP,,Exp_Palma,,,2059,,,,,,,,,-1231.33033213349,,,,,,0.3091666111823219,0.3091666111823219,,,,,,
754,1,DDP,,Exp_Palma,,,2060,,,,,,,,,-1231.33033213349,,,,,,0.3144161655018269,0.3144161655018269,,,,,,
754,1,DDP,,Exp_Palma,,,2061,,,,,,,,,-1231.33033213349,,,,,,0.3196658185164241,0.3196658185164241,,,,,,
754,1,DDP,,Exp_Palma,,,2062,,,,,,,,,-1231.33033213349,,,,,,0.324932842799174,0.324932842799174,,,,,,
754,1,DDP,,Exp_Palma,,,2063,,,,,,,,,-1231.33033213349,,,,,,0.3302244788737436,0.3302244788737436,,,,,,
754,1,DDP,,Exp_Palma,,,2064,,,,,,,,,-1231.33033213349,,,,,,0.3355416106032578,0.3355416106032578,,,,,,
754,1,DDP,,Exp_Palma,,,2065,,,,,,,,,-1231.33033213349,,,,,,0.3408687518116871,0.3408687518116871,,,,,,
754,1,DDP,,Exp_Palma,,,2066,,,,,,,,,-1231.33033213349,,,,,,0.3462037712148582,0.3462037712148582,,,,,,
754,1,DDP,,Exp_Palma,,,2067,,,,,,,,,-1231.33033213349,,,,,,0.3515387787278961,0.3515387787278961,,,,,,
754,1,DDP,,Exp_Palma,,,2068,,,,,,,,,-1231.33033213349,,,,,,0.3568839347300434,0.3568839347300434,,,,,,
754,1,DDP,,Exp_Palma,,,2069,,,,,,,,,-1231.33033213349,,,,,,0.3622357249614874,0.3622357249614874,,,,,,
754,1,DDP,,Exp_Palma,,,2070,,,,,,,,,-1231.33033213349,,,,,,0.3675903092229476,0.3675903092229476,,,,,,
754,1,DDP,,Exp_Soya,,,2018,,,,,,,,,-7449.987454093387,,,,,,8.680122e-07,8.680122e-07,,,,,,
754,1,DDP,,Exp_Soya,,,2019,,,,,,,,,-3825.229586085744,,,,,,4.6549206e-06,4.6549206e-06,,,,,,
754,1,DDP,,Exp_Soya,,,2020,,,,,,,,,-13524.0,,,,,,4.95e-07,4.95e-07,,,,,,
754,1,DDP,,Exp_Soya,,,2021,,,,,,,,,-4232.910521086026,,,,,,8.9170785e-06,8.9170785e-06,,,,,,
754,1,DDP,,Exp_Soya,,,2022,,,,,,,,,-4232.910521086026,,,,,,8.8733150786e-06,8.8733150786e-06,,,,,,
754,1,DDP,,Exp_Soya,,,2023,,,,,,,,,-4232.910521086026,,,,,,8.4658307293e-06,8.4658307293e-06,,,,,,
754,1,DDP,,Exp_Soya,,,2024,,,,,,,,,-4232.910521086026,,,,,,9.9956490837e-06,9.9956490837e-06,,,,,,
754,1,DDP,,Exp_Soya,,,2025,,,,,,,,,-4232.910521086026,,,,,,9.7644631825e-06,9.7644631825e-06,,,,,,
754,1,DDP,,Exp_Soya,,,2026,,,,,,,,,-4232.910521086026,,,,,,1.15116905236e-05,1.15116905236e-05,,,,,,
754,1,DDP,,Exp_Soya,,,2027,,,,,,,,,-4232.910521086026,,,,,,1.21816287794e-05,1.21816287794e-05,,,,,,
754,1,DDP,,Exp_Soya,,,2028,,,,,,,,,-4232.910521086026,,,,,,1.29196857104e-05,1.29196857104e-05,,,,,,
754,1,DDP,,Exp_Soya,,,2029,,,,,,,,,-4232.910521086026,,,,,,1.35623685085e-05,1.35623685085e-05,,,,,,
754,1,DDP,,Exp_Soya,,,2030,,,,,,,,,-4232.910521086026,,,,,,1.43950210928e-05,1.43950210928e-05,,,,,,
754,1,DDP,,Exp_Soya,,,2031,,,,,,,,,-4232.910521086026,,,,,,1.34189639456e-05,1.34189639456e-05,,,,,,
754,1,DDP,,Exp_Soya,,,2032,,,,,,,,,-4232.910521086026,,,,,,1.39558428761e-05,1.39558428761e-05,,,,,,
754,1,DDP,,Exp_Soya,,,2033,,,,,,,,,-4232.910521086026,,,,,,1.46915229722e-05,1.46915229722e-05,,,,,,
754,1,DDP,,Exp_Soya,,,2034,,,,,,,,,-4232.910521086026,,,,,,1.51557880755e-05,1.51557880755e-05,,,,,,
754,1,DDP,,Exp_Soya,,,2035,,,,,,,,,-4232.910521086026,,,,,,1.55968570536e-05,1.55968570536e-05,,,,,,
754,1,DDP,,Exp_Soya,,,2036,,,,,,,,,-4232.910521086026,,,,,,1.60229541151e-05,1.60229541151e-05,,,,,,
754,1,DDP,,Exp_Soya,,,2037,,,,,,,,,-4232.910521086026,,,,,,1.63554322332e-05,1.63554322332e-05,,,,,,
754,1,DDP,,Exp_Soya,,,2038,,,,,,,,,-4232.910521086026,,,,,,1.66118513205e-05,1.66118513205e-05,,,,,,
754,1,DDP,,Exp_Soya,,,2039,,,,,,,,,-4232.910521086026,,,,,,1.71340724202e-05,1.71340724202e-05,,,,,,
754,1,DDP,,Exp_Soya,,,2040,,,,,,,,,-4232.910521086026,,,,,,1.76081747888e-05,1.76081747888e-05,,,,,,
754,1,DDP,,Exp_Soya,,,2041,,,,,,,,,-4232.910521086026,,,,,,1.8051487639e-05,1.8051487639e-05,,,,,,
754,1,DDP,,Exp_Soya,,,2042,,,,,,,,,-4232.910521086026,,,,,,1.84817980187e-05,1.84817980187e-05,,,,,,
754,1,DDP,,Exp_Soya,,,2043,,,,,,,,,-4232.910521086026,,,,,,1.88234934805e-05,1.88234934805e-05,,,,,,
754,1,DDP,,Exp_Soya,,,2044,,,,,,,,,-4232.910521086026,,,,,,1.92527588975e-05,1.92527588975e-05,,,,,,
754,1,DDP,,Exp_Soya,,,2045,,,,,,,,,-4232.910521086026,,,,,,1.96355333769e-05,1.96355333769e-05,,,,,,
754,1,DDP,,Exp_Soya,,,2046,,,,,,,,,-4232.910521086026,,,,,,2.01353283579e-05,2.01353283579e-05,,,,,,
754,1,DDP,,Exp_Soya,,,2047,,,,,,,,,-4232.910521086026,,,,,,2.05481038679e-05,2.05481038679e-05,,,,,,
754,1,DDP,,Exp_Soya,,,2048,,,,,,,,,-4232.910521086026,,,,,,2.09504490597e-05,2.09504490597e-05,,,,,,
754,1,DDP,,Exp_Soya,,,2049,,,,,,,,,-4232.910521086026,,,,,,2.13656340643e-05,2.13656340643e-05,,,,,,
754,1,DDP,,Exp_Soya,,,2050,,,,,,,,,-4232.910521086026,,,,,,2.17849539438e-05,2.17849539438e-05,,,,,,
754,1,DDP,,Exp_Soya,,,2051,,,,,,,,,-4232.910521086026,,,,,,2.2259654616e-05,2.2259654616e-05,,,,,,
754,1,DDP,,Exp_Soya,,,2052,,,,,,,,,-4232.910521086026,,,,,,2.2699077741e-05,2.2699077741e-05,,,,,,
754,1,DDP,,Exp_Soya,,,2053,,,,,,,,,-4232.910521086026,,,,,,2.31416711213e-05,2.31416711213e-05,,,,,,
754,1,DDP,,Exp_Soya,,,2054,,,,,,,,,-4232.910521086026,,,,,,2.35962215136e-05,2.35962215136e-05,,,,,,
754,1,DDP,,Exp_Soya,,,2055,,,,,,,,,-4232.910521086026,,,,,,2.40549255355e-05,2.40549255355e-05,,,,,,
754,1,DDP,,Exp_Soya,,,2056,,,,,,,,,-4232.910521086026,,,,,,2.45266914598e-05,2.45266914598e-05,,,,,,
754,1,DDP,,Exp_Soya,,,2057,,,,,,,,,-4232.910521086026,,,,,,2.49867116195e-05,2.49867116195e-05,,,,,,
754,1,DDP,,Exp_Soya,,,2058,,,,,,,,,-4232.910521086026,,,,,,2.54526295962e-05,2.54526295962e-05,,,,,,
754,1,DDP,,Exp_Soya,,,2059,,,,,,,,,-4232.910521086026,,,,,,2.59240881264e-05,2.59240881264e-05,,,,,,
754,1,DDP,,Exp_Soya,,,2060,,,,,,,,,-4232.910521086026,,,,,,2.63987841918e-05,2.63987841918e-05,,,,,,
754,1,DDP,,Exp_Soya,,,2061,,,,,,,,,-4232.910521086026,,,,,,2.68746168028e-05,2.68746168028e-05,,,,,,
754,1,DDP,,Exp_Soya,,,2062,,,,,,,,,-4232.910521086026,,,,,,2.73530388393e-05,2.73530388393e-05,,,,,,
754,1,DDP,,Exp_Soya,,,2063,,,,,,,,,-4232.910521086026,,,,,,2.78346651482e-05,2.78346651482e-05,,,,,,
754,1,DDP,,Exp_Soya,,,2064,,,,,,,,,-4232.910521086026,,,,,,2.83195772412e-05,2.83195772412e-05,,,,,,
754,1,DDP,,Exp_Soya,,,2065,,,,,,,,,-4232.910521086026,,,,,,2.88064735915e-05,2.88064735915e-05,,,,,,
754,1,DDP,,Exp_Soya,,,2066,,,,,,,,,-4232.910521086026,,,,,,2.92951759592e-05,2.92951759592e-05,,,,,,
754,1,DDP,,Exp_Soya,,,2067,,,,,,,,,-4232.910521086026,,,,,,2.97850172413e-05,2.97850172413e-05,,,,,,
754,1,DDP,,Exp_Soya,,,2068,,,,,,,,,-4232.910521086026,,,,,,3.02768582295e-05,3.02768582295e-05,,,,,,
754,1,DDP,,Exp_Soya,,,2069,,,,,,,,,-4232.910521086026,,,,,,3.07704025474e-05,3.07704025474e-05,,,,,,
754,1,DDP,,Exp_Soya,,,2070,,,,,,,,,-4232.910521086026,,,,,,3.12653245608e-05,3.12653245608e-05,,,,,,
754,1,DDP,,Exp_Palmito,,,2018,,,,,,,,,-2022.135768300993,,,,,,0.03064132377504,0.03064132377504,,,,,,
754,1,DDP,,Exp_Palmito,,,2019,,,,,,,,,-1963.3379741023307,,,,,,0.0541427624694,0.0541427624694,,,,,,
754,1,DDP,,Exp_Palmito,,,2020,,,,,,,,,-1945.4019240916714,,,,,,0.0603113522319,0.0603113522319,,,,,,
754,1,DDP,,Exp_Palmito,,,2021,,,,,,,,,-2269.7210735329777,,,,,,0.0650326512924,0.0650326512924,,,,,,
754,1,DDP,,Exp_Palmito,,,2022,,,,,,,,,-2269.7210735329777,,,,,,0.064713482707619,0.064713482707619,,,,,,
754,1,DDP,,Exp_Palmito,,,2023,,,,,,,,,-2269.7210735329777,,,,,,0.0617416811703374,0.0617416811703374,,,,,,
754,1,DDP,,Exp_Palmito,,,2024,,,,,,,,,-2269.7210735329777,,,,,,0.0728987146747361,0.0728987146747361,,,,,,
754,1,DDP,,Exp_Palmito,,,2025,,,,,,,,,-2269.7210735329777,,,,,,0.0712126655834848,0.0712126655834848,,,,,,
754,1,DDP,,Exp_Palmito,,,2026,,,,,,,,,-2269.7210735329777,,,,,,0.0839552725262818,0.0839552725262818,,,,,,
754,1,DDP,,Exp_Palmito,,,2027,,,,,,,,,-2269.7210735329777,,,,,,0.0888411621122734,0.0888411621122734,,,,,,
754,1,DDP,,Exp_Palmito,,,2028,,,,,,,,,-2269.7210735329777,,,,,,0.0942238442349495,0.0942238442349495,,,,,,
754,1,DDP,,Exp_Palmito,,,2029,,,,,,,,,-2269.7210735329777,,,,,,0.0989109585515358,0.0989109585515358,,,,,,
754,1,DDP,,Exp_Palmito,,,2030,,,,,,,,,-2269.7210735329777,,,,,,0.1049835309934808,0.1049835309934808,,,,,,
754,1,DDP,,Exp_Palmito,,,2031,,,,,,,,,-2269.7210735329777,,,,,,0.0978651026767355,0.0978651026767355,,,,,,
754,1,DDP,,Exp_Palmito,,,2032,,,,,,,,,-2269.7210735329777,,,,,,0.1017805846670235,0.1017805846670235,,,,,,
754,1,DDP,,Exp_Palmito,,,2033,,,,,,,,,-2269.7210735329777,,,,,,0.1071459324264723,0.1071459324264723,,,,,,
754,1,DDP,,Exp_Palmito,,,2034,,,,,,,,,-2269.7210735329777,,,,,,0.1105318385361161,0.1105318385361161,,,,,,
754,1,DDP,,Exp_Palmito,,,2035,,,,,,,,,-2269.7210735329777,,,,,,0.113748574269715,0.113748574269715,,,,,,
754,1,DDP,,Exp_Palmito,,,2036,,,,,,,,,-2269.7210735329777,,,,,,0.1168561191471732,0.1168561191471732,,,,,,
754,1,DDP,,Exp_Palmito,,,2037,,,,,,,,,-2269.7210735329777,,,,,,0.1192808968941184,0.1192808968941184,,,,,,
754,1,DDP,,Exp_Palmito,,,2038,,,,,,,,,-2269.7210735329777,,,,,,0.1211509727373531,0.1211509727373531,,,,,,
754,1,DDP,,Exp_Palmito,,,2039,,,,,,,,,-2269.7210735329777,,,,,,0.1249595545131477,0.1249595545131477,,,,,,
754,1,DDP,,Exp_Palmito,,,2040,,,,,,,,,-2269.7210735329777,,,,,,0.1284172042370771,0.1284172042370771,,,,,,
754,1,DDP,,Exp_Palmito,,,2041,,,,,,,,,-2269.7210735329777,,,,,,0.1316503046301613,0.1316503046301613,,,,,,
754,1,DDP,,Exp_Palmito,,,2042,,,,,,,,,-2269.7210735329777,,,,,,0.1347885774255818,0.1347885774255818,,,,,,
754,1,DDP,,Exp_Palmito,,,2043,,,,,,,,,-2269.7210735329777,,,,,,0.1372805776717304,0.1372805776717304,,,,,,
754,1,DDP,,Exp_Palmito,,,2044,,,,,,,,,-2269.7210735329777,,,,,,0.1404112295070908,0.1404112295070908,,,,,,
754,1,DDP,,Exp_Palmito,,,2045,,,,,,,,,-2269.7210735329777,,,,,,0.1432028208614185,0.1432028208614185,,,,,,
754,1,DDP,,Exp_Palmito,,,2046,,,,,,,,,-2269.7210735329777,,,,,,0.1468478479537829,0.1468478479537829,,,,,,
754,1,DDP,,Exp_Palmito,,,2047,,,,,,,,,-2269.7210735329777,,,,,,0.1498582381618026,0.1498582381618026,,,,,,
754,1,DDP,,Exp_Palmito,,,2048,,,,,,,,,-2269.7210735329777,,,,,,0.1527925595943872,0.1527925595943872,,,,,,
754,1,DDP,,Exp_Palmito,,,2049,,,,,,,,,-2269.7210735329777,,,,,,0.1558205223546825,0.1558205223546825,,,,,,
754,1,DDP,,Exp_Palmito,,,2050,,,,,,,,,-2269.7210735329777,,,,,,0.1588786409413201,0.1588786409413201,,,,,,
754,1,DDP,,Exp_Palmito,,,2051,,,,,,,,,-2269.7210735329777,,,,,,0.1623406541204949,0.1623406541204949,,,,,,
754,1,DDP,,Exp_Palmito,,,2052,,,,,,,,,-2269.7210735329777,,,,,,0.1655453865733741,0.1655453865733741,,,,,,
754,1,DDP,,Exp_Palmito,,,2053,,,,,,,,,-2269.7210735329777,,,,,,0.1687732398401908,0.1687732398401908,,,,,,
754,1,DDP,,Exp_Palmito,,,2054,,,,,,,,,-2269.7210735329777,,,,,,0.172088296128594,0.172088296128594,,,,,,
754,1,DDP,,Exp_Palmito,,,2055,,,,,,,,,-2269.7210735329777,,,,,,0.1754336450233427,0.1754336450233427,,,,,,
754,1,DDP,,Exp_Palmito,,,2056,,,,,,,,,-2269.7210735329777,,,,,,0.1788742549545621,0.1788742549545621,,,,,,
754,1,DDP,,Exp_Palmito,,,2057,,,,,,,,,-2269.7210735329777,,,,,,0.182229202500807,0.182229202500807,,,,,,
754,1,DDP,,Exp_Palmito,,,2058,,,,,,,,,-2269.7210735329777,,,,,,0.1856271630898181,0.1856271630898181,,,,,,
754,1,DDP,,Exp_Palmito,,,2059,,,,,,,,,-2269.7210735329777,,,,,,0.1890655311825364,0.1890655311825364,,,,,,
754,1,DDP,,Exp_Palmito,,,2060,,,,,,,,,-2269.7210735329777,,,,,,0.1925275107639162,0.1925275107639162,,,,,,
754,1,DDP,,Exp_Palmito,,,2061,,,,,,,,,-2269.7210735329777,,,,,,0.1959977792225978,0.1959977792225978,,,,,,
754,1,DDP,,Exp_Palmito,,,2062,,,,,,,,,-2269.7210735329777,,,,,,0.1994869324770037,0.1994869324770037,,,,,,
754,1,DDP,,Exp_Palmito,,,2063,,,,,,,,,-2269.7210735329777,,,,,,0.202999454633793,0.202999454633793,,,,,,
754,1,DDP,,Exp_Palmito,,,2064,,,,,,,,,-2269.7210735329777,,,,,,0.2065359401600158,0.2065359401600158,,,,,,
754,1,DDP,,Exp_Palmito,,,2065,,,,,,,,,-2269.7210735329777,,,,,,0.2100868969630945,0.2100868969630945,,,,,,
754,1,DDP,,Exp_Palmito,,,2066,,,,,,,,,-2269.7210735329777,,,,,,0.2136510251318944,0.2136510251318944,,,,,,
754,1,DDP,,Exp_Palmito,,,2067,,,,,,,,,-2269.7210735329777,,,,,,0.2172234594539897,0.2172234594539897,,,,,,
754,1,DDP,,Exp_Palmito,,,2068,,,,,,,,,-2269.7210735329777,,,,,,0.2208104777215634,0.2208104777215634,,,,,,
754,1,DDP,,Exp_Palmito,,,2069,,,,,,,,,-2269.7210735329777,,,,,,0.2244099184493966,0.2244099184493966,,,,,,
754,1,DDP,,Exp_Palmito,,,2070,,,,,,,,,-2269.7210735329777,,,,,,0.2280194067717187,0.2280194067717187,,,,,,
754,1,DDP,,Exp_Legumbres,,,2018,,,,,,,,,-4918.84798,,,,,,0.0093159,0.0093159,,,,,,
754,1,DDP,,Exp_Legumbres,,,2019,,,,,,,,,-5119.900000000001,,,,,,0.00244827,0.00244827,,,,,,
754,1,DDP,,Exp_Legumbres,,,2020,,,,,,,,,-5066.122733,,,,,,0.01096326,0.01096326,,,,,,
754,1,DDP,,Exp_Legumbres,,,2021,,,,,,,,,-6930.496174,,,,,,0.01110978,0.01110978,,,,,,
754,1,DDP,,Exp_Legumbres,,,2022,,,,,,,,,-6930.496174,,,,,,0.0110552551930091,0.0110552551930091,,,,,,
754,1,DDP,,Exp_Legumbres,,,2023,,,,,,,,,-6930.496174,,,,,,0.0105867537623316,0.0105867537623316,,,,,,
754,1,DDP,,Exp_Legumbres,,,2024,,,,,,,,,-6930.496174,,,,,,0.0125228434639812,0.0125228434639812,,,,,,
754,1,DDP,,Exp_Legumbres,,,2025,,,,,,,,,-6930.496174,,,,,,0.0122556057864604,0.0122556057864604,,,,,,
754,1,DDP,,Exp_Legumbres,,,2026,,,,,,,,,-6930.496174,,,,,,0.0144749059889461,0.0144749059889461,,,,,,
754,1,DDP,,Exp_Legumbres,,,2027,,,,,,,,,-6930.496174,,,,,,0.01534504097969,0.01534504097969,,,,,,
754,1,DDP,,Exp_Legumbres,,,2028,,,,,,,,,-6930.496174,,,,,,0.016304088774087,0.016304088774087,,,,,,
754,1,DDP,,Exp_Legumbres,,,2029,,,,,,,,,-6930.496174,,,,,,0.0171458054895069,0.0171458054895069,,,,,,
754,1,DDP,,Exp_Legumbres,,,2030,,,,,,,,,-6930.496174,,,,,,0.0182309096963782,0.0182309096963782,,,,,,
754,1,DDP,,Exp_Legumbres,,,2031,,,,,,,,,-6930.496174,,,,,,0.0170249030989525,0.0170249030989525,,,,,,
754,1,DDP,,Exp_Legumbres,,,2032,,,,,,,,,-6930.496174,,,,,,0.0177372930507731,0.0177372930507731,,,,,,
754,1,DDP,,Exp_Legumbres,,,2033,,,,,,,,,-6930.496174,,,,,,0.0187050859363772,0.0187050859363772,,,,,,
754,1,DDP,,Exp_Legumbres,,,2034,,,,,,,,,-6930.496174,,,,,,0.019329876361815,0.019329876361815,,,,,,
754,1,DDP,,Exp_Legumbres,,,2035,,,,,,,,,-6930.496174,,,,,,0.0199269753237185,0.0199269753237185,,,,,,
754,1,DDP,,Exp_Legumbres,,,2036,,,,,,,,,-6930.496174,,,,,,0.0205067447796101,0.0205067447796101,,,,,,
754,1,DDP,,Exp_Legumbres,,,2037,,,,,,,,,-6930.496174,,,,,,0.0209682481670731,0.0209682481670731,,,,,,
754,1,DDP,,Exp_Legumbres,,,2038,,,,,,,,,-6930.496174,,,,,,0.0213334115516789,0.0213334115516789,,,,,,
754,1,DDP,,Exp_Legumbres,,,2039,,,,,,,,,-6930.496174,,,,,,0.0220415041563999,0.0220415041563999,,,,,,
754,1,DDP,,Exp_Legumbres,,,2040,,,,,,,,,-6930.496174,,,,,,0.022689741848911,0.022689741848911,,,,,,
754,1,DDP,,Exp_Legumbres,,,2041,,,,,,,,,-6930.496174,,,,,,0.0233001682109378,0.0233001682109378,,,,,,
754,1,DDP,,Exp_Legumbres,,,2042,,,,,,,,,-6930.496174,,,,,,0.0238955709059065,0.0238955709059065,,,,,,
754,1,DDP,,Exp_Legumbres,,,2043,,,,,,,,,-6930.496174,,,,,,0.0243779325558864,0.0243779325558864,,,,,,
754,1,DDP,,Exp_Legumbres,,,2044,,,,,,,,,-6930.496174,,,,,,0.0249752253103932,0.0249752253103932,,,,,,
754,1,DDP,,Exp_Legumbres,,,2045,,,,,,,,,-6930.496174,,,,,,0.0255138102329685,0.0255138102329685,,,,,,
754,1,DDP,,Exp_Legumbres,,,2046,,,,,,,,,-6930.496174,,,,,,0.0262061917363848,0.0262061917363848,,,,,,
754,1,DDP,,Exp_Legumbres,,,2047,,,,,,,,,-6930.496174,,,,,,0.0267871162452856,0.0267871162452856,,,,,,
754,1,DDP,,Exp_Legumbres,,,2048,,,,,,,,,-6930.496174,,,,,,0.0273560266573651,0.0273560266573651,,,,,,
754,1,DDP,,Exp_Legumbres,,,2049,,,,,,,,,-6930.496174,,,,,,0.0279432828757006,0.0279432828757006,,,,,,
754,1,DDP,,Exp_Legumbres,,,2050,,,,,,,,,-6930.496174,,,,,,0.0285375549855379,0.0285375549855379,,,,,,
754,1,DDP,,Exp_Legumbres,,,2051,,,,,,,,,-6930.496174,,,,,,0.029206098906791,0.029206098906791,,,,,,
754,1,DDP,,Exp_Legumbres,,,2052,,,,,,,,,-6930.496174,,,,,,0.029830114824121,0.029830114824121,,,,,,
754,1,DDP,,Exp_Legumbres,,,2053,,,,,,,,,-6930.496174,,,,,,0.0304599795032885,0.0304599795032885,,,,,,
754,1,DDP,,Exp_Legumbres,,,2054,,,,,,,,,-6930.496174,,,,,,0.0311072880348978,0.0311072880348978,,,,,,
754,1,DDP,,Exp_Legumbres,,,2055,,,,,,,,,-6930.496174,,,,,,0.0317618027959277,0.0317618027959277,,,,,,
754,1,DDP,,Exp_Legumbres,,,2056,,,,,,,,,-6930.496174,,,,,,0.0324353216501176,0.0324353216501176,,,,,,
754,1,DDP,,Exp_Legumbres,,,2057,,,,,,,,,-6930.496174,,,,,,0.0330950586476874,0.0330950586476874,,,,,,
754,1,DDP,,Exp_Legumbres,,,2058,,,,,,,,,-6930.496174,,,,,,0.0337643379350097,0.0337643379350097,,,,,,
754,1,DDP,,Exp_Legumbres,,,2059,,,,,,,,,-6930.496174,,,,,,0.0344427124647193,0.0344427124647193,,,,,,
754,1,DDP,,Exp_Legumbres,,,2060,,,,,,,,,-6930.496174,,,,,,0.0351271430082027,0.0351271430082027,,,,,,
754,1,DDP,,Exp_Legumbres,,,2061,,,,,,,,,-6930.496174,,,,,,0.0358148407119714,0.0358148407119714,,,,,,
754,1,DDP,,Exp_Legumbres,,,2062,,,,,,,,,-6930.496174,,,,,,0.0365077429544948,0.0365077429544948,,,,,,
754,1,DDP,,Exp_Legumbres,,,2063,,,,,,,,,-6930.496174,,,,,,0.0372066786408716,0.0372066786408716,,,,,,
754,1,DDP,,Exp_Legumbres,,,2064,,,,,,,,,-6930.496174,,,,,,0.037911767589087,0.037911767589087,,,,,,
754,1,DDP,,Exp_Legumbres,,,2065,,,,,,,,,-6930.496174,,,,,,0.038621275939671,0.038621275939671,,,,,,
754,1,DDP,,Exp_Legumbres,,,2066,,,,,,,,,-6930.496174,,,,,,0.0393349676177778,0.0393349676177778,,,,,,
754,1,DDP,,Exp_Legumbres,,,2067,,,,,,,,,-6930.496174,,,,,,0.0400519477337698,0.0400519477337698,,,,,,
754,1,DDP,,Exp_Legumbres,,,2068,,,,,,,,,-6930.496174,,,,,,0.0407733736838257,0.0407733736838257,,,,,,
754,1,DDP,,Exp_Legumbres,,,2069,,,,,,,,,-6930.496174,,,,,,0.0414988490548784,0.0414988490548784,,,,,,
754,1,DDP,,Exp_Legumbres,,,2070,,,,,,,,,-6930.496174,,,,,,0.0422279355596299,0.0422279355596299,,,,,,
754,1,DDP,,Exp_Cereales,,,2018,,,,,,,,,-2483.7224805738515,,,,,,0.0017021578365,0.0017021578365,,,,,,
754,1,DDP,,Exp_Cereales,,,2019,,,,,,,,,-2560.450190248913,,,,,,0.002365007733,0.002365007733,,,,,,
754,1,DDP,,Exp_Cereales,,,2020,,,,,,,,,-2542.447983427761,,,,,,0.0017804449575,0.0017804449575,,,,,,
754,1,DDP,,Exp_Cereales,,,2021,,,,,,,,,-2348.188658162914,,,,,,0.001424885517,0.001424885517,,,,,,
754,1,DDP,,Exp_Cereales,,,2022,,,,,,,,,-2348.188658162914,,,,,,0.0014178924345268,0.0014178924345268,,,,,,
754,1,DDP,,Exp_Cereales,,,2023,,,,,,,,,-2348.188658162914,,,,,,0.0013513073072797,0.0013513073072797,,,,,,
754,1,DDP,,Exp_Cereales,,,2024,,,,,,,,,-2348.188658162914,,,,,,0.001594630919834,0.001594630919834,,,,,,
754,1,DDP,,Exp_Cereales,,,2025,,,,,,,,,-2348.188658162914,,,,,,0.0015569077690403,0.0015569077690403,,,,,,
754,1,DDP,,Exp_Cereales,,,2026,,,,,,,,,-2348.188658162914,,,,,,0.0018345081622186,0.0018345081622186,,,,,,
754,1,DDP,,Exp_Cereales,,,2027,,,,,,,,,-2348.188658162914,,,,,,0.0019402273619735,0.0019402273619735,,,,,,
754,1,DDP,,Exp_Cereales,,,2028,,,,,,,,,-2348.188658162914,,,,,,0.0020566795210657,0.0020566795210657,,,,,,
754,1,DDP,,Exp_Cereales,,,2029,,,,,,,,,-2348.188658162914,,,,,,0.0021578353921541,0.0021578353921541,,,,,,
754,1,DDP,,Exp_Cereales,,,2030,,,,,,,,,-2348.188658162914,,,,,,0.0022890952102967,0.0022890952102967,,,,,,
754,1,DDP,,Exp_Cereales,,,2031,,,,,,,,,-2348.188658162914,,,,,,0.0021327502264588,0.0021327502264588,,,,,,
754,1,DDP,,Exp_Cereales,,,2032,,,,,,,,,-2348.188658162914,,,,,,0.0022169056924661,0.0022169056924661,,,,,,
754,1,DDP,,Exp_Cereales,,,2033,,,,,,,,,-2348.188658162914,,,,,,0.0023325382615091,0.0023325382615091,,,,,,
754,1,DDP,,Exp_Cereales,,,2034,,,,,,,,,-2348.188658162914,,,,,,0.0024049827360662,0.0024049827360662,,,,,,
754,1,DDP,,Exp_Cereales,,,2035,,,,,,,,,-2348.188658162914,,,,,,0.0024736752315224,0.0024736752315224,,,,,,
754,1,DDP,,Exp_Cereales,,,2036,,,,,,,,,-2348.188658162914,,,,,,0.0025399255814547,0.0025399255814547,,,,,,
754,1,DDP,,Exp_Cereales,,,2037,,,,,,,,,-2348.188658162914,,,,,,0.0025912773899774,0.0025912773899774,,,,,,
754,1,DDP,,Exp_Cereales,,,2038,,,,,,,,,-2348.188658162914,,,,,,0.0026305347955722,0.0026305347955722,,,,,,
754,1,DDP,,Exp_Cereales,,,2039,,,,,,,,,-2348.188658162914,,,,,,0.0027118234101886,0.0027118234101886,,,,,,
754,1,DDP,,Exp_Cereales,,,2040,,,,,,,,,-2348.188658162914,,,,,,0.002785419381957,0.002785419381957,,,,,,
754,1,DDP,,Exp_Cereales,,,2041,,,,,,,,,-2348.188658162914,,,,,,0.0028540747720456,0.0028540747720456,,,,,,
754,1,DDP,,Exp_Cereales,,,2042,,,,,,,,,-2348.188658162914,,,,,,0.0029206082761046,0.0029206082761046,,,,,,
754,1,DDP,,Exp_Cereales,,,2043,,,,,,,,,-2348.188658162914,,,,,,0.0029730807710235,0.0029730807710235,,,,,,
754,1,DDP,,Exp_Cereales,,,2044,,,,,,,,,-2348.188658162914,,,,,,0.0030393273803933,0.0030393273803933,,,,,,
754,1,DDP,,Exp_Cereales,,,2045,,,,,,,,,-2348.188658162914,,,,,,0.0030981745538394,0.0030981745538394,,,,,,
754,1,DDP,,Exp_Cereales,,,2046,,,,,,,,,-2348.188658162914,,,,,,0.0031754201905247,0.0031754201905247,,,,,,
754,1,DDP,,Exp_Cereales,,,2047,,,,,,,,,-2348.188658162914,,,,,,0.0032388749259749,0.0032388749259749,,,,,,
754,1,DDP,,Exp_Cereales,,,2048,,,,,,,,,-2348.188658162914,,,,,,0.0033006261155206,0.0033006261155206,,,,,,
754,1,DDP,,Exp_Cereales,,,2049,,,,,,,,,-2348.188658162914,,,,,,0.0033643407791129,0.0033643407791129,,,,,,
754,1,DDP,,Exp_Cereales,,,2050,,,,,,,,,-2348.188658162914,,,,,,0.0034286461293611,0.0034286461293611,,,,,,
754,1,DDP,,Exp_Cereales,,,2051,,,,,,,,,-2348.188658162914,,,,,,0.003501602840176,0.003501602840176,,,,,,
754,1,DDP,,Exp_Cereales,,,2052,,,,,,,,,-2348.188658162914,,,,,,0.0035689440802038,0.0035689440802038,,,,,,
754,1,DDP,,Exp_Cereales,,,2053,,,,,,,,,-2348.188658162914,,,,,,0.0036367205643888,0.0036367205643888,,,,,,
754,1,DDP,,Exp_Cereales,,,2054,,,,,,,,,-2348.188658162914,,,,,,0.0037063120215652,0.0037063120215652,,,,,,
754,1,DDP,,Exp_Cereales,,,2055,,,,,,,,,-2348.188658162914,,,,,,0.0037764908894697,0.0037764908894697,,,,,,
754,1,DDP,,Exp_Cereales,,,2056,,,,,,,,,-2348.188658162914,,,,,,0.0038486543842211,0.0038486543842211,,,,,,
754,1,DDP,,Exp_Cereales,,,2057,,,,,,,,,-2348.188658162914,,,,,,0.0039189089746419,0.0039189089746419,,,,,,
754,1,DDP,,Exp_Cereales,,,2058,,,,,,,,,-2348.188658162914,,,,,,0.0039900235616539,0.0039900235616539,,,,,,
754,1,DDP,,Exp_Cereales,,,2059,,,,,,,,,-2348.188658162914,,,,,,0.0040619411297076,0.0040619411297076,,,,,,
754,1,DDP,,Exp_Cereales,,,2060,,,,,,,,,-2348.188658162914,,,,,,0.0041343000557728,0.0041343000557728,,,,,,
754,1,DDP,,Exp_Cereales,,,2061,,,,,,,,,-2348.188658162914,,,,,,0.0042067710495992,0.0042067710495992,,,,,,
754,1,DDP,,Exp_Cereales,,,2062,,,,,,,,,-2348.188658162914,,,,,,0.0042795814909784,0.0042795814909784,,,,,,
754,1,DDP,,Exp_Cereales,,,2063,,,,,,,,,-2348.188658162914,,,,,,0.0043528272662385,0.0043528272662385,,,,,,
754,1,DDP,,Exp_Cereales,,,2064,,,,,,,,,-2348.188658162914,,,,,,0.0044265207142367,0.0044265207142367,,,,,,
754,1,DDP,,Exp_Cereales,,,2065,,,,,,,,,-2348.188658162914,,,,,,0.0045004580787644,0.0045004580787644,,,,,,
754,1,DDP,,Exp_Cereales,,,2066,,,,,,,,,-2348.188658162914,,,,,,0.0045746114045517,0.0045746114045517,,,,,,
754,1,DDP,,Exp_Cereales,,,2067,,,,,,,,,-2348.188658162914,,,,,,0.0046488764881349,0.0046488764881349,,,,,,
754,1,DDP,,Exp_Cereales,,,2068,,,,,,,,,-2348.188658162914,,,,,,0.0047233876869619,0.0047233876869619,,,,,,
754,1,DDP,,Exp_Cereales,,,2069,,,,,,,,,-2348.188658162914,,,,,,0.0047980986625102,0.0047980986625102,,,,,,
754,1,DDP,,Exp_Cereales,,,2070,,,,,,,,,-2348.188658162914,,,,,,0.0048729586047003,0.0048729586047003,,,,,,
754,1,DDP,,Exp_Tuberculos,,,2018,,,,,,,,,-7226.628153,,,,,,0.00035838,0.00035838,,,,,,
754,1,DDP,,Exp_Tuberculos,,,2019,,,,,,,,,-4686.8,,,,,,0.00021186,0.00021186,,,,,,
754,1,DDP,,Exp_Tuberculos,,,2020,,,,,,,,,-1890.546284,,,,,,0.00116622,0.00116622,,,,,,
754,1,DDP,,Exp_Tuberculos,,,2021,,,,,,,,,-2740.019127,,,,,,0.00053361,0.00053361,,,,,,
754,1,DDP,,Exp_Tuberculos,,,2022,,,,,,,,,-2740.019127,,,,,,0.0005309911378571,0.0005309911378571,,,,,,
754,1,DDP,,Exp_Tuberculos,,,2023,,,,,,,,,-2740.019127,,,,,,0.0005084887077078,0.0005084887077078,,,,,,
754,1,DDP,,Exp_Tuberculos,,,2024,,,,,,,,,-2740.019127,,,,,,0.0006014803624207,0.0006014803624207,,,,,,
754,1,DDP,,Exp_Tuberculos,,,2025,,,,,,,,,-2740.019127,,,,,,0.0005886447619767,0.0005886447619767,,,,,,
754,1,DDP,,Exp_Tuberculos,,,2026,,,,,,,,,-2740.019127,,,,,,0.0006952392022849,0.0006952392022849,,,,,,
754,1,DDP,,Exp_Tuberculos,,,2027,,,,,,,,,-2740.019127,,,,,,0.0007370323550216,0.0007370323550216,,,,,,
754,1,DDP,,Exp_Tuberculos,,,2028,,,,,,,,,-2740.019127,,,,,,0.0007830960478732,0.0007830960478732,,,,,,
754,1,DDP,,Exp_Tuberculos,,,2029,,,,,,,,,-2740.019127,,,,,,0.0008235242522584,0.0008235242522584,,,,,,
754,1,DDP,,Exp_Tuberculos,,,2030,,,,,,,,,-2740.019127,,,,,,0.0008756425170511,0.0008756425170511,,,,,,
754,1,DDP,,Exp_Tuberculos,,,2031,,,,,,,,,-2740.019127,,,,,,0.0008177172313612,0.0008177172313612,,,,,,
754,1,DDP,,Exp_Tuberculos,,,2032,,,,,,,,,-2740.019127,,,,,,0.0008519337867018,0.0008519337867018,,,,,,
754,1,DDP,,Exp_Tuberculos,,,2033,,,,,,,,,-2740.019127,,,,,,0.0008984175120038,0.0008984175120038,,,,,,
754,1,DDP,,Exp_Tuberculos,,,2034,,,,,,,,,-2740.019127,,,,,,0.0009284266047959,0.0009284266047959,,,,,,
754,1,DDP,,Exp_Tuberculos,,,2035,,,,,,,,,-2740.019127,,,,,,0.0009571056584818,0.0009571056584818,,,,,,
754,1,DDP,,Exp_Tuberculos,,,2036,,,,,,,,,-2740.019127,,,,,,0.0009849523646597,0.0009849523646597,,,,,,
754,1,DDP,,Exp_Tuberculos,,,2037,,,,,,,,,-2740.019127,,,,,,0.0010071186742161,0.0010071186742161,,,,,,
754,1,DDP,,Exp_Tuberculos,,,2038,,,,,,,,,-2740.019127,,,,,,0.001024657710422,0.001024657710422,,,,,,
754,1,DDP,,Exp_Tuberculos,,,2039,,,,,,,,,-2740.019127,,,,,,0.0010586678613704,0.0010586678613704,,,,,,
754,1,DDP,,Exp_Tuberculos,,,2040,,,,,,,,,-2740.019127,,,,,,0.0010898031417361,0.0010898031417361,,,,,,
754,1,DDP,,Exp_Tuberculos,,,2041,,,,,,,,,-2740.019127,,,,,,0.0011191223191673,0.0011191223191673,,,,,,
754,1,DDP,,Exp_Tuberculos,,,2042,,,,,,,,,-2740.019127,,,,,,0.0011477199000431,0.0011477199000431,,,,,,
754,1,DDP,,Exp_Tuberculos,,,2043,,,,,,,,,-2740.019127,,,,,,0.0011708880455911,0.0011708880455911,,,,,,
754,1,DDP,,Exp_Tuberculos,,,2044,,,,,,,,,-2740.019127,,,,,,0.0011995764072628,0.0011995764072628,,,,,,
754,1,DDP,,Exp_Tuberculos,,,2045,,,,,,,,,-2740.019127,,,,,,0.0012254449933674,0.0012254449933674,,,,,,
754,1,DDP,,Exp_Tuberculos,,,2046,,,,,,,,,-2740.019127,,,,,,0.0012587005298442,0.0012587005298442,,,,,,
754,1,DDP,,Exp_Tuberculos,,,2047,,,,,,,,,-2740.019127,,,,,,0.0012866027139734,0.0012866027139734,,,,,,
754,1,DDP,,Exp_Tuberculos,,,2048,,,,,,,,,-2740.019127,,,,,,0.0013139278531741,0.0013139278531741,,,,,,
754,1,DDP,,Exp_Tuberculos,,,2049,,,,,,,,,-2740.019127,,,,,,0.0013421341534487,0.0013421341534487,,,,,,
754,1,DDP,,Exp_Tuberculos,,,2050,,,,,,,,,-2740.019127,,,,,,0.0013706774315811,0.0013706774315811,,,,,,
754,1,DDP,,Exp_Tuberculos,,,2051,,,,,,,,,-2740.019127,,,,,,0.0014027880333951,0.0014027880333951,,,,,,
754,1,DDP,,Exp_Tuberculos,,,2052,,,,,,,,,-2740.019127,,,,,,0.0014327599260562,0.0014327599260562,,,,,,
754,1,DDP,,Exp_Tuberculos,,,2053,,,,,,,,,-2740.019127,,,,,,0.0014630127385736,0.0014630127385736,,,,,,
754,1,DDP,,Exp_Tuberculos,,,2054,,,,,,,,,-2740.019127,,,,,,0.0014941033907334,0.0014941033907334,,,,,,
754,1,DDP,,Exp_Tuberculos,,,2055,,,,,,,,,-2740.019127,,,,,,0.0015255401628056,0.0015255401628056,,,,,,
754,1,DDP,,Exp_Tuberculos,,,2056,,,,,,,,,-2740.019127,,,,,,0.0015578897139024,0.0015578897139024,,,,,,
754,1,DDP,,Exp_Tuberculos,,,2057,,,,,,,,,-2740.019127,,,,,,0.0015895773134116,0.0015895773134116,,,,,,
754,1,DDP,,Exp_Tuberculos,,,2058,,,,,,,,,-2740.019127,,,,,,0.0016217232353388,0.0016217232353388,,,,,,
754,1,DDP,,Exp_Tuberculos,,,2059,,,,,,,,,-2740.019127,,,,,,0.0016543060077066,0.0016543060077066,,,,,,
754,1,DDP,,Exp_Tuberculos,,,2060,,,,,,,,,-2740.019127,,,,,,0.0016871796543773,0.0016871796543773,,,,,,
754,1,DDP,,Exp_Tuberculos,,,2061,,,,,,,,,-2740.019127,,,,,,0.0017202102248934,0.0017202102248934,,,,,,
754,1,DDP,,Exp_Tuberculos,,,2062,,,,,,,,,-2740.019127,,,,,,0.0017534907728098,0.0017534907728098,,,,,,
754,1,DDP,,Exp_Tuberculos,,,2063,,,,,,,,,-2740.019127,,,,,,0.0017870611109811,0.0017870611109811,,,,,,
754,1,DDP,,Exp_Tuberculos,,,2064,,,,,,,,,-2740.019127,,,,,,0.0018209269943432,0.0018209269943432,,,,,,
754,1,DDP,,Exp_Tuberculos,,,2065,,,,,,,,,-2740.019127,,,,,,0.0018550051444914,0.0018550051444914,,,,,,
754,1,DDP,,Exp_Tuberculos,,,2066,,,,,,,,,-2740.019127,,,,,,0.001889284222597,0.001889284222597,,,,,,
754,1,DDP,,Exp_Tuberculos,,,2067,,,,,,,,,-2740.019127,,,,,,0.0019237212465248,0.0019237212465248,,,,,,
754,1,DDP,,Exp_Tuberculos,,,2068,,,,,,,,,-2740.019127,,,,,,0.0019583718067708,0.0019583718067708,,,,,,
754,1,DDP,,Exp_Tuberculos,,,2069,,,,,,,,,-2740.019127,,,,,,0.0019932168633559,0.0019932168633559,,,,,,
754,1,DDP,,Exp_Tuberculos,,,2070,,,,,,,,,-2740.019127,,,,,,0.0020282353650545,0.0020282353650545,,,,,,
754,1,DDP,,Exp_Fruta,,,2018,,,,,,,,,-6590.90103,,,,,,0.19069549176,0.19069549176,,,,,,
754,1,DDP,,Exp_Fruta,,,2019,,,,,,,,,-9486.4,,,,,,0.0780285225,0.0780285225,,,,,,
754,1,DDP,,Exp_Fruta,,,2020,,,,,,,,,-5568.946135,,,,,,0.1612153527244986,0.1612153527244986,,,,,,
754,1,DDP,,Exp_Fruta,,,2021,,,,,,,,,-3307.67577,,,,,,0.2776434403062963,0.2776434403062963,,,,,,
754,1,DDP,,Exp_Fruta,,,2022,,,,,,,,,-3307.67577,,,,,,0.2762808161143677,0.2762808161143677,,,,,,
754,1,DDP,,Exp_Fruta,,,2023,,,,,,,,,-3307.67577,,,,,,0.263593324733944,0.263593324733944,,,,,,
754,1,DDP,,Exp_Fruta,,,2024,,,,,,,,,-3307.67577,,,,,,0.3112259693242144,0.3112259693242144,,,,,,
754,1,DDP,,Exp_Fruta,,,2025,,,,,,,,,-3307.67577,,,,,,0.3040277318094076,0.3040277318094076,,,,,,
754,1,DDP,,Exp_Fruta,,,2026,,,,,,,,,-3307.67577,,,,,,0.3584296539171489,0.3584296539171489,,,,,,
754,1,DDP,,Exp_Fruta,,,2027,,,,,,,,,-3307.67577,,,,,,0.3792889479279706,0.3792889479279706,,,,,,
754,1,DDP,,Exp_Fruta,,,2028,,,,,,,,,-3307.67577,,,,,,0.4022691948180377,0.4022691948180377,,,,,,
754,1,DDP,,Exp_Fruta,,,2029,,,,,,,,,-3307.67577,,,,,,0.422279858970646,0.422279858970646,,,,,,
754,1,DDP,,Exp_Fruta,,,2030,,,,,,,,,-3307.67577,,,,,,0.4482054497436591,0.4482054497436591,,,,,,
754,1,DDP,,Exp_Fruta,,,2031,,,,,,,,,-3307.67577,,,,,,0.4178147938476125,0.4178147938476125,,,,,,
754,1,DDP,,Exp_Fruta,,,2032,,,,,,,,,-3307.67577,,,,,,0.4345311335421613,0.4345311335421613,,,,,,
754,1,DDP,,Exp_Fruta,,,2033,,,,,,,,,-3307.67577,,,,,,0.4574373749573432,0.4574373749573432,,,,,,
754,1,DDP,,Exp_Fruta,,,2034,,,,,,,,,-3307.67577,,,,,,0.4718928000730873,0.4718928000730873,,,,,,
754,1,DDP,,Exp_Fruta,,,2035,,,,,,,,,-3307.67577,,,,,,0.4856259872934119,0.4856259872934119,,,,,,
754,1,DDP,,Exp_Fruta,,,2036,,,,,,,,,-3307.67577,,,,,,0.498893006760363,0.498893006760363,,,,,,
754,1,DDP,,Exp_Fruta,,,2037,,,,,,,,,-3307.67577,,,,,,0.5092450933239733,0.5092450933239733,,,,,,
754,1,DDP,,Exp_Fruta,,,2038,,,,,,,,,-3307.67577,,,,,,0.5172289949553994,0.5172289949553994,,,,,,
754,1,DDP,,Exp_Fruta,,,2039,,,,,,,,,-3307.67577,,,,,,0.5334889463168329,0.5334889463168329,,,,,,
754,1,DDP,,Exp_Fruta,,,2040,,,,,,,,,-3307.67577,,,,,,0.5482506659399429,0.5482506659399429,,,,,,
754,1,DDP,,Exp_Fruta,,,2041,,,,,,,,,-3307.67577,,,,,,0.5620537186857935,0.5620537186857935,,,,,,
754,1,DDP,,Exp_Fruta,,,2042,,,,,,,,,-3307.67577,,,,,,0.5754519246365636,0.5754519246365636,,,,,,
754,1,DDP,,Exp_Fruta,,,2043,,,,,,,,,-3307.67577,,,,,,0.5860910037427497,0.5860910037427497,,,,,,
754,1,DDP,,Exp_Fruta,,,2044,,,,,,,,,-3307.67577,,,,,,0.5994566735823899,0.5994566735823899,,,,,,
754,1,DDP,,Exp_Fruta,,,2045,,,,,,,,,-3307.67577,,,,,,0.6113747948974815,0.6113747948974815,,,,,,
754,1,DDP,,Exp_Fruta,,,2046,,,,,,,,,-3307.67577,,,,,,0.6269364834004383,0.6269364834004383,,,,,,
754,1,DDP,,Exp_Fruta,,,2047,,,,,,,,,-3307.67577,,,,,,0.6397887211211635,0.6397887211211635,,,,,,
754,1,DDP,,Exp_Fruta,,,2048,,,,,,,,,-3307.67577,,,,,,0.6523161989544788,0.6523161989544788,,,,,,
754,1,DDP,,Exp_Fruta,,,2049,,,,,,,,,-3307.67577,,,,,,0.6652434590489171,0.6652434590489171,,,,,,
754,1,DDP,,Exp_Fruta,,,2050,,,,,,,,,-3307.67577,,,,,,0.6782994632004486,0.6782994632004486,,,,,,
754,1,DDP,,Exp_Fruta,,,2051,,,,,,,,,-3307.67577,,,,,,0.6930798116923176,0.6930798116923176,,,,,,
754,1,DDP,,Exp_Fruta,,,2052,,,,,,,,,-3307.67577,,,,,,0.7067617533907726,0.7067617533907726,,,,,,
754,1,DDP,,Exp_Fruta,,,2053,,,,,,,,,-3307.67577,,,,,,0.7205424046173916,0.7205424046173916,,,,,,
754,1,DDP,,Exp_Fruta,,,2054,,,,,,,,,-3307.67577,,,,,,0.7346953510901261,0.7346953510901261,,,,,,
754,1,DDP,,Exp_Fruta,,,2055,,,,,,,,,-3307.67577,,,,,,0.7489776255738572,0.7489776255738572,,,,,,
754,1,DDP,,Exp_Fruta,,,2056,,,,,,,,,-3307.67577,,,,,,0.763666597329917,0.763666597329917,,,,,,
754,1,DDP,,Exp_Fruta,,,2057,,,,,,,,,-3307.67577,,,,,,0.7779898512689045,0.7779898512689045,,,,,,
754,1,DDP,,Exp_Fruta,,,2058,,,,,,,,,-3307.67577,,,,,,0.7924967404885432,0.7924967404885432,,,,,,
754,1,DDP,,Exp_Fruta,,,2059,,,,,,,,,-3307.67577,,,,,,0.8071761411792743,0.8071761411792743,,,,,,
754,1,DDP,,Exp_Fruta,,,2060,,,,,,,,,-3307.67577,,,,,,0.8219563462323127,0.8219563462323127,,,,,,
754,1,DDP,,Exp_Fruta,,,2061,,,,,,,,,-3307.67577,,,,,,0.8367719389308605,0.8367719389308605,,,,,,
754,1,DDP,,Exp_Fruta,,,2062,,,,,,,,,-3307.67577,,,,,,0.8516681563548343,0.8516681563548343,,,,,,
754,1,DDP,,Exp_Fruta,,,2063,,,,,,,,,-3307.67577,,,,,,0.8666641424692301,0.8666641424692301,,,,,,
754,1,DDP,,Exp_Fruta,,,2064,,,,,,,,,-3307.67577,,,,,,0.881762435228034,0.881762435228034,,,,,,
754,1,DDP,,Exp_Fruta,,,2065,,,,,,,,,-3307.67577,,,,,,0.8969225101072331,0.8969225101072331,,,,,,
754,1,DDP,,Exp_Fruta,,,2066,,,,,,,,,-3307.67577,,,,,,0.912138817405379,0.912138817405379,,,,,,
754,1,DDP,,Exp_Fruta,,,2067,,,,,,,,,-3307.67577,,,,,,0.9273905861053127,0.9273905861053127,,,,,,
754,1,DDP,,Exp_Fruta,,,2068,,,,,,,,,-3307.67577,,,,,,0.9427046179409904,0.9427046179409904,,,,,,
754,1,DDP,,Exp_Fruta,,,2069,,,,,,,,,-3307.67577,,,,,,0.958071684898802,0.958071684898802,,,,,,
754,1,DDP,,Exp_Fruta,,,2070,,,,,,,,,-3307.67577,,,,,,0.9734816479810287,0.9734816479810287,,,,,,
754,1,DDP,,Exp_Verduras,,,2018,,,,,,,,,-6398.26977,,,,,,0.07327077377796,0.07327077377796,,,,,,
754,1,DDP,,Exp_Verduras,,,2019,,,,,,,,,-7226.099999999999,,,,,,0.0529547988816,0.0529547988816,,,,,,
754,1,DDP,,Exp_Verduras,,,2020,,,,,,,,,-3616.321766,,,,,,0.08719096105269,0.08719096105269,,,,,,
754,1,DDP,,Exp_Verduras,,,2021,,,,,,,,,-2991.523399,,,,,,0.0525673959426,0.0525673959426,,,,,,
754,1,DDP,,Exp_Verduras,,,2022,,,,,,,,,-2991.523399,,,,,,0.0523094045946357,0.0523094045946357,,,,,,
754,1,DDP,,Exp_Verduras,,,2023,,,,,,,,,-2991.523399,,,,,,0.0499072286880943,0.0499072286880943,,,,,,
754,1,DDP,,Exp_Verduras,,,2024,,,,,,,,,-2991.523399,,,,,,0.0589257168800269,0.0589257168800269,,,,,,
754,1,DDP,,Exp_Verduras,,,2025,,,,,,,,,-2991.523399,,,,,,0.0575628444090897,0.0575628444090897,,,,,,
754,1,DDP,,Exp_Verduras,,,2026,,,,,,,,,-2991.523399,,,,,,0.0678629882782236,0.0678629882782236,,,,,,
754,1,DDP,,Exp_Verduras,,,2027,,,,,,,,,-2991.523399,,,,,,0.0718123658184971,0.0718123658184971,,,,,,
754,1,DDP,,Exp_Verduras,,,2028,,,,,,,,,-2991.523399,,,,,,0.0761633122546751,0.0761633122546751,,,,,,
754,1,DDP,,Exp_Verduras,,,2029,,,,,,,,,-2991.523399,,,,,,0.0799520151479402,0.0799520151479402,,,,,,
754,1,DDP,,Exp_Verduras,,,2030,,,,,,,,,-2991.523399,,,,,,0.0865578282008024,0.0865578282008024,,,,,,
754,1,DDP,,Exp_Verduras,,,2031,,,,,,,,,-2991.523399,,,,,,0.0823025333351595,0.0823025333351595,,,,,,
754,1,DDP,,Exp_Verduras,,,2032,,,,,,,,,-2991.523399,,,,,,0.0873072804092554,0.0873072804092554,,,,,,
754,1,DDP,,Exp_Verduras,,,2033,,,,,,,,,-2991.523399,,,,,,0.0937478635795458,0.0937478635795458,,,,,,
754,1,DDP,,Exp_Verduras,,,2034,,,,,,,,,-2991.523399,,,,,,0.0986445864563166,0.0986445864563166,,,,,,
754,1,DDP,,Exp_Verduras,,,2035,,,,,,,,,-2991.523399,,,,,,0.1035456827805196,0.1035456827805196,,,,,,
754,1,DDP,,Exp_Verduras,,,2036,,,,,,,,,-2991.523399,,,,,,0.1085019804098352,0.1085019804098352,,,,,,
754,1,DDP,,Exp_Verduras,,,2037,,,,,,,,,-2991.523399,,,,,,0.1129684770055452,0.1129684770055452,,,,,,
754,1,DDP,,Exp_Verduras,,,2038,,,,,,,,,-2991.523399,,,,,,0.117034379007298,0.117034379007298,,,,,,
754,1,DDP,,Exp_Verduras,,,2039,,,,,,,,,-2991.523399,,,,,,0.1231278198077986,0.1231278198077986,,,,,,
754,1,DDP,,Exp_Verduras,,,2040,,,,,,,,,-2991.523399,,,,,,0.1290654808592301,0.1290654808592301,,,,,,
754,1,DDP,,Exp_Verduras,,,2041,,,,,,,,,-2991.523399,,,,,,0.1349612006644125,0.1349612006644125,,,,,,
754,1,DDP,,Exp_Verduras,,,2042,,,,,,,,,-2991.523399,,,,,,0.1409419663876549,0.1409419663876549,,,,,,
754,1,DDP,,Exp_Verduras,,,2043,,,,,,,,,-2991.523399,,,,,,0.1464186864503473,0.1464186864503473,,,,,,
754,1,DDP,,Exp_Verduras,,,2044,,,,,,,,,-2991.523399,,,,,,0.1527528853586029,0.1527528853586029,,,,,,
754,1,DDP,,Exp_Verduras,,,2045,,,,,,,,,-2991.523399,,,,,,0.158905644783258,0.158905644783258,,,,,,
754,1,DDP,,Exp_Verduras,,,2046,,,,,,,,,-2991.523399,,,,,,0.1662093725545104,0.1662093725545104,,,,,,
754,1,DDP,,Exp_Verduras,,,2047,,,,,,,,,-2991.523399,,,,,,0.1730090087512449,0.1730090087512449,,,,,,
754,1,DDP,,Exp_Verduras,,,2048,,,,,,,,,-2991.523399,,,,,,0.1799245700224902,0.1799245700224902,,,,,,
754,1,DDP,,Exp_Verduras,,,2049,,,,,,,,,-2991.523399,,,,,,0.1871600251410638,0.1871600251410638,,,,,,
754,1,DDP,,Exp_Verduras,,,2050,,,,,,,,,-2991.523399,,,,,,0.19464987399141,0.19464987399141,,,,,,
754,1,DDP,,Exp_Verduras,,,2051,,,,,,,,,-2991.523399,,,,,,0.2028691801153216,0.2028691801153216,,,,,,
754,1,DDP,,Exp_Verduras,,,2052,,,,,,,,,-2991.523399,,,,,,0.2110114571640744,0.2110114571640744,,,,,,
754,1,DDP,,Exp_Verduras,,,2053,,,,,,,,,-2991.523399,,,,,,0.2194283378489663,0.2194283378489663,,,,,,
754,1,DDP,,Exp_Verduras,,,2054,,,,,,,,,-2991.523399,,,,,,0.2282131325729355,0.2282131325729355,,,,,,
754,1,DDP,,Exp_Verduras,,,2055,,,,,,,,,-2991.523399,,,,,,0.2373025234251781,0.2373025234251781,,,,,,
754,1,DDP,,Exp_Verduras,,,2056,,,,,,,,,-2991.523399,,,,,,0.2467956378167123,0.2467956378167123,,,,,,
754,1,DDP,,Exp_Verduras,,,2057,,,,,,,,,-2991.523399,,,,,,0.2564530022326051,0.2564530022326051,,,,,,
754,1,DDP,,Exp_Verduras,,,2058,,,,,,,,,-2991.523399,,,,,,0.2664596863145267,0.2664596863145267,,,,,,
754,1,DDP,,Exp_Verduras,,,2059,,,,,,,,,-2991.523399,,,,,,0.2768232198299559,0.2768232198299559,,,,,,
754,1,DDP,,Exp_Verduras,,,2060,,,,,,,,,-2991.523399,,,,,,0.2875299733600797,0.2875299733600797,,,,,,
754,1,DDP,,Exp_Verduras,,,2061,,,,,,,,,-2991.523399,,,,,,0.2985668943373262,0.2985668943373262,,,,,,
754,1,DDP,,Exp_Verduras,,,2062,,,,,,,,,-2991.523399,,,,,,0.3099596230595719,0.3099596230595719,,,,,,
754,1,DDP,,Exp_Verduras,,,2063,,,,,,,,,-2991.523399,,,,,,0.3217256706064169,0.3217256706064169,,,,,,
754,1,DDP,,Exp_Verduras,,,2064,,,,,,,,,-2991.523399,,,,,,0.333877114357879,0.333877114357879,,,,,,
754,1,DDP,,Exp_Verduras,,,2065,,,,,,,,,-2991.523399,,,,,,0.3464097871075442,0.3464097871075442,,,,,,
754,1,DDP,,Exp_Verduras,,,2066,,,,,,,,,-2991.523399,,,,,,0.3593323683919928,0.3593323683919928,,,,,,
754,1,DDP,,Exp_Verduras,,,2067,,,,,,,,,-2991.523399,,,,,,0.3726475382454751,0.3726475382454751,,,,,,
754,1,DDP,,Exp_Verduras,,,2068,,,,,,,,,-2991.523399,,,,,,0.3863771011268684,0.3863771011268684,,,,,,
754,1,DDP,,Exp_Verduras,,,2069,,,,,,,,,-2991.523399,,,,,,0.4005289592335777,0.4005289592335777,,,,,,
754,1,DDP,,Exp_Verduras,,,2070,,,,,,,,,-2991.523399,,,,,,0.4151106325272669,0.4151106325272669,,,,,,
754,1,DDP,,Exp_Floricolas,,,2018,,,,,,,,,-5448.028331585925,,,,,,0.15325497,0.15325497,,,,,,
754,1,DDP,,Exp_Floricolas,,,2019,,,,,,,,,-5554.1419788213225,,,,,,0.15681699,0.15681699,,,,,,
754,1,DDP,,Exp_Floricolas,,,2020,,,,,,,,,-5409.439450602871,,,,,,0.15137793,0.15137793,,,,,,
754,1,DDP,,Exp_Floricolas,,,2021,,,,,,,,,-5526.24302970771,,,,,,0.16611705,0.16611705,,,,,,
754,1,DDP,,Exp_Floricolas,,,2022,,,,,,,,,-5526.24302970771,,,,,,0.1653017773223092,0.1653017773223092,,,,,,
754,1,DDP,,Exp_Floricolas,,,2023,,,,,,,,,-5526.24302970771,,,,,,0.1572656502911758,0.1572656502911758,,,,,,
754,1,DDP,,Exp_Floricolas,,,2024,,,,,,,,,-5526.24302970771,,,,,,0.1854229868635497,0.1854229868635497,,,,,,
754,1,DDP,,Exp_Floricolas,,,2025,,,,,,,,,-5526.24302970771,,,,,,0.1808799828399706,0.1808799828399706,,,,,,
754,1,DDP,,Exp_Floricolas,,,2026,,,,,,,,,-5526.24302970771,,,,,,0.2129472756953218,0.2129472756953218,,,,,,
754,1,DDP,,Exp_Floricolas,,,2027,,,,,,,,,-5526.24302970771,,,,,,0.22502484338833,0.22502484338833,,,,,,
754,1,DDP,,Exp_Floricolas,,,2028,,,,,,,,,-5526.24302970771,,,,,,0.2383254678149473,0.2383254678149473,,,,,,
754,1,DDP,,Exp_Floricolas,,,2029,,,,,,,,,-5526.24302970771,,,,,,0.2498323725631891,0.2498323725631891,,,,,,
754,1,DDP,,Exp_Floricolas,,,2030,,,,,,,,,-5526.24302970771,,,,,,0.2700981314067066,0.2700981314067066,,,,,,
754,1,DDP,,Exp_Floricolas,,,2031,,,,,,,,,-5526.24302970771,,,,,,0.2564635337400227,0.2564635337400227,,,,,,
754,1,DDP,,Exp_Floricolas,,,2032,,,,,,,,,-5526.24302970771,,,,,,0.2716822868108578,0.2716822868108578,,,,,,
754,1,DDP,,Exp_Floricolas,,,2033,,,,,,,,,-5526.24302970771,,,,,,0.2913210984943713,0.2913210984943713,,,,,,
754,1,DDP,,Exp_Floricolas,,,2034,,,,,,,,,-5526.24302970771,,,,,,0.3061151034013503,0.3061151034013503,,,,,,
754,1,DDP,,Exp_Floricolas,,,2035,,,,,,,,,-5526.24302970771,,,,,,0.3208822401418666,0.3208822401418666,,,,,,
754,1,DDP,,Exp_Floricolas,,,2036,,,,,,,,,-5526.24302970771,,,,,,0.3357799579730802,0.3357799579730802,,,,,,
754,1,DDP,,Exp_Floricolas,,,2037,,,,,,,,,-5526.24302970771,,,,,,0.3491234595948184,0.3491234595948184,,,,,,
754,1,DDP,,Exp_Floricolas,,,2038,,,,,,,,,-5526.24302970771,,,,,,0.3611944725909797,0.3611944725909797,,,,,,
754,1,DDP,,Exp_Floricolas,,,2039,,,,,,,,,-5526.24302970771,,,,,,0.3794817861614735,0.3794817861614735,,,,,,
754,1,DDP,,Exp_Floricolas,,,2040,,,,,,,,,-5526.24302970771,,,,,,0.3972401854227958,0.3972401854227958,,,,,,
754,1,DDP,,Exp_Floricolas,,,2041,,,,,,,,,-5526.24302970771,,,,,,0.4148217759746823,0.4148217759746823,,,,,,
754,1,DDP,,Exp_Floricolas,,,2042,,,,,,,,,-5526.24302970771,,,,,,0.4326171101308312,0.4326171101308312,,,,,,
754,1,DDP,,Exp_Floricolas,,,2043,,,,,,,,,-5526.24302970771,,,,,,0.4488196173211169,0.4488196173211169,,,,,,
754,1,DDP,,Exp_Floricolas,,,2044,,,,,,,,,-5526.24302970771,,,,,,0.4676036677049585,0.4676036677049585,,,,,,
754,1,DDP,,Exp_Floricolas,,,2045,,,,,,,,,-5526.24302970771,,,,,,0.4857828423728325,0.4857828423728325,,,,,,
754,1,DDP,,Exp_Floricolas,,,2046,,,,,,,,,-5526.24302970771,,,,,,0.5074273962781377,0.5074273962781377,,,,,,
754,1,DDP,,Exp_Floricolas,,,2047,,,,,,,,,-5526.24302970771,,,,,,0.5274774083424345,0.5274774083424345,,,,,,
754,1,DDP,,Exp_Floricolas,,,2048,,,,,,,,,-5526.24302970771,,,,,,0.5478271474153944,0.5478271474153944,,,,,,
754,1,DDP,,Exp_Floricolas,,,2049,,,,,,,,,-5526.24302970771,,,,,,0.5690956727583643,0.5690956727583643,,,,,,
754,1,DDP,,Exp_Floricolas,,,2050,,,,,,,,,-5526.24302970771,,,,,,0.5910804636233707,0.5910804636233707,,,,,,
754,1,DDP,,Exp_Floricolas,,,2051,,,,,,,,,-5526.24302970771,,,,,,0.6067752038221906,0.6067752038221906,,,,,,
754,1,DDP,,Exp_Floricolas,,,2052,,,,,,,,,-5526.24302970771,,,,,,0.6216389657808462,0.6216389657808462,,,,,,
754,1,DDP,,Exp_Floricolas,,,2053,,,,,,,,,-5526.24302970771,,,,,,0.6367170995880918,0.6367170995880918,,,,,,
754,1,DDP,,Exp_Floricolas,,,2054,,,,,,,,,-5526.24302970771,,,,,,0.652254675801208,0.652254675801208,,,,,,
754,1,DDP,,Exp_Floricolas,,,2055,,,,,,,,,-5526.24302970771,,,,,,0.6680405905935075,0.6680405905935075,,,,,,
754,1,DDP,,Exp_Floricolas,,,2056,,,,,,,,,-5526.24302970771,,,,,,0.6843260202286008,0.6843260202286008,,,,,,
754,1,DDP,,Exp_Floricolas,,,2057,,,,,,,,,-5526.24302970771,,,,,,0.7004216973361925,0.7004216973361925,,,,,,
754,1,DDP,,Exp_Floricolas,,,2058,,,,,,,,,-5526.24302970771,,,,,,0.7168209508102141,0.7168209508102141,,,,,,
754,1,DDP,,Exp_Floricolas,,,2059,,,,,,,,,-5526.24302970771,,,,,,0.7335170441332739,0.7335170441332739,,,,,,
754,1,DDP,,Exp_Floricolas,,,2060,,,,,,,,,-5526.24302970771,,,,,,0.750447770402589,0.750447770402589,,,,,,
754,1,DDP,,Exp_Floricolas,,,2061,,,,,,,,,-5526.24302970771,,,,,,0.7675554957521555,0.7675554957521555,,,,,,
754,1,DDP,,Exp_Floricolas,,,2062,,,,,,,,,-5526.24302970771,,,,,,0.7848834584215367,0.7848834584215367,,,,,,
754,1,DDP,,Exp_Floricolas,,,2063,,,,,,,,,-5526.24302970771,,,,,,0.8024515317499946,0.8024515317499946,,,,,,
754,1,DDP,,Exp_Floricolas,,,2064,,,,,,,,,-5526.24302970771,,,,,,0.8202644927918092,0.8202644927918092,,,,,,
754,1,DDP,,Exp_Floricolas,,,2065,,,,,,,,,-5526.24302970771,,,,,,0.8382869370823139,0.8382869370823139,,,,,,
754,1,DDP,,Exp_Floricolas,,,2066,,,,,,,,,-5526.24302970771,,,,,,0.8565156120066144,0.8565156120066144,,,,,,
754,1,DDP,,Exp_Floricolas,,,2067,,,,,,,,,-5526.24302970771,,,,,,0.8749328231073246,0.8749328231073246,,,,,,
754,1,DDP,,Exp_Floricolas,,,2068,,,,,,,,,-5526.24302970771,,,,,,0.893565615955445,0.893565615955445,,,,,,
754,1,DDP,,Exp_Floricolas,,,2069,,,,,,,,,-5526.24302970771,,,,,,0.9124072151770185,0.9124072151770185,,,,,,
754,1,DDP,,Exp_Floricolas,,,2070,,,,,,,,,-5526.24302970771,,,,,,0.9314498251165797,0.9314498251165797,,,,,,
754,1,DDP,,Imp_Carne,,,2018,,,,,,,,,4.576999727108288,,,,,,,0.00142206591,,,,,,
754,1,DDP,,Imp_Carne,,,2019,,,,,,,,,4.8641853781166775,,,,,,,0.001615844531,,,,,,
754,1,DDP,,Imp_Carne,,,2020,,,,,,,,,5.141452211051162,,,,,,,0.001679136609,,,,,,
754,1,DDP,,Imp_Carne,,,2021,,,,,,,,,6.0538076901983935,,,,,,,0.002253082237,,,,,,
754,1,DDP,,Imp_Carne,,,2022,,,,,,,,,6.0538076901983935,,,,,,,0.0022894287564956,,,,,,
754,1,DDP,,Imp_Carne,,,2023,,,,,,,,,6.0538076901983935,,,,,,,0.0022581122252521,,,,,,
754,1,DDP,,Imp_Carne,,,2024,,,,,,,,,6.0538076901983935,,,,,,,0.0022329092653429,,,,,,
754,1,DDP,,Imp_Carne,,,2025,,,,,,,,,6.0538076901983935,,,,,,,0.0022158055346808,,,,,,
754,1,DDP,,Imp_Carne,,,2026,,,,,,,,,6.0538076901983935,,,,,,,0.0021794030887804,,,,,,
754,1,DDP,,Imp_Carne,,,2027,,,,,,,,,6.0538076901983935,,,,,,,0.0021498728502189,,,,,,
754,1,DDP,,Imp_Carne,,,2028,,,,,,,,,6.0538076901983935,,,,,,,0.0021334032874927,,,,,,
754,1,DDP,,Imp_Carne,,,2029,,,,,,,,,6.0538076901983935,,,,,,,0.0021125538571956,,,,,,
754,1,DDP,,Imp_Carne,,,2030,,,,,,,,,6.0538076901983935,,,,,,,0.0020754161766349,,,,,,
754,1,DDP,,Imp_Carne,,,2031,,,,,,,,,6.0538076901983935,,,,,,,0.0020520817328616,,,,,,
754,1,DDP,,Imp_Carne,,,2032,,,,,,,,,6.0538076901983935,,,,,,,0.0020200362890039,,,,,,
754,1,DDP,,Imp_Carne,,,2033,,,,,,,,,6.0538076901983935,,,,,,,0.0019979375849314,,,,,,
754,1,DDP,,Imp_Carne,,,2034,,,,,,,,,6.0538076901983935,,,,,,,0.0019754738886087,,,,,,
754,1,DDP,,Imp_Carne,,,2035,,,,,,,,,6.0538076901983935,,,,,,,0.0019456024368703,,,,,,
754,1,DDP,,Imp_Carne,,,2036,,,,,,,,,6.0538076901983935,,,,,,,0.0019208434440246,,,,,,
754,1,DDP,,Imp_Carne,,,2037,,,,,,,,,6.0538076901983935,,,,,,,0.0018944218604269,,,,,,
754,1,DDP,,Imp_Carne,,,2038,,,,,,,,,6.0538076901983935,,,,,,,0.0018645296115379,,,,,,
754,1,DDP,,Imp_Carne,,,2039,,,,,,,,,6.0538076901983935,,,,,,,0.0018389563705951,,,,,,
754,1,DDP,,Imp_Carne,,,2040,,,,,,,,,6.0538076901983935,,,,,,,0.0018129537841778,,,,,,
754,1,DDP,,Imp_Carne,,,2041,,,,,,,,,6.0538076901983935,,,,,,,0.00178769856277,,,,,,
754,1,DDP,,Imp_Carne,,,2042,,,,,,,,,6.0538076901983935,,,,,,,0.0017704765775248,,,,,,
754,1,DDP,,Imp_Carne,,,2043,,,,,,,,,6.0538076901983935,,,,,,,0.0017453407337559,,,,,,
754,1,DDP,,Imp_Carne,,,2044,,,,,,,,,6.0538076901983935,,,,,,,0.0017256101865425,,,,,,
754,1,DDP,,Imp_Carne,,,2045,,,,,,,,,6.0538076901983935,,,,,,,0.0016985090580126,,,,,,
754,1,DDP,,Imp_Carne,,,2046,,,,,,,,,6.0538076901983935,,,,,,,0.0016785499229723,,,,,,
754,1,DDP,,Imp_Carne,,,2047,,,,,,,,,6.0538076901983935,,,,,,,0.0016591625024294,,,,,,
754,1,DDP,,Imp_Carne,,,2048,,,,,,,,,6.0538076901983935,,,,,,,0.0016389806361699,,,,,,
754,1,DDP,,Imp_Carne,,,2049,,,,,,,,,6.0538076901983935,,,,,,,0.0016188817051017,,,,,,
754,1,DDP,,Imp_Carne,,,2050,,,,,,,,,6.0538076901983935,,,,,,,0.0016294732745321,,,,,,
754,1,DDP,,Imp_Carne,,,2051,,,,,,,,,6.0538076901983935,,,,,,,0.0016075224396963,,,,,,
754,1,DDP,,Imp_Carne,,,2052,,,,,,,,,6.0538076901983935,,,,,,,0.0015887590940599,,,,,,
754,1,DDP,,Imp_Carne,,,2053,,,,,,,,,6.0538076901983935,,,,,,,0.0015702498244842,,,,,,
754,1,DDP,,Imp_Carne,,,2054,,,,,,,,,6.0538076901983935,,,,,,,0.0015511427435431,,,,,,
754,1,DDP,,Imp_Carne,,,2055,,,,,,,,,6.0538076901983935,,,,,,,0.001532067277358,,,,,,
754,1,DDP,,Imp_Carne,,,2056,,,,,,,,,6.0538076901983935,,,,,,,0.0015125507003166,,,,,,
754,1,DDP,,Imp_Carne,,,2057,,,,,,,,,6.0538076901983935,,,,,,,0.0014941335304926,,,,,,
754,1,DDP,,Imp_Carne,,,2058,,,,,,,,,6.0538076901983935,,,,,,,0.0014757090653636,,,,,,
754,1,DDP,,Imp_Carne,,,2059,,,,,,,,,6.0538076901983935,,,,,,,0.0014572902139738,,,,,,
754,1,DDP,,Imp_Carne,,,2060,,,,,,,,,6.0538076901983935,,,,,,,0.0014389859594181,,,,,,
754,1,DDP,,Imp_Carne,,,2061,,,,,,,,,6.0538076901983935,,,,,,,0.001420886023012,,,,,,
754,1,DDP,,Imp_Carne,,,2062,,,,,,,,,6.0538076901983935,,,,,,,0.0014029191169161,,,,,,
754,1,DDP,,Imp_Carne,,,2063,,,,,,,,,6.0538076901983935,,,,,,,0.0013850559650183,,,,,,
754,1,DDP,,Imp_Carne,,,2064,,,,,,,,,6.0538076901983935,,,,,,,0.001367288277406,,,,,,
754,1,DDP,,Imp_Carne,,,2065,,,,,,,,,6.0538076901983935,,,,,,,0.0013496705477032,,,,,,
754,1,DDP,,Imp_Carne,,,2066,,,,,,,,,6.0538076901983935,,,,,,,0.0013321992288658,,,,,,
754,1,DDP,,Imp_Carne,,,2067,,,,,,,,,6.0538076901983935,,,,,,,0.0013148934899815,,,,,,
754,1,DDP,,Imp_Carne,,,2068,,,,,,,,,6.0538076901983935,,,,,,,0.0012977071974967,,,,,,
754,1,DDP,,Imp_Carne,,,2069,,,,,,,,,6.0538076901983935,,,,,,,0.0012806491857228,,,,,,
754,1,DDP,,Imp_Carne,,,2070,,,,,,,,,6.0538076901983935,,,,,,,0.0012637266265408,,,,,,
754,1,DDP,,Imp_Leche,,,2018,,,,,,,,,0.0,,,,,,,0.0,,,,,,
754,1,DDP,,Imp_Leche,,,2019,,,,,,,,,0.0,,,,,,,0.0,,,,,,
754,1,DDP,,Imp_Leche,,,2020,,,,,,,,,0.0,,,,,,,0.0,,,,,,
754,1,DDP,,Imp_Leche,,,2021,,,,,,,,,0.0,,,,,,,0.0,,,,,,
754,1,DDP,,Imp_Leche,,,2022,,,,,,,,,0.0,,,,,,,0.0,,,,,,
754,1,DDP,,Imp_Leche,,,2023,,,,,,,,,0.0,,,,,,,0.0,,,,,,
754,1,DDP,,Imp_Leche,,,2024,,,,,,,,,0.0,,,,,,,0.0,,,,,,
754,1,DDP,,Imp_Leche,,,2025,,,,,,,,,0.0,,,,,,,0.0,,,,,,
754,1,DDP,,Imp_Leche,,,2026,,,,,,,,,0.0,,,,,,,0.0,,,,,,
754,1,DDP,,Imp_Leche,,,2027,,,,,,,,,0.0,,,,,,,0.0,,,,,,
754,1,DDP,,Imp_Leche,,,2028,,,,,,,,,0.0,,,,,,,0.0,,,,,,
754,1,DDP,,Imp_Leche,,,2029,,,,,,,,,0.0,,,,,,,0.0,,,,,,
754,1,DDP,,Imp_Leche,,,2030,,,,,,,,,0.0,,,,,,,0.0,,,,,,
754,1,DDP,,Imp_Leche,,,2031,,,,,,,,,0.0,,,,,,,0.0,,,,,,
754,1,DDP,,Imp_Leche,,,2032,,,,,,,,,0.0,,,,,,,0.0,,,,,,
754,1,DDP,,Imp_Leche,,,2033,,,,,,,,,0.0,,,,,,,0.0,,,,,,
754,1,DDP,,Imp_Leche,,,2034,,,,,,,,,0.0,,,,,,,0.0,,,,,,
754,1,DDP,,Imp_Leche,,,2035,,,,,,,,,0.0,,,,,,,0.0,,,,,,
754,1,DDP,,Imp_Leche,,,2036,,,,,,,,,0.0,,,,,,,0.0,,,,,,
754,1,DDP,,Imp_Leche,,,2037,,,,,,,,,0.0,,,,,,,0.0,,,,,,
754,1,DDP,,Imp_Leche,,,2038,,,,,,,,,0.0,,,,,,,0.0,,,,,,
754,1,DDP,,Imp_Leche,,,2039,,,,,,,,,0.0,,,,,,,0.0,,,,,,
754,1,DDP,,Imp_Leche,,,2040,,,,,,,,,0.0,,,,,,,0.0,,,,,,
754,1,DDP,,Imp_Leche,,,2041,,,,,,,,,0.0,,,,,,,0.0,,,,,,
754,1,DDP,,Imp_Leche,,,2042,,,,,,,,,0.0,,,,,,,0.0,,,,,,
754,1,DDP,,Imp_Leche,,,2043,,,,,,,,,0.0,,,,,,,0.0,,,,,,
754,1,DDP,,Imp_Leche,,,2044,,,,,,,,,0.0,,,,,,,0.0,,,,,,
754,1,DDP,,Imp_Leche,,,2045,,,,,,,,,0.0,,,,,,,0.0,,,,,,
754,1,DDP,,Imp_Leche,,,2046,,,,,,,,,0.0,,,,,,,0.0,,,,,,
754,1,DDP,,Imp_Leche,,,2047,,,,,,,,,0.0,,,,,,,0.0,,,,,,
754,1,DDP,,Imp_Leche,,,2048,,,,,,,,,0.0,,,,,,,0.0,,,,,,
754,1,DDP,,Imp_Leche,,,2049,,,,,,,,,0.0,,,,,,,0.0,,,,,,
754,1,DDP,,Imp_Leche,,,2050,,,,,,,,,0.0,,,,,,,0.0,,,,,,
754,1,DDP,,Imp_Leche,,,2051,,,,,,,,,0.0,,,,,,,0.0,,,,,,
754,1,DDP,,Imp_Leche,,,2052,,,,,,,,,0.0,,,,,,,0.0,,,,,,
754,1,DDP,,Imp_Leche,,,2053,,,,,,,,,0.0,,,,,,,0.0,,,,,,
754,1,DDP,,Imp_Leche,,,2054,,,,,,,,,0.0,,,,,,,0.0,,,,,,
754,1,DDP,,Imp_Leche,,,2055,,,,,,,,,0.0,,,,,,,0.0,,,,,,
754,1,DDP,,Imp_Leche,,,2056,,,,,,,,,0.0,,,,,,,0.0,,,,,,
754,1,DDP,,Imp_Leche,,,2057,,,,,,,,,0.0,,,,,,,0.0,,,,,,
754,1,DDP,,Imp_Leche,,,2058,,,,,,,,,0.0,,,,,,,0.0,,,,,,
754,1,DDP,,Imp_Leche,,,2059,,,,,,,,,0.0,,,,,,,0.0,,,,,,
754,1,DDP,,Imp_Leche,,,2060,,,,,,,,,0.0,,,,,,,0.0,,,,,,
754,1,DDP,,Imp_Leche,,,2061,,,,,,,,,0.0,,,,,,,0.0,,,,,,
754,1,DDP,,Imp_Leche,,,2062,,,,,,,,,0.0,,,,,,,0.0,,,,,,
754,1,DDP,,Imp_Leche,,,2063,,,,,,,,,0.0,,,,,,,0.0,,,,,,
754,1,DDP,,Imp_Leche,,,2064,,,,,,,,,0.0,,,,,,,0.0,,,,,,
754,1,DDP,,Imp_Leche,,,2065,,,,,,,,,0.0,,,,,,,0.0,,,,,,
754,1,DDP,,Imp_Leche,,,2066,,,,,,,,,0.0,,,,,,,0.0,,,,,,
754,1,DDP,,Imp_Leche,,,2067,,,,,,,,,0.0,,,,,,,0.0,,,,,,
754,1,DDP,,Imp_Leche,,,2068,,,,,,,,,0.0,,,,,,,0.0,,,,,,
754,1,DDP,,Imp_Leche,,,2069,,,,,,,,,0.0,,,,,,,0.0,,,,,,
754,1,DDP,,Imp_Leche,,,2070,,,,,,,,,0.0,,,,,,,0.0,,,,,,
754,1,DDP,,Exp_Carne,,,2018,,,,,,,,,-1.2,,,,,,5e-07,5e-07,,,,,,
754,1,DDP,,Exp_Carne,,,2019,,,,,,,,,0.0,,,,,,0.0,0.0,,,,,,
754,1,DDP,,Exp_Carne,,,2020,,,,,,,,,-5.226666666666667,,,,,,3e-09,3e-09,,,,,,
754,1,DDP,,Exp_Carne,,,2021,,,,,,,,,0.0,,,,,,0.0,0.0,,,,,,
754,1,DDP,,Exp_Carne,,,2022,,,,,,,,,0.0,,,,,,0.0,0.0,,,,,,
754,1,DDP,,Exp_Carne,,,2023,,,,,,,,,0.0,,,,,,0.0,0.0,,,,,,
754,1,DDP,,Exp_Carne,,,2024,,,,,,,,,0.0,,,,,,0.0,0.0,,,,,,
754,1,DDP,,Exp_Carne,,,2025,,,,,,,,,0.0,,,,,,0.0,0.0,,,,,,
754,1,DDP,,Exp_Carne,,,2026,,,,,,,,,0.0,,,,,,0.0,0.0,,,,,,
754,1,DDP,,Exp_Carne,,,2027,,,,,,,,,0.0,,,,,,0.0,0.0,,,,,,
754,1,DDP,,Exp_Carne,,,2028,,,,,,,,,0.0,,,,,,0.0,0.0,,,,,,
754,1,DDP,,Exp_Carne,,,2029,,,,,,,,,0.0,,,,,,0.0,0.0,,,,,,
754,1,DDP,,Exp_Carne,,,2030,,,,,,,,,0.0,,,,,,0.0,0.0,,,,,,
754,1,DDP,,Exp_Carne,,,2031,,,,,,,,,0.0,,,,,,0.0,0.0,,,,,,
754,1,DDP,,Exp_Carne,,,2032,,,,,,,,,0.0,,,,,,0.0,0.0,,,,,,
754,1,DDP,,Exp_Carne,,,2033,,,,,,,,,0.0,,,,,,0.0,0.0,,,,,,
754,1,DDP,,Exp_Carne,,,2034,,,,,,,,,0.0,,,,,,0.0,0.0,,,,,,
754,1,DDP,,Exp_Carne,,,2035,,,,,,,,,0.0,,,,,,0.0,0.0,,,,,,
754,1,DDP,,Exp_Carne,,,2036,,,,,,,,,0.0,,,,,,0.0,0.0,,,,,,
754,1,DDP,,Exp_Carne,,,2037,,,,,,,,,0.0,,,,,,0.0,0.0,,,,,,
754,1,DDP,,Exp_Carne,,,2038,,,,,,,,,0.0,,,,,,0.0,0.0,,,,,,
754,1,DDP,,Exp_Carne,,,2039,,,,,,,,,0.0,,,,,,0.0,0.0,,,,,,
754,1,DDP,,Exp_Carne,,,2040,,,,,,,,,0.0,,,,,,0.0,0.0,,,,,,
754,1,DDP,,Exp_Carne,,,2041,,,,,,,,,0.0,,,,,,0.0,0.0,,,,,,
754,1,DDP,,Exp_Carne,,,2042,,,,,,,,,0.0,,,,,,0.0,0.0,,,,,,
754,1,DDP,,Exp_Carne,,,2043,,,,,,,,,0.0,,,,,,0.0,0.0,,,,,,
754,1,DDP,,Exp_Carne,,,2044,,,,,,,,,0.0,,,,,,0.0,0.0,,,,,,
754,1,DDP,,Exp_Carne,,,2045,,,,,,,,,0.0,,,,,,0.0,0.0,,,,,,
754,1,DDP,,Exp_Carne,,,2046,,,,,,,,,0.0,,,,,,0.0,0.0,,,,,,
754,1,DDP,,Exp_Carne,,,2047,,,,,,,,,0.0,,,,,,0.0,0.0,,,,,,
754,1,DDP,,Exp_Carne,,,2048,,,,,,,,,0.0,,,,,,0.0,0.0,,,,,,
754,1,DDP,,Exp_Carne,,,2049,,,,,,,,,0.0,,,,,,0.0,0.0,,,,,,
754,1,DDP,,Exp_Carne,,,2050,,,,,,,,,0.0,,,,,,0.0,0.0,,,,,,
754,1,DDP,,Exp_Carne,,,2051,,,,,,,,,0.0,,,,,,0.0,0.0,,,,,,
754,1,DDP,,Exp_Carne,,,2052,,,,,,,,,0.0,,,,,,0.0,0.0,,,,,,
754,1,DDP,,Exp_Carne,,,2053,,,,,,,,,0.0,,,,,,0.0,0.0,,,,,,
754,1,DDP,,Exp_Carne,,,2054,,,,,,,,,0.0,,,,,,0.0,0.0,,,,,,
754,1,DDP,,Exp_Carne,,,2055,,,,,,,,,0.0,,,,,,0.0,0.0,,,,,,
754,1,DDP,,Exp_Carne,,,2056,,,,,,,,,0.0,,,,,,0.0,0.0,,,,,,
754,1,DDP,,Exp_Carne,,,2057,,,,,,,,,0.0,,,,,,0.0,0.0,,,,,,
754,1,DDP,,Exp_Carne,,,2058,,,,,,,,,0.0,,,,,,0.0,0.0,,,,,,
754,1,DDP,,Exp_Carne,,,2059,,,,,,,,,0.0,,,,,,0.0,0.0,,,,,,
754,1,DDP,,Exp_Carne,,,2060,,,,,,,,,0.0,,,,,,0.0,0.0,,,,,,
754,1,DDP,,Exp_Carne,,,2061,,,,,,,,,0.0,,,,,,0.0,0.0,,,,,,
754,1,DDP,,Exp_Carne,,,2062,,,,,,,,,0.0,,,,,,0.0,0.0,,,,,,
754,1,DDP,,Exp_Carne,,,2063,,,,,,,,,0.0,,,,,,0.0,0.0,,,,,,
754,1,DDP,,Exp_Carne,,,2064,,,,,,,,,0.0,,,,,,0.0,0.0,,,,,,
754,1,DDP,,Exp_Carne,,,2065,,,,,,,,,0.0,,,,,,0.0,0.0,,,,,,
754,1,DDP,,Exp_Carne,,,2066,,,,,,,,,0.0,,,,,,0.0,0.0,,,,,,
754,1,DDP,,Exp_Carne,,,2067,,,,,,,,,0.0,,,,,,0.0,0.0,,,,,,
754,1,DDP,,Exp_Carne,,,2068,,,,,,,,,0.0,,,,,,0.0,0.0,,,,,,
754,1,DDP,,Exp_Carne,,,2069,,,,,,,,,0.0,,,,,,0.0,0.0,,,,,,
754,1,DDP,,Exp_Carne,,,2070,,,,,,,,,0.0,,,,,,0.0,0.0,,,,,,
754,1,DDP,,Exp_Leche,,,2018,,,,,,,,,-34.949999999999996,,,,,,8e-10,8e-10,,,,,,
754,1,DDP,,Exp_Leche,,,2019,,,,,,,,,-1.06679030307306,,,,,,2.664803e-05,2.664803e-05,,,,,,
754,1,DDP,,Exp_Leche,,,2020,,,,,,,,,-3.7,,,,,,3e-08,3e-08,,,,,,
754,1,DDP,,Exp_Leche,,,2021,,,,,,,,,-0.5447989160341454,,,,,,0.0005373601,0.0005373601,,,,,,
754,1,DDP,,Exp_Leche,,,2022,,,,,,,,,-0.5447989160341454,,,,,,0.0002678766969976,0.0002678766969976,,,,,,
754,1,DDP,,Exp_Leche,,,2023,,,,,,,,,-0.5447989160341454,,,,,,0.0001591250614856,0.0001591250614856,,,,,,
754,1,DDP,,Exp_Leche,,,2024,,,,,,,,,-0.5447989160341454,,,,,,9.4895899674e-05,9.4895899674e-05,,,,,,
754,1,DDP,,Exp_Leche,,,2025,,,,,,,,,-0.5447989160341454,,,,,,5.52181491029e-05,5.52181491029e-05,,,,,,
754,1,DDP,,Exp_Leche,,,2026,,,,,,,,,-0.5447989160341454,,,,,,3.05456413268e-05,3.05456413268e-05,,,,,,
754,1,DDP,,Exp_Leche,,,2027,,,,,,,,,-0.5447989160341454,,,,,,1.7258348691e-05,1.7258348691e-05,,,,,,
754,1,DDP,,Exp_Leche,,,2028,,,,,,,,,-0.5447989160341454,,,,,,1.0126052095e-05,1.0126052095e-05,,,,,,
754,1,DDP,,Exp_Leche,,,2029,,,,,,,,,-0.5447989160341454,,,,,,5.8404049641e-06,5.8404049641e-06,,,,,,
754,1,DDP,,Exp_Leche,,,2030,,,,,,,,,-0.5447989160341454,,,,,,3.3334506113e-06,3.3334506113e-06,,,,,,
754,1,DDP,,Exp_Leche,,,2031,,,,,,,,,-0.5447989160341454,,,,,,1.9228579222e-06,1.9228579222e-06,,,,,,
754,1,DDP,,Exp_Leche,,,2032,,,,,,,,,-0.5447989160341454,,,,,,1.1057034548e-06,1.1057034548e-06,,,,,,
754,1,DDP,,Exp_Leche,,,2033,,,,,,,,,-0.5447989160341454,,,,,,6.471189062e-07,6.471189062e-07,,,,,,
754,1,DDP,,Exp_Leche,,,2034,,,,,,,,,-0.5447989160341454,,,,,,3.747845567e-07,3.747845567e-07,,,,,,
754,1,DDP,,Exp_Leche,,,2035,,,,,,,,,-0.5447989160341454,,,,,,2.165774948e-07,2.165774948e-07,,,,,,
754,1,DDP,,Exp_Leche,,,2036,,,,,,,,,-0.5447989160341454,,,,,,1.258776505e-07,1.258776505e-07,,,,,,
754,1,DDP,,Exp_Leche,,,2037,,,,,,,,,-0.5447989160341454,,,,,,7.28610594e-08,7.28610594e-08,,,,,,
754,1,DDP,,Exp_Leche,,,2038,,,,,,,,,-0.5447989160341454,,,,,,4.22198512e-08,4.22198512e-08,,,,,,
754,1,DDP,,Exp_Leche,,,2039,,,,,,,,,-0.5447989160341454,,,,,,2.45856215e-08,2.45856215e-08,,,,,,
754,1,DDP,,Exp_Leche,,,2040,,,,,,,,,-0.5447989160341454,,,,,,1.42502259e-08,1.42502259e-08,,,,,,
754,1,DDP,,Exp_Leche,,,2041,,,,,,,,,-0.5447989160341454,,,,,,8.283592e-09,8.283592e-09,,,,,,
754,1,DDP,,Exp_Leche,,,2042,,,,,,,,,-0.5447989160341454,,,,,,4.8365858e-09,4.8365858e-09,,,,,,
754,1,DDP,,Exp_Leche,,,2043,,,,,,,,,-0.5447989160341454,,,,,,2.797838e-09,2.797838e-09,,,,,,
754,1,DDP,,Exp_Leche,,,2044,,,,,,,,,-0.5447989160341454,,,,,,1.6327861e-09,1.6327861e-09,,,,,,
754,1,DDP,,Exp_Leche,,,2045,,,,,,,,,-0.5447989160341454,,,,,,9.449321e-10,9.449321e-10,,,,,,
754,1,DDP,,Exp_Leche,,,2046,,,,,,,,,-0.5447989160341454,,,,,,5.533198e-10,5.533198e-10,,,,,,
754,1,DDP,,Exp_Leche,,,2047,,,,,,,,,-0.5447989160341454,,,,,,3.218323e-10,3.218323e-10,,,,,,
754,1,DDP,,Exp_Leche,,,2048,,,,,,,,,-0.5447989160341454,,,,,,1.874103e-10,1.874103e-10,,,,,,
754,1,DDP,,Exp_Leche,,,2049,,,,,,,,,-0.5447989160341454,,,,,,1.092517e-10,1.092517e-10,,,,,,
754,1,DDP,,Exp_Leche,,,2050,,,,,,,,,-0.5447989160341454,,,,,,6.49361e-11,6.49361e-11,,,,,,
754,1,DDP,,Exp_Leche,,,2051,,,,,,,,,-0.5447989160341454,,,,,,6.4903e-11,6.4903e-11,,,,,,
754,1,DDP,,Exp_Leche,,,2052,,,,,,,,,-0.5447989160341454,,,,,,6.50062e-11,6.50062e-11,,,,,,
754,1,DDP,,Exp_Leche,,,2053,,,,,,,,,-0.5447989160341454,,,,,,6.51303e-11,6.51303e-11,,,,,,
754,1,DDP,,Exp_Leche,,,2054,,,,,,,,,-0.5447989160341454,,,,,,6.52383e-11,6.52383e-11,,,,,,
754,1,DDP,,Exp_Leche,,,2055,,,,,,,,,-0.5447989160341454,,,,,,6.53559e-11,6.53559e-11,,,,,,
754,1,DDP,,Exp_Leche,,,2056,,,,,,,,,-0.5447989160341454,,,,,,6.54632e-11,6.54632e-11,,,,,,
754,1,DDP,,Exp_Leche,,,2057,,,,,,,,,-0.5447989160341454,,,,,,6.56262e-11,6.56262e-11,,,,,,
754,1,DDP,,Exp_Leche,,,2058,,,,,,,,,-0.5447989160341454,,,,,,6.57976e-11,6.57976e-11,,,,,,
754,1,DDP,,Exp_Leche,,,2059,,,,,,,,,-0.5447989160341454,,,,,,6.59786e-11,6.59786e-11,,,,,,
754,1,DDP,,Exp_Leche,,,2060,,,,,,,,,-0.5447989160341454,,,,,,6.61726e-11,6.61726e-11,,,,,,
754,1,DDP,,Exp_Leche,,,2061,,,,,,,,,-0.5447989160341454,,,,,,6.63849e-11,6.63849e-11,,,,,,
754,1,DDP,,Exp_Leche,,,2062,,,,,,,,,-0.5447989160341454,,,,,,6.66125e-11,6.66125e-11,,,,,,
754,1,DDP,,Exp_Leche,,,2063,,,,,,,,,-0.5447989160341454,,,,,,6.68532e-11,6.68532e-11,,,,,,
754,1,DDP,,Exp_Leche,,,2064,,,,,,,,,-0.5447989160341454,,,,,,6.71072e-11,6.71072e-11,,,,,,
754,1,DDP,,Exp_Leche,,,2065,,,,,,,,,-0.5447989160341454,,,,,,6.73774e-11,6.73774e-11,,,,,,
754,1,DDP,,Exp_Leche,,,2066,,,,,,,,,-0.5447989160341454,,,,,,6.76632e-11,6.76632e-11,,,,,,
754,1,DDP,,Exp_Leche,,,2067,,,,,,,,,-0.5447989160341454,,,,,,6.79667e-11,6.79667e-11,,,,,,
754,1,DDP,,Exp_Leche,,,2068,,,,,,,,,-0.5447989160341454,,,,,,6.82852e-11,6.82852e-11,,,,,,
754,1,DDP,,Exp_Leche,,,2069,,,,,,,,,-0.5447989160341454,,,,,,6.86187e-11,6.86187e-11,,,,,,
754,1,DDP,,Exp_Leche,,,2070,,,,,,,,,-0.5447989160341454,,,,,,6.89691e-11,6.89691e-11,,,,,,
754,1,DDP,,Vacuno_porcino,,,2018,,,,,,,,,85.0,,,,,,1.2833377520061444,1.2833377520061444,,,,,,
754,1,DDP,,Vacuno_porcino,,,2019,,,,,,,,,85.0,,,,,,1.1626852354139834,1.1626852354139834,,,,,,
754,1,DDP,,Vacuno_porcino,,,2020,,,,,,,,,85.0,,,,,,2.4958257799999912,2.4958257799999912,,,,,,
754,1,DDP,,Vacuno_porcino,,,2021,,,,,,,,,85.0,,,,,,2.4852264569992717,2.4852264569992717,,,,,,
754,1,DDP,,Vacuno_porcino,,,2022,,,,,,,,,85.0,,,,,,2.5186359979334827,2.5186359979334827,,,,,,
754,1,DDP,,Vacuno_porcino,,,2023,,,,,,,,,85.0,,,,,,2.5517606334020204,2.5517606334020204,,,,,,
754,1,DDP,,Vacuno_porcino,,,2024,,,,,,,,,85.0,,,,,,2.5845806230261807,2.5845806230261807,,,,,,
754,1,DDP,,Vacuno_porcino,,,2025,,,,,,,,,85.0,,,,,,2.6170898066877877,2.6170898066877877,,,,,,
754,1,DDP,,Vacuno_porcino,,,2026,,,,,,,,,85.0,,,,,,2.649251783688524,2.649251783688524,,,,,,
754,1,DDP,,Vacuno_porcino,,,2027,,,,,,,,,85.0,,,,,,2.681054373794722,2.681054373794722,,,,,,
754,1,DDP,,Vacuno_porcino,,,2028,,,,,,,,,85.0,,,,,,2.7124747565685907,2.7124747565685907,,,,,,
754,1,DDP,,Vacuno_porcino,,,2029,,,,,,,,,85.0,,,,,,2.7435084519241837,2.7435084519241837,,,,,,
754,1,DDP,,Vacuno_porcino,,,2030,,,,,,,,,85.0,,,,,,2.774120599192728,2.774120599192728,,,,,,
754,1,DDP,,Vacuno_porcino,,,2031,,,,,,,,,85.0,,,,,,2.80429481805998,2.80429481805998,,,,,,
754,1,DDP,,Vacuno_porcino,,,2032,,,,,,,,,85.0,,,,,,2.8340099681203794,2.8340099681203794,,,,,,
754,1,DDP,,Vacuno_porcino,,,2033,,,,,,,,,85.0,,,,,,2.8632415489039054,2.8632415489039054,,,,,,
754,1,DDP,,Vacuno_porcino,,,2034,,,,,,,,,85.0,,,,,,2.891977520179576,2.891977520179576,,,,,,
754,1,DDP,,Vacuno_porcino,,,2035,,,,,,,,,85.0,,,,,,2.9201968815445163,2.9201968815445163,,,,,,
754,1,DDP,,Vacuno_porcino,,,2036,,,,,,,,,85.0,,,,,,2.947887312762372,2.947887312762372,,,,,,
754,1,DDP,,Vacuno_porcino,,,2037,,,,,,,,,85.0,,,,,,2.975025153379238,2.975025153379238,,,,,,
754,1,DDP,,Vacuno_porcino,,,2038,,,,,,,,,85.0,,,,,,3.001601023215162,3.001601023215162,,,,,,
754,1,DDP,,Vacuno_porcino,,,2039,,,,,,,,,85.0,,,,,,3.0275974219344155,3.0275974219344155,,,,,,
754,1,DDP,,Vacuno_porcino,,,2040,,,,,,,,,85.0,,,,,,3.0530021693033307,3.0530021693033307,,,,,,
754,1,DDP,,Vacuno_porcino,,,2041,,,,,,,,,85.0,,,,,,3.0778120452601327,3.0778120452601327,,,,,,
754,1,DDP,,Vacuno_porcino,,,2042,,,,,,,,,85.0,,,,,,3.1020185096409865,3.1020185096409865,,,,,,
754,1,DDP,,Vacuno_porcino,,,2043,,,,,,,,,85.0,,,,,,3.125606582158508,3.125606582158508,,,,,,
754,1,DDP,,Vacuno_porcino,,,2044,,,,,,,,,85.0,,,,,,3.1485731827536076,3.1485731827536076,,,,,,
754,1,DDP,,Vacuno_porcino,,,2045,,,,,,,,,85.0,,,,,,3.1709033311389025,3.1709033311389025,,,,,,
754,1,DDP,,Vacuno_porcino,,,2046,,,,,,,,,85.0,,,,,,3.192593247241874,3.192593247241874,,,,,,
754,1,DDP,,Vacuno_porcino,,,2047,,,,,,,,,85.0,,,,,,3.2136464311296695,3.2136464311296695,,,,,,
754,1,DDP,,Vacuno_porcino,,,2048,,,,,,,,,85.0,,,,,,3.2340448224558136,3.2340448224558136,,,,,,
754,1,DDP,,Vacuno_porcino,,,2049,,,,,,,,,85.0,,,,,,3.253793881325056,3.253793881325056,,,,,,
754,1,DDP,,Vacuno_porcino,,,2050,,,,,,,,,85.0,,,,,,3.272900467869002,3.272900467869002,,,,,,
754,1,DDP,,Vacuno_porcino,,,2051,,,,,,,,,85.0,,,,,,3.2913516970935337,3.2913516970935337,,,,,,
754,1,DDP,,Vacuno_porcino,,,2052,,,,,,,,,85.0,,,,,,3.3091350663994903,3.3091350663994903,,,,,,
754,1,DDP,,Vacuno_porcino,,,2053,,,,,,,,,85.0,,,,,,3.3262384696461296,3.3262384696461296,,,,,,
754,1,DDP,,Vacuno_porcino,,,2054,,,,,,,,,85.0,,,,,,3.342650210835584,3.342650210835584,,,,,,
754,1,DDP,,Vacuno_porcino,,,2055,,,,,,,,,85.0,,,,,,3.358359017396745,3.358359017396745,,,,,,
754,1,DDP,,Vacuno_porcino,,,2056,,,,,,,,,85.0,,,,,,3.373354053047533,3.373354053047533,,,,,,
754,1,DDP,,Vacuno_porcino,,,2057,,,,,,,,,85.0,,,,,,3.387624930215076,3.387624930215076,,,,,,
754,1,DDP,,Vacuno_porcino,,,2058,,,,,,,,,85.0,,,,,,3.4011617219939247,3.4011617219939247,,,,,,
754,1,DDP,,Vacuno_porcino,,,2059,,,,,,,,,85.0,,,,,,3.4139549736231056,3.4139549736231056,,,,,,
754,1,DDP,,Vacuno_porcino,,,2060,,,,,,,,,85.0,,,,,,3.4259957134634735,3.4259957134634735,,,,,,
754,1,DDP,,Vacuno_porcino,,,2061,,,,,,,,,85.0,,,,,,3.437275463457575,3.437275463457575,,,,,,
754,1,DDP,,Vacuno_porcino,,,2062,,,,,,,,,85.0,,,,,,3.447786249054998,3.447786249054998,,,,,,
754,1,DDP,,Vacuno_porcino,,,2063,,,,,,,,,85.0,,,,,,3.457520608586971,3.457520608586971,,,,,,
754,1,DDP,,Vacuno_porcino,,,2064,,,,,,,,,85.0,,,,,,3.466471602074829,3.466471602074829,,,,,,
754,1,DDP,,Vacuno_porcino,,,2065,,,,,,,,,85.0,,,,,,3.4746328194578147,3.4746328194578147,,,,,,
754,1,DDP,,Vacuno_porcino,,,2066,,,,,,,,,85.0,,,,,,3.4819983882265984,3.4819983882265984,,,,,,
754,1,DDP,,Vacuno_porcino,,,2067,,,,,,,,,85.0,,,,,,3.4885629804498106,3.4885629804498106,,,,,,
754,1,DDP,,Vacuno_porcino,,,2068,,,,,,,,,85.0,,,,,,3.494321819181845,3.494321819181845,,,,,,
754,1,DDP,,Vacuno_porcino,,,2069,,,,,,,,,85.0,,,,,,3.4992706842411736,3.4992706842411736,,,,,,
754,1,DDP,,Vacuno_porcino,,,2070,,,,,,,,,85.0,,,,,,3.5034059173494168,3.5034059173494168,,,,,,
754,1,DDP,,Vacuno_ovino,,,2018,,,,,,,,,32.0,,,,,,0.3558965982909125,0.3558965982909125,,,,,,
754,1,DDP,,Vacuno_ovino,,,2019,,,,,,,,,32.0,,,,,,0.4646441699489741,0.4646441699489741,,,,,,
754,1,DDP,,Vacuno_ovino,,,2020,,,,,,,,,32.0,,,,,,0.4965350351338341,0.4965350351338341,,,,,,
754,1,DDP,,Vacuno_ovino,,,2021,,,,,,,,,32.0,,,,,,0.5288275591719123,0.5288275591719123,,,,,,
754,1,DDP,,Vacuno_ovino,,,2022,,,,,,,,,32.0,,,,,,0.5359367245904334,0.5359367245904334,,,,,,
754,1,DDP,,Vacuno_ovino,,,2023,,,,,,,,,32.0,,,,,,0.5429852654080927,0.5429852654080927,,,,,,
754,1,DDP,,Vacuno_ovino,,,2024,,,,,,,,,32.0,,,,,,0.5499689810997197,0.5499689810997197,,,,,,
754,1,DDP,,Vacuno_ovino,,,2025,,,,,,,,,32.0,,,,,,0.5568865608631336,0.5568865608631336,,,,,,
754,1,DDP,,Vacuno_ovino,,,2026,,,,,,,,,32.0,,,,,,0.5637302590490844,0.5637302590490844,,,,,,
754,1,DDP,,Vacuno_ovino,,,2027,,,,,,,,,32.0,,,,,,0.570497483844169,0.570497483844169,,,,,,
754,1,DDP,,Vacuno_ovino,,,2028,,,,,,,,,32.0,,,,,,0.5771833793221266,0.5771833793221266,,,,,,
754,1,DDP,,Vacuno_ovino,,,2029,,,,,,,,,32.0,,,,,,0.5837869921722806,0.5837869921722806,,,,,,
754,1,DDP,,Vacuno_ovino,,,2030,,,,,,,,,32.0,,,,,,0.5903009044459258,0.5903009044459258,,,,,,
754,1,DDP,,Vacuno_ovino,,,2031,,,,,,,,,32.0,,,,,,0.5967216306008996,0.5967216306008996,,,,,,
754,1,DDP,,Vacuno_ovino,,,2032,,,,,,,,,32.0,,,,,,0.6030446722024452,0.6030446722024452,,,,,,
754,1,DDP,,Vacuno_ovino,,,2033,,,,,,,,,32.0,,,,,,0.6092648158327981,0.6092648158327981,,,,,,
754,1,DDP,,Vacuno_ovino,,,2034,,,,,,,,,32.0,,,,,,0.6153794994695141,0.6153794994695141,,,,,,
754,1,DDP,,Vacuno_ovino,,,2035,,,,,,,,,32.0,,,,,,0.6213842544687949,0.6213842544687949,,,,,,
754,1,DDP,,Vacuno_ovino,,,2036,,,,,,,,,32.0,,,,,,0.627276459226279,0.627276459226279,,,,,,
754,1,DDP,,Vacuno_ovino,,,2037,,,,,,,,,32.0,,,,,,0.6330510790699536,0.6330510790699536,,,,,,
754,1,DDP,,Vacuno_ovino,,,2038,,,,,,,,,32.0,,,,,,0.6387061180055891,0.6387061180055891,,,,,,
754,1,DDP,,Vacuno_ovino,,,2039,,,,,,,,,32.0,,,,,,0.6442378521633535,0.6442378521633535,,,,,,
754,1,DDP,,Vacuno_ovino,,,2040,,,,,,,,,32.0,,,,,,0.6496436897298438,0.6496436897298438,,,,,,
754,1,DDP,,Vacuno_ovino,,,2041,,,,,,,,,32.0,,,,,,0.6549229455130111,0.6549229455130111,,,,,,
754,1,DDP,,Vacuno_ovino,,,2042,,,,,,,,,32.0,,,,,,0.6600738022643774,0.6600738022643774,,,,,,
754,1,DDP,,Vacuno_ovino,,,2043,,,,,,,,,32.0,,,,,,0.6650930723513666,0.6650930723513666,,,,,,
754,1,DDP,,Vacuno_ovino,,,2044,,,,,,,,,32.0,,,,,,0.6699801003728885,0.6699801003728885,,,,,,
754,1,DDP,,Vacuno_ovino,,,2045,,,,,,,,,32.0,,,,,,0.674731698696367,0.674731698696367,,,,,,
754,1,DDP,,Vacuno_ovino,,,2046,,,,,,,,,32.0,,,,,,0.6793470629659183,0.6793470629659183,,,,,,
754,1,DDP,,Vacuno_ovino,,,2047,,,,,,,,,32.0,,,,,,0.683826937955509,0.683826937955509,,,,,,
754,1,DDP,,Vacuno_ovino,,,2048,,,,,,,,,32.0,,,,,,0.6881674806314723,0.6881674806314723,,,,,,
754,1,DDP,,Vacuno_ovino,,,2049,,,,,,,,,32.0,,,,,,0.692369852841196,0.692369852841196,,,,,,
754,1,DDP,,Vacuno_ovino,,,2050,,,,,,,,,32.0,,,,,,0.6964355143416542,0.6964355143416542,,,,,,
754,1,DDP,,Vacuno_ovino,,,2051,,,,,,,,,32.0,,,,,,0.7003617233545392,0.7003617233545392,,,,,,
754,1,DDP,,Vacuno_ovino,,,2052,,,,,,,,,32.0,,,,,,0.7041458194707847,0.7041458194707847,,,,,,
754,1,DDP,,Vacuno_ovino,,,2053,,,,,,,,,32.0,,,,,,0.707785226643109,0.707785226643109,,,,,,
754,1,DDP,,Vacuno_ovino,,,2054,,,,,,,,,32.0,,,,,,0.7112774560979086,0.7112774560979086,,,,,,
754,1,DDP,,Vacuno_ovino,,,2055,,,,,,,,,32.0,,,,,,0.7146201091619167,0.7146201091619167,,,,,,
754,1,DDP,,Vacuno_ovino,,,2056,,,,,,,,,32.0,,,,,,0.7178108799991452,0.7178108799991452,,,,,,
754,1,DDP,,Vacuno_ovino,,,2057,,,,,,,,,32.0,,,,,,0.7208475582537561,0.7208475582537561,,,,,,
754,1,DDP,,Vacuno_ovino,,,2058,,,,,,,,,32.0,,,,,,0.7237280315946325,0.7237280315946325,,,,,,
754,1,DDP,,Vacuno_ovino,,,2059,,,,,,,,,32.0,,,,,,0.726450288157562,0.726450288157562,,,,,,
754,1,DDP,,Vacuno_ovino,,,2060,,,,,,,,,32.0,,,,,,0.7290124188810913,0.7290124188810913,,,,,,
754,1,DDP,,Vacuno_ovino,,,2061,,,,,,,,,32.0,,,,,,0.7314126197322653,0.7314126197322653,,,,,,
754,1,DDP,,Vacuno_ovino,,,2062,,,,,,,,,32.0,,,,,,0.7336491938186268,0.7336491938186268,,,,,,
754,1,DDP,,Vacuno_ovino,,,2063,,,,,,,,,32.0,,,,,,0.7357205533830227,0.7357205533830227,,,,,,
754,1,DDP,,Vacuno_ovino,,,2064,,,,,,,,,32.0,,,,,,0.7376252216779445,0.7376252216779445,,,,,,
754,1,DDP,,Vacuno_ovino,,,2065,,,,,,,,,32.0,,,,,,0.7393618347163099,0.7393618347163099,,,,,,
754,1,DDP,,Vacuno_ovino,,,2066,,,,,,,,,32.0,,,,,,0.7409291428957875,0.7409291428957875,,,,,,
754,1,DDP,,Vacuno_ovino,,,2067,,,,,,,,,32.0,,,,,,0.7423260124939616,0.7423260124939616,,,,,,
754,1,DDP,,Vacuno_ovino,,,2068,,,,,,,,,32.0,,,,,,0.7435514270318397,0.7435514270318397,,,,,,
754,1,DDP,,Vacuno_ovino,,,2069,,,,,,,,,32.0,,,,,,0.7446044885034113,0.7446044885034113,,,,,,
754,1,DDP,,Vacuno_ovino,,,2070,,,,,,,,,32.0,,,,,,0.7454844184691817,0.7454844184691817,,,,,,
754,1,DDP,,Bosque_nativo_protegido,,,2018,,,,,,,,,13.45,,,,,,5.95989262,5.95989262,,,,,,
754,1,DDP,,Bosque_nativo_protegido,,,2019,,,,,,,,,13.45,,,,,,5.95989262,5.95989262,,,,,,
754,1,DDP,,Bosque_nativo_protegido,,,2020,,,,,,,,,13.45,,,,,,5.95989262,5.95989262,,,,,,
754,1,DDP,,Bosque_nativo_protegido,,,2021,,,,,,,,,13.45,,,,,,5.95989262,5.95989262,,,,,,
754,1,DDP,,Bosque_nativo_protegido,,,2022,,,,,,,,,13.45,,,,,,5.95989262,5.95989262,,,,,,
754,1,DDP,,Bosque_nativo_protegido,,,2023,,,,,,,,,13.45,,,,,,6.08489262,6.08489262,,,,,,
754,1,DDP,,Bosque_nativo_protegido,,,2024,,,,,,,,,13.45,,,,,,6.313698739486698,6.313698739486698,,,,,,
754,1,DDP,,Bosque_nativo_protegido,,,2025,,,,,,,,,13.45,,,,,,6.47252604890516,6.47252604890516,,,,,,
754,1,DDP,,Bosque_nativo_protegido,,,2026,,,,,,,,,13.45,,,,,,6.632828059745631,6.632828059745631,,,,,,
754,1,DDP,,Bosque_nativo_protegido,,,2027,,,,,,,,,13.45,,,,,,6.793077820585225,6.793077820585225,,,,,,
754,1,DDP,,Bosque_nativo_protegido,,,2028,,,,,,,,,13.45,,,,,,6.953278408920962,6.953278408920962,,,,,,
754,1,DDP,,Bosque_nativo_protegido,,,2029,,,,,,,,,13.45,,,,,,7.113432665219613,7.113432665219613,,,,,,
754,1,DDP,,Bosque_nativo_protegido,,,2030,,,,,,,,,13.45,,,,,,7.273543215306825,7.273543215306825,,,,,,
754,1,DDP,,Bosque_nativo_protegido,,,2031,,,,,,,,,13.45,,,,,,7.433612490265519,7.433612490265519,,,,,,
754,1,DDP,,Bosque_nativo_protegido,,,2032,,,,,,,,,13.45,,,,,,7.593642744160975,7.593642744160975,,,,,,
754,1,DDP,,Bosque_nativo_protegido,,,2033,,,,,,,,,13.45,,,,,,7.753636069864546,7.753636069864546,,,,,,
754,1,DDP,,Bosque_nativo_protegido,,,2034,,,,,,,,,13.45,,,,,,7.913594413209815,7.913594413209815,,,,,,
754,1,DDP,,Bosque_nativo_protegido,,,2035,,,,,,,,,13.45,,,,,,8.073519585682643,8.073519585682643,,,,,,
754,1,DDP,,Bosque_nativo_protegido,,,2036,,,,,,,,,13.45,,,,,,8.233413275819277,8.233413275819277,,,,,,
754,1,DDP,,Bosque_nativo_protegido,,,2037,,,,,,,,,13.45,,,,,,8.393277059463388,8.393277059463388,,,,,,
754,1,DDP,,Bosque_nativo_protegido,,,2038,,,,,,,,,13.45,,,,,,8.553112409013135,8.553112409013135,,,,,,
754,1,DDP,,Bosque_nativo_protegido,,,2039,,,,,,,,,13.45,,,,,,8.712920701772399,8.712920701772399,,,,,,
754,1,DDP,,Bosque_nativo_protegido,,,2040,,,,,,,,,13.45,,,,,,8.872703227505838,8.872703227505838,,,,,,
754,1,DDP,,Bosque_nativo_protegido,,,2041,,,,,,,,,13.45,,,,,,9.032461195284919,9.032461195284919,,,,,,
754,1,DDP,,Bosque_nativo_protegido,,,2042,,,,,,,,,13.45,,,,,,9.192195739701372,9.192195739701372,,,,,,
754,1,DDP,,Bosque_nativo_protegido,,,2043,,,,,,,,,13.45,,,,,,9.35190792651522,9.35190792651522,,,,,,
754,1,DDP,,Bosque_nativo_protegido,,,2044,,,,,,,,,13.45,,,,,,9.511598757796524,9.511598757796524,,,,,,
754,1,DDP,,Bosque_nativo_protegido,,,2045,,,,,,,,,13.45,,,,,,9.67126917661299,9.67126917661299,,,,,,
754,1,DDP,,Bosque_nativo_protegido,,,2046,,,,,,,,,13.45,,,,,,9.830920071309594,9.830920071309594,,,,,,
754,1,DDP,,Bosque_nativo_protegido,,,2047,,,,,,,,,13.45,,,,,,9.990552279421012,9.990552279421012,,,,,,
754,1,DDP,,Bosque_nativo_protegido,,,2048,,,,,,,,,13.45,,,,,,10.150166591253132,10.150166591253132,,,,,,
754,1,DDP,,Bosque_nativo_protegido,,,2049,,,,,,,,,13.45,,,,,,10.309763753165834,10.309763753165834,,,,,,
754,1,DDP,,Bosque_nativo_protegido,,,2050,,,,,,,,,13.45,,,,,,10.469344470585689,10.469344470585689,,,,,,
754,1,DDP,,Bosque_nativo_protegido,,,2051,,,,,,,,,13.45,,,,,,10.45975249273815,10.45975249273815,,,,,,
754,1,DDP,,Bosque_nativo_protegido,,,2052,,,,,,,,,13.45,,,,,,10.450178075077085,10.450178075077085,,,,,,
754,1,DDP,,Bosque_nativo_protegido,,,2053,,,,,,,,,13.45,,,,,,10.44062116942502,10.44062116942502,,,,,,
754,1,DDP,,Bosque_nativo_protegido,,,2054,,,,,,,,,13.45,,,,,,10.431081727780564,10.431081727780564,,,,,,
754,1,DDP,,Bosque_nativo_protegido,,,2055,,,,,,,,,13.45,,,,,,10.421559702317595,10.421559702317595,,,,,,
754,1,DDP,,Bosque_nativo_protegido,,,2056,,,,,,,,,13.45,,,,,,10.412055045384465,10.412055045384465,,,,,,
754,1,DDP,,Bosque_nativo_protegido,,,2057,,,,,,,,,13.45,,,,,,10.40256770950321,10.40256770950321,,,,,,
754,1,DDP,,Bosque_nativo_protegido,,,2058,,,,,,,,,13.45,,,,,,10.393097647368739,10.393097647368739,,,,,,
754,1,DDP,,Bosque_nativo_protegido,,,2059,,,,,,,,,13.45,,,,,,10.38364481184808,10.38364481184808,,,,,,
754,1,DDP,,Bosque_nativo_protegido,,,2060,,,,,,,,,13.45,,,,,,10.37420915597957,10.37420915597957,,,,,,
754,1,DDP,,Bosque_nativo_protegido,,,2061,,,,,,,,,13.45,,,,,,10.364790632972088,10.364790632972088,,,,,,
754,1,DDP,,Bosque_nativo_protegido,,,2062,,,,,,,,,13.45,,,,,,10.355389196204294,10.355389196204294,,,,,,
754,1,DDP,,Bosque_nativo_protegido,,,2063,,,,,,,,,13.45,,,,,,10.346004799223824,10.346004799223824,,,,,,
754,1,DDP,,Bosque_nativo_protegido,,,2064,,,,,,,,,13.45,,,,,,10.336637395746571,10.336637395746571,,,,,,
754,1,DDP,,Bosque_nativo_protegido,,,2065,,,,,,,,,13.45,,,,,,10.327286939655892,10.327286939655892,,,,,,
754,1,DDP,,Bosque_nativo_protegido,,,2066,,,,,,,,,13.45,,,,,,10.317953385001855,10.317953385001855,,,,,,
754,1,DDP,,Bosque_nativo_protegido,,,2067,,,,,,,,,13.45,,,,,,10.308636686000503,10.308636686000503,,,,,,
754,1,DDP,,Bosque_nativo_protegido,,,2068,,,,,,,,,13.45,,,,,,10.299336797033083,10.299336797033083,,,,,,
754,1,DDP,,Bosque_nativo_protegido,,,2069,,,,,,,,,13.45,,,,,,10.290053672645321,10.290053672645321,,,,,,
754,1,DDP,,Bosque_nativo_protegido,,,2070,,,,,,,,,13.45,,,,,,10.28078726754667,10.28078726754667,,,,,,
754,1,DDP,,Conservacion_sociobosqueII,,,2018,,,,,,,,,0.0,,,,,,0.0,0.0,,,,,,
754,1,DDP,,Conservacion_sociobosqueII,,,2019,,,,,,,,,0.0,,,,,,0.0,0.0,,,,,,
754,1,DDP,,Conservacion_sociobosqueII,,,2020,,,,,,,,,0.0,,,,,,0.0,0.0,,,,,,
754,1,DDP,,Conservacion_sociobosqueII,,,2021,,,,,,,,,0.0,,,,,,0.0,0.0,,,,,,
754,1,DDP,,Conservacion_sociobosqueII,,,2022,,,,,,,,,0.0,,,,,,0.0,0.0,,,,,,
754,1,DDP,,Conservacion_sociobosqueII,,,2023,,,,,,,,,13.719,,,,,,0.0625,0.0625,,,,,,
754,1,DDP,,Conservacion_sociobosqueII,,,2024,,,,,,,,,22.81536,,,,,,0.0625,0.0625,,,,,,
754,1,DDP,,Conservacion_sociobosqueII,,,2025,,,,,,,,,33.073499999999996,,,,,,0.0625,0.0625,,,,,,
754,1,DDP,,Conservacion_sociobosqueII,,,2026,,,,,,,,,43.33164,,,,,,0.124,0.124,,,,,,
754,1,DDP,,Conservacion_sociobosqueII,,,2027,,,,,,,,,53.589780000000005,,,,,,0.124,0.124,,,,,,
754,1,DDP,,Conservacion_sociobosqueII,,,2028,,,,,,,,,63.847919999999995,,,,,,0.124,0.124,,,,,,
754,1,DDP,,Conservacion_sociobosqueII,,,2029,,,,,,,,,74.10606,,,,,,0.124,0.124,,,,,,
754,1,DDP,,Conservacion_sociobosqueII,,,2030,,,,,,,,,84.3642,,,,,,0.124,0.124,,,,,,
754,1,DDP,,Conservacion_sociobosqueII,,,2031,,,,,,,,,94.62234,,,,,,0.124,0.124,,,,,,
754,1,DDP,,Conservacion_sociobosqueII,,,2032,,,,,,,,,104.88047999999999,,,,,,0.124,0.124,,,,,,
754,1,DDP,,Conservacion_sociobosqueII,,,2033,,,,,,,,,115.13862,,,,,,0.124,0.124,,,,,,
754,1,DDP,,Conservacion_sociobosqueII,,,2034,,,,,,,,,125.39676,,,,,,0.124,0.124,,,,,,
754,1,DDP,,Conservacion_sociobosqueII,,,2035,,,,,,,,,135.6549,,,,,,0.124,0.124,,,,,,
754,1,DDP,,Conservacion_sociobosqueII,,,2036,,,,,,,,,145.91304,,,,,,0.124,0.124,,,,,,
754,1,DDP,,Conservacion_sociobosqueII,,,2037,,,,,,,,,156.17118000000002,,,,,,0.124,0.124,,,,,,
754,1,DDP,,Conservacion_sociobosqueII,,,2038,,,,,,,,,166.42932,,,,,,0.124,0.124,,,,,,
754,1,DDP,,Conservacion_sociobosqueII,,,2039,,,,,,,,,176.68746000000002,,,,,,0.124,0.124,,,,,,
754,1,DDP,,Conservacion_sociobosqueII,,,2040,,,,,,,,,186.9456,,,,,,0.124,0.124,,,,,,
754,1,DDP,,Conservacion_sociobosqueII,,,2041,,,,,,,,,197.20373999999998,,,,,,0.124,0.124,,,,,,
754,1,DDP,,Conservacion_sociobosqueII,,,2042,,,,,,,,,207.46188,,,,,,0.124,0.124,,,,,,
754,1,DDP,,Conservacion_sociobosqueII,,,2043,,,,,,,,,217.72002,,,,,,0.124,0.124,,,,,,
754,1,DDP,,Conservacion_sociobosqueII,,,2044,,,,,,,,,227.97816,,,,,,0.124,0.124,,,,,,
754,1,DDP,,Conservacion_sociobosqueII,,,2045,,,,,,,,,238.2363,,,,,,0.124,0.124,,,,,,
754,1,DDP,,Conservacion_sociobosqueII,,,2046,,,,,,,,,248.49444000000003,,,,,,0.124,0.124,,,,,,
754,1,DDP,,Conservacion_sociobosqueII,,,2047,,,,,,,,,258.75258,,,,,,0.124,0.124,,,,,,
754,1,DDP,,Conservacion_sociobosqueII,,,2048,,,,,,,,,269.01072,,,,,,0.124,0.124,,,,,,
754,1,DDP,,Conservacion_sociobosqueII,,,2049,,,,,,,,,279.26886,,,,,,0.124,0.124,,,,,,
754,1,DDP,,Conservacion_sociobosqueII,,,2050,,,,,,,,,289.52700000000004,,,,,,0.124,0.124,,,,,,
754,1,DDP,,Conservacion_sociobosqueII,,,2051,,,,,,,,,289.52700000000004,,,,,,0.0,0.0,,,,,,
754,1,DDP,,Conservacion_sociobosqueII,,,2052,,,,,,,,,289.52700000000004,,,,,,0.0,0.0,,,,,,
754,1,DDP,,Conservacion_sociobosqueII,,,2053,,,,,,,,,289.52700000000004,,,,,,0.0,0.0,,,,,,
754,1,DDP,,Conservacion_sociobosqueII,,,2054,,,,,,,,,289.52700000000004,,,,,,0.0,0.0,,,,,,
754,1,DDP,,Conservacion_sociobosqueII,,,2055,,,,,,,,,289.52700000000004,,,,,,0.0,0.0,,,,,,
754,1,DDP,,Conservacion_sociobosqueII,,,2056,,,,,,,,,289.52700000000004,,,,,,0.0,0.0,,,,,,
754,1,DDP,,Conservacion_sociobosqueII,,,2057,,,,,,,,,289.52700000000004,,,,,,0.0,0.0,,,,,,
754,1,DDP,,Conservacion_sociobosqueII,,,2058,,,,,,,,,289.52700000000004,,,,,,0.0,0.0,,,,,,
754,1,DDP,,Conservacion_sociobosqueII,,,2059,,,,,,,,,289.52700000000004,,,,,,0.0,0.0,,,,,,
754,1,DDP,,Conservacion_sociobosqueII,,,2060,,,,,,,,,289.52700000000004,,,,,,0.0,0.0,,,,,,
754,1,DDP,,Conservacion_sociobosqueII,,,2061,,,,,,,,,289.52700000000004,,,,,,0.0,0.0,,,,,,
754,1,DDP,,Conservacion_sociobosqueII,,,2062,,,,,,,,,289.52700000000004,,,,,,0.0,0.0,,,,,,
754,1,DDP,,Conservacion_sociobosqueII,,,2063,,,,,,,,,289.52700000000004,,,,,,0.0,0.0,,,,,,
754,1,DDP,,Conservacion_sociobosqueII,,,2064,,,,,,,,,289.52700000000004,,,,,,0.0,0.0,,,,,,
754,1,DDP,,Conservacion_sociobosqueII,,,2065,,,,,,,,,289.52700000000004,,,,,,0.0,0.0,,,,,,
754,1,DDP,,Conservacion_sociobosqueII,,,2066,,,,,,,,,289.52700000000004,,,,,,0.0,0.0,,,,,,
754,1,DDP,,Conservacion_sociobosqueII,,,2067,,,,,,,,,289.52700000000004,,,,,,0.0,0.0,,,,,,
754,1,DDP,,Conservacion_sociobosqueII,,,2068,,,,,,,,,289.52700000000004,,,,,,0.0,0.0,,,,,,
754,1,DDP,,Conservacion_sociobosqueII,,,2069,,,,,,,,,289.52700000000004,,,,,,0.0,0.0,,,,,,
754,1,DDP,,Conservacion_sociobosqueII,,,2070,,,,,,,,,289.52700000000004,,,,,,0.0,0.0,,,,,,
754,1,DDP,,Otros_cultivos,,,2018,,,,,,,,,,,,,,,1.7916190000000003,1.7916190000000003,,,,,,
754,1,DDP,,Otros_cultivos,,,2019,,,,,,,,,,,,,,,1.8118371566842644,1.8118371566842644,,,,,,
754,1,DDP,,Otros_cultivos,,,2020,,,,,,,,,,,,,,,1.7755248368674272,1.7755248368674272,,,,,,
754,1,DDP,,Otros_cultivos,,,2021,,,,,,,,,,,,,,,1.789655066390039,1.789655066390039,,,,,,
754,1,DDP,,Otros_cultivos,,,2022,,,,,,,,,,,,,,,1.8183666080197058,1.8183666080197058,,,,,,
754,1,DDP,,Otros_cultivos,,,2023,,,,,,,,,,,,,,,1.8199346507925886,1.8199346507925886,,,,,,
754,1,DDP,,Otros_cultivos,,,2024,,,,,,,,,,,,,,,1.7815802184615388,1.7815802184615388,,,,,,
754,1,DDP,,Otros_cultivos,,,2025,,,,,,,,,,,,,,,1.755478458806354,1.755478458806354,,,,,,
754,1,DDP,,Otros_cultivos,,,2026,,,,,,,,,,,,,,,1.7479214350436207,1.7479214350436207,,,,,,
754,1,DDP,,Otros_cultivos,,,2027,,,,,,,,,,,,,,,1.7468655837843459,1.7468655837843459,,,,,,
754,1,DDP,,Otros_cultivos,,,2028,,,,,,,,,,,,,,,1.728256353887584,1.728256353887584,,,,,,
754,1,DDP,,Otros_cultivos,,,2029,,,,,,,,,,,,,,,1.7205521068210967,1.7205521068210967,,,,,,
754,1,DDP,,Otros_cultivos,,,2030,,,,,,,,,,,,,,,1.7084458381281487,1.7084458381281487,,,,,,
754,1,DDP,,Otros_cultivos,,,2031,,,,,,,,,,,,,,,1.680401101859571,1.680401101859571,,,,,,
754,1,DDP,,Otros_cultivos,,,2032,,,,,,,,,,,,,,,1.664519976726128,1.664519976726128,,,,,,
754,1,DDP,,Otros_cultivos,,,2033,,,,,,,,,,,,,,,1.63926747152862,1.63926747152862,,,,,,
754,1,DDP,,Otros_cultivos,,,2034,,,,,,,,,,,,,,,1.6232423762210715,1.6232423762210715,,,,,,
754,1,DDP,,Otros_cultivos,,,2035,,,,,,,,,,,,,,,1.6062871607764513,1.6062871607764513,,,,,,
754,1,DDP,,Otros_cultivos,,,2036,,,,,,,,,,,,,,,1.5844757507076273,1.5844757507076273,,,,,,
754,1,DDP,,Otros_cultivos,,,2037,,,,,,,,,,,,,,,1.5675048893780594,1.5675048893780594,,,,,,
754,1,DDP,,Otros_cultivos,,,2038,,,,,,,,,,,,,,,1.548056092060548,1.548056092060548,,,,,,
754,1,DDP,,Otros_cultivos,,,2039,,,,,,,,,,,,,,,1.523841832071886,1.523841832071886,,,,,,
754,1,DDP,,Otros_cultivos,,,2040,,,,,,,,,,,,,,,1.503947494075648,1.503947494075648,,,,,,
754,1,DDP,,Otros_cultivos,,,2041,,,,,,,,,,,,,,,1.4828761809332265,1.4828761809332265,,,,,,
754,1,DDP,,Otros_cultivos,,,2042,,,,,,,,,,,,,,,1.4620682774857598,1.4620682774857598,,,,,,
754,1,DDP,,Otros_cultivos,,,2043,,,,,,,,,,,,,,,1.4510491941115389,1.4510491941115389,,,,,,
754,1,DDP,,Otros_cultivos,,,2044,,,,,,,,,,,,,,,1.4293564257921811,1.4293564257921811,,,,,,
754,1,DDP,,Otros_cultivos,,,2045,,,,,,,,,,,,,,,1.414336752868018,1.414336752868018,,,,,,
754,1,DDP,,Otros_cultivos,,,2046,,,,,,,,,,,,,,,1.3887744864924707,1.3887744864924707,,,,,,
754,1,DDP,,Otros_cultivos,,,2047,,,,,,,,,,,,,,,1.3725536224832977,1.3725536224832977,,,,,,
754,1,DDP,,Otros_cultivos,,,2048,,,,,,,,,,,,,,,1.356788254290858,1.356788254290858,,,,,,
754,1,DDP,,Otros_cultivos,,,2049,,,,,,,,,,,,,,,1.3395203811450698,1.3395203811450698,,,,,,
754,1,DDP,,Otros_cultivos,,,2050,,,,,,,,,,,,,,,1.3021473365371528,1.3021473365371528,,,,,,
754,1,DDP,,Otros_cultivos,,,2051,,,,,,,,,,,,,,,1.2640639356077,1.2640639356077,,,,,,
754,1,DDP,,Otros_cultivos,,,2052,,,,,,,,,,,,,,,1.230062335948238,1.230062335948238,,,,,,
754,1,DDP,,Otros_cultivos,,,2053,,,,,,,,,,,,,,,1.195751571020704,1.195751571020704,,,,,,
754,1,DDP,,Otros_cultivos,,,2054,,,,,,,,,,,,,,,1.1597088502440294,1.1597088502440294,,,,,,
754,1,DDP,,Otros_cultivos,,,2055,,,,,,,,,,,,,,,1.1229425697466084,1.1229425697466084,,,,,,
754,1,DDP,,Otros_cultivos,,,2056,,,,,,,,,,,,,,,1.0845877499583276,1.0845877499583276,,,,,,
754,1,DDP,,Otros_cultivos,,,2057,,,,,,,,,,,,,,,1.047453778728638,1.047453778728638,,,,,,
754,1,DDP,,Otros_cultivos,,,2058,,,,,,,,,,,,,,,1.0095772437551798,1.0095772437551798,,,,,,
754,1,DDP,,Otros_cultivos,,,2059,,,,,,,,,,,,,,,0.9709743822162664,0.9709743822162664,,,,,,
754,1,DDP,,Otros_cultivos,,,2060,,,,,,,,,,,,,,,0.931861432838676,0.931861432838676,,,,,,
754,1,DDP,,Otros_cultivos,,,2061,,,,,,,,,,,,,,,0.8924404871720737,0.8924404871720737,,,,,,
754,1,DDP,,Otros_cultivos,,,2062,,,,,,,,,,,,,,,0.8525848307860587,0.8525848307860587,,,,,,
754,1,DDP,,Otros_cultivos,,,2063,,,,,,,,,,,,,,,0.8122444940427588,0.8122444940427588,,,,,,
754,1,DDP,,Otros_cultivos,,,2064,,,,,,,,,,,,,,,0.7714105626289968,0.7714105626289968,,,,,,
754,1,DDP,,Otros_cultivos,,,2065,,,,,,,,,,,,,,,0.7302220208880661,0.7302220208880661,,,,,,
754,1,DDP,,Otros_cultivos,,,2066,,,,,,,,,,,,,,,0.6886903623413556,0.6886903623413556,,,,,,
754,1,DDP,,Otros_cultivos,,,2067,,,,,,,,,,,,,,,0.6468841506349332,0.6468841506349332,,,,,,
754,1,DDP,,Otros_cultivos,,,2068,,,,,,,,,,,,,,,0.6047074748091381,0.6047074748091381,,,,,,
754,1,DDP,,Otros_cultivos,,,2069,,,,,,,,,,,,,,,0.5621987023484675,0.5621987023484675,,,,,,
754,1,DDP,,Otros_cultivos,,,2070,,,,,,,,,,,,,,,0.5193944938746358,0.5193944938746358,,,,,,
754,1,DDP,,Pastizales,,,2018,,,,,,,,,,,,,,,2.37583647,2.37583647,,,,,,
754,1,DDP,,Pastizales,,,2019,,,,,,,,,,,,,,,2.369059,2.369059,,,,,,
754,1,DDP,,Pastizales,,,2020,,,,,,,,,,,,,,,2.361968,2.361968,,,,,,
754,1,DDP,,Pastizales,,,2021,,,,,,,,,,,,,,,2.354877,2.354877,,,,,,
754,1,DDP,,Pastizales,,,2022,,,,,,,,,,,,,,,2.347786,2.347786,,,,,,
754,1,DDP,,Pastizales,,,2023,,,,,,,,,,,,,,,2.374387005,2.374387005,,,,,,
754,1,DDP,,Pastizales,,,2024,,,,,,,,,,,,,,,2.3374299326279684,2.3374299326279684,,,,,,
754,1,DDP,,Pastizales,,,2025,,,,,,,,,,,,,,,2.319519022105688,2.319519022105688,,,,,,
754,1,DDP,,Pastizales,,,2026,,,,,,,,,,,,,,,2.3022956016750555,2.3022956016750555,,,,,,
754,1,DDP,,Pastizales,,,2027,,,,,,,,,,,,,,,2.288263460916096,2.288263460916096,,,,,,
754,1,DDP,,Pastizales,,,2028,,,,,,,,,,,,,,,2.274934233111582,2.274934233111582,,,,,,
754,1,DDP,,Pastizales,,,2029,,,,,,,,,,,,,,,2.263757413993377,2.263757413993377,,,,,,
754,1,DDP,,Pastizales,,,2030,,,,,,,,,,,,,,,2.251759254694002,2.251759254694002,,,,,,
754,1,DDP,,Pastizales,,,2031,,,,,,,,,,,,,,,2.2424938443133544,2.2424938443133544,,,,,,
754,1,DDP,,Pastizales,,,2032,,,,,,,,,,,,,,,2.2312948429169204,2.2312948429169204,,,,,,
754,1,DDP,,Pastizales,,,2033,,,,,,,,,,,,,,,2.21891206806137,2.21891206806137,,,,,,
754,1,DDP,,Pastizales,,,2034,,,,,,,,,,,,,,,2.208186197247606,2.208186197247606,,,,,,
754,1,DDP,,Pastizales,,,2035,,,,,,,,,,,,,,,2.197396889955248,2.197396889955248,,,,,,
754,1,DDP,,Pastizales,,,2036,,,,,,,,,,,,,,,2.1871158909142596,2.1871158909142596,,,,,,
754,1,DDP,,Pastizales,,,2037,,,,,,,,,,,,,,,2.177311131202314,2.177311131202314,,,,,,
754,1,DDP,,Pastizales,,,2038,,,,,,,,,,,,,,,2.1672680171044703,2.1672680171044703,,,,,,
754,1,DDP,,Pastizales,,,2039,,,,,,,,,,,,,,,2.1560328858659163,2.1560328858659163,,,,,,
754,1,DDP,,Pastizales,,,2040,,,,,,,,,,,,,,,2.1451020200748236,2.1451020200748236,,,,,,
754,1,DDP,,Pastizales,,,2041,,,,,,,,,,,,,,,2.1338362653938763,2.1338362653938763,,,,,,
754,1,DDP,,Pastizales,,,2042,,,,,,,,,,,,,,,2.1224265241600246,2.1224265241600246,,,,,,
754,1,DDP,,Pastizales,,,2043,,,,,,,,,,,,,,,2.1117264921382977,2.1117264921382977,,,,,,
754,1,DDP,,Pastizales,,,2044,,,,,,,,,,,,,,,2.099807142772401,2.099807142772401,,,,,,
754,1,DDP,,Pastizales,,,2045,,,,,,,,,,,,,,,2.088306384503652,2.088306384503652,,,,,,
754,1,DDP,,Pastizales,,,2046,,,,,,,,,,,,,,,2.0756548872661953,2.0756548872661953,,,,,,
754,1,DDP,,Pastizales,,,2047,,,,,,,,,,,,,,,2.0637650974354558,2.0637650974354558,,,,,,
754,1,DDP,,Pastizales,,,2048,,,,,,,,,,,,,,,2.0518833064958453,2.0518833064958453,,,,,,
754,1,DDP,,Pastizales,,,2049,,,,,,,,,,,,,,,2.039792484978075,2.039792484978075,,,,,,
754,1,DDP,,Pastizales,,,2050,,,,,,,,,,,,,,,2.027693438991023,2.027693438991023,,,,,,
754,1,DDP,,Pastizales,,,2051,,,,,,,,,,,,,,,2.0243762447987232,2.0243762447987232,,,,,,
754,1,DDP,,Pastizales,,,2052,,,,,,,,,,,,,,,2.0210714537880277,2.0210714537880277,,,,,,
754,1,DDP,,Pastizales,,,2053,,,,,,,,,,,,,,,2.017749409893564,2.017749409893564,,,,,,
754,1,DDP,,Pastizales,,,2054,,,,,,,,,,,,,,,2.0143775177178713,2.0143775177178713,,,,,,
754,1,DDP,,Pastizales,,,2055,,,,,,,,,,,,,,,2.0109816927836195,2.0109816927836195,,,,,,
754,1,DDP,,Pastizales,,,2056,,,,,,,,,,,,,,,2.0075861014849137,2.0075861014849137,,,,,,
754,1,DDP,,Pastizales,,,2057,,,,,,,,,,,,,,,2.0042059452378838,2.0042059452378838,,,,,,
754,1,DDP,,Pastizales,,,2058,,,,,,,,,,,,,,,2.0008386020547304,2.0008386020547304,,,,,,
754,1,DDP,,Pastizales,,,2059,,,,,,,,,,,,,,,1.9974915941402578,1.9974915941402578,,,,,,
754,1,DDP,,Pastizales,,,2060,,,,,,,,,,,,,,,1.9941317294089562,1.9941317294089562,,,,,,
754,1,DDP,,Pastizales,,,2061,,,,,,,,,,,,,,,1.9908196198361707,1.9908196198361707,,,,,,
754,1,DDP,,Pastizales,,,2062,,,,,,,,,,,,,,,1.9875316021138931,1.9875316021138931,,,,,,
754,1,DDP,,Pastizales,,,2063,,,,,,,,,,,,,,,1.9843217837722413,1.9843217837722413,,,,,,
754,1,DDP,,Pastizales,,,2064,,,,,,,,,,,,,,,1.9811529781235913,1.9811529781235913,,,,,,
754,1,DDP,,Pastizales,,,2065,,,,,,,,,,,,,,,1.9780246167993742,1.9780246167993742,,,,,,
754,1,DDP,,Pastizales,,,2066,,,,,,,,,,,,,,,1.9749456608107299,1.9749456608107299,,,,,,
754,1,DDP,,Pastizales,,,2067,,,,,,,,,,,,,,,1.9719145983417514,1.9719145983417514,,,,,,
754,1,DDP,,Pastizales,,,2068,,,,,,,,,,,,,,,1.9688975135165254,1.9688975135165254,,,,,,
754,1,DDP,,Pastizales,,,2069,,,,,,,,,,,,,,,1.9658978773539306,1.9658978773539306,,,,,,
754,1,DDP,,Pastizales,,,2070,,,,,,,,,,,,,,,1.9629179738266367,1.9629179738266367,,,,,,
754,1,DDP,,Humedal,,,2018,,,,,,,,,,,,,,,0.49199787,0.49199787,,,,,,
754,1,DDP,,Humedal,,,2019,,,,,,,,,,,,,,,0.4918284341986584,0.4918284341986584,,,,,,
754,1,DDP,,Humedal,,,2020,,,,,,,,,,,,,,,0.4918284341986584,0.4918284341986584,,,,,,
754,1,DDP,,Humedal,,,2021,,,,,,,,,,,,,,,0.4918284341986584,0.4918284341986584,,,,,,
754,1,DDP,,Humedal,,,2022,,,,,,,,,,,,,,,0.4911483535129859,0.4911483535129859,,,,,,
754,1,DDP,,Humedal,,,2023,,,,,,,,,,,,,,,0.4948202132156822,0.4948202132156822,,,,,,
754,1,DDP,,Humedal,,,2024,,,,,,,,,,,,,,,0.4896008072666923,0.4896008072666923,,,,,,
754,1,DDP,,Humedal,,,2025,,,,,,,,,,,,,,,0.48626320205727686,0.48626320205727686,,,,,,
754,1,DDP,,Humedal,,,2026,,,,,,,,,,,,,,,0.4845317892471605,0.4845317892471605,,,,,,
754,1,DDP,,Humedal,,,2027,,,,,,,,,,,,,,,0.4827876740994949,0.4827876740994949,,,,,,
754,1,DDP,,Humedal,,,2028,,,,,,,,,,,,,,,0.4810305705544182,0.4810305705544182,,,,,,
754,1,DDP,,Humedal,,,2029,,,,,,,,,,,,,,,0.47926018403315435,0.47926018403315435,,,,,,
754,1,DDP,,Humedal,,,2030,,,,,,,,,,,,,,,0.47747621114242966,0.47747621114242966,,,,,,
754,1,DDP,,Humedal,,,2031,,,,,,,,,,,,,,,0.47567833936612025,0.47567833936612025,,,,,,
754,1,DDP,,Humedal,,,2032,,,,,,,,,,,,,,,0.4738662467434999,0.4738662467434999,,,,,,
754,1,DDP,,Humedal,,,2033,,,,,,,,,,,,,,,0.47203960153341634,0.47203960153341634,,,,,,
754,1,DDP,,Humedal,,,2034,,,,,,,,,,,,,,,0.4701980618636896,0.4701980618636896,,,,,,
754,1,DDP,,Humedal,,,2035,,,,,,,,,,,,,,,0.4683412753649836,0.4683412753649836,,,,,,
754,1,DDP,,Humedal,,,2036,,,,,,,,,,,,,,,0.4664688787883557,0.4664688787883557,,,,,,
754,1,DDP,,Humedal,,,2037,,,,,,,,,,,,,,,0.46458049760564746,0.46458049760564746,,,,,,
754,1,DDP,,Humedal,,,2038,,,,,,,,,,,,,,,0.4626757455918246,0.4626757455918246,,,,,,
754,1,DDP,,Humedal,,,2039,,,,,,,,,,,,,,,0.4607542243883254,0.4607542243883254,,,,,,
754,1,DDP,,Humedal,,,2040,,,,,,,,,,,,,,,0.45881552304641526,0.45881552304641526,,,,,,
754,1,DDP,,Humedal,,,2041,,,,,,,,,,,,,,,0.45685921754949116,0.45685921754949116,,,,,,
754,1,DDP,,Humedal,,,2042,,,,,,,,,,,,,,,0.4548848703132069,0.4548848703132069,,,,,,
754,1,DDP,,Humedal,,,2043,,,,,,,,,,,,,,,0.45289202966222786,0.45289202966222786,,,,,,
754,1,DDP,,Humedal,,,2044,,,,,,,,,,,,,,,0.4508802292823458,0.4508802292823458,,,,,,
754,1,DDP,,Humedal,,,2045,,,,,,,,,,,,,,,0.4488489876466061,0.4488489876466061,,,,,,
754,1,DDP,,Humedal,,,2046,,,,,,,,,,,,,,,0.44679780741401376,0.44679780741401376,,,,,,
754,1,DDP,,Humedal,,,2047,,,,,,,,,,,,,,,0.44472617479929794,0.44472617479929794,,,,,,
754,1,DDP,,Humedal,,,2048,,,,,,,,,,,,,,,0.4426335589121095,0.4426335589121095,,,,,,
754,1,DDP,,Humedal,,,2049,,,,,,,,,,,,,,,0.4405194110639294,0.4405194110639294,,,,,,
754,1,DDP,,Humedal,,,2050,,,,,,,,,,,,,,,0.43838316404084904,0.43838316404084904,,,,,,
754,1,DDP,,Humedal,,,2051,,,,,,,,,,,,,,,0.43803264830122957,0.43803264830122957,,,,,,
754,1,DDP,,Humedal,,,2052,,,,,,,,,,,,,,,0.43768322513389774,0.43768322513389774,,,,,,
754,1,DDP,,Humedal,,,2053,,,,,,,,,,,,,,,0.43733488036706125,0.43733488036706125,,,,,,
754,1,DDP,,Humedal,,,2054,,,,,,,,,,,,,,,0.4369876000268394,0.4369876000268394,,,,,,
754,1,DDP,,Humedal,,,2055,,,,,,,,,,,,,,,0.4366413703318915,0.4366413703318915,,,,,,
754,1,DDP,,Humedal,,,2056,,,,,,,,,,,,,,,0.43629617768808093,0.43629617768808093,,,,,,
754,1,DDP,,Humedal,,,2057,,,,,,,,,,,,,,,0.4359520086831768,0.4359520086831768,,,,,,
754,1,DDP,,Humedal,,,2058,,,,,,,,,,,,,,,0.43560885008158934,0.43560885008158934,,,,,,
754,1,DDP,,Humedal,,,2059,,,,,,,,,,,,,,,0.43526668881914066,0.43526668881914066,,,,,,
754,1,DDP,,Humedal,,,2060,,,,,,,,,,,,,,,0.4349255119978684,0.4349255119978684,,,,,,
754,1,DDP,,Humedal,,,2061,,,,,,,,,,,,,,,0.43458530688086067,0.43458530688086067,,,,,,
754,1,DDP,,Humedal,,,2062,,,,,,,,,,,,,,,0.4342460608871224,0.4342460608871224,,,,,,
754,1,DDP,,Humedal,,,2063,,,,,,,,,,,,,,,0.4339077615864724,0.4339077615864724,,,,,,
754,1,DDP,,Humedal,,,2064,,,,,,,,,,,,,,,0.43357039669446695,0.43357039669446695,,,,,,
754,1,DDP,,Humedal,,,2065,,,,,,,,,,,,,,,0.4332339540673528,0.4332339540673528,,,,,,
754,1,DDP,,Humedal,,,2066,,,,,,,,,,,,,,,0.4328984216970459,0.4328984216970459,,,,,,
754,1,DDP,,Humedal,,,2067,,,,,,,,,,,,,,,0.43256378770613446,0.43256378770613446,,,,,,
754,1,DDP,,Humedal,,,2068,,,,,,,,,,,,,,,0.4322300403429068,0.4322300403429068,,,,,,
754,1,DDP,,Humedal,,,2069,,,,,,,,,,,,,,,0.4318971679764018,0.4318971679764018,,,,,,
754,1,DDP,,Humedal,,,2070,,,,,,,,,,,,,,,0.4315651590914799,0.4315651590914799,,,,,,
754,1,DDP,,Zona_atropica,,,2018,,,,,,,,,,,,,,,0.28590822,0.28590822,,,,,,
754,1,DDP,,Zona_atropica,,,2019,,,,,,,,,,,,,,,0.290015908697302,0.290015908697302,,,,,,
754,1,DDP,,Zona_atropica,,,2020,,,,,,,,,,,,,,,0.2940913341902784,0.2940913341902784,,,,,,
754,1,DDP,,Zona_atropica,,,2021,,,,,,,,,,,,,,,0.2981327833884344,0.2981327833884344,,,,,,
754,1,DDP,,Zona_atropica,,,2022,,,,,,,,,,,,,,,0.3021406593718861,0.3021406593718861,,,,,,
754,1,DDP,,Zona_atropica,,,2023,,,,,,,,,,,,,,,0.2755029217684131,0.2755029217684131,,,,,,
754,1,DDP,,Zona_atropica,,,2024,,,,,,,,,,,,,,,0.27648190033721687,0.27648190033721687,,,,,,
754,1,DDP,,Zona_atropica,,,2025,,,,,,,,,,,,,,,0.2784326582533042,0.2784326582533042,,,,,,
754,1,DDP,,Zona_atropica,,,2026,,,,,,,,,,,,,,,0.28123624553278886,0.28123624553278886,,,,,,
754,1,DDP,,Zona_atropica,,,2027,,,,,,,,,,,,,,,0.283977026364712,0.283977026364712,,,,,,
754,1,DDP,,Zona_atropica,,,2028,,,,,,,,,,,,,,,0.2866522916665476,0.2866522916665476,,,,,,
754,1,DDP,,Zona_atropica,,,2029,,,,,,,,,,,,,,,0.2892612805514102,0.2892612805514102,,,,,,
754,1,DDP,,Zona_atropica,,,2030,,,,,,,,,,,,,,,0.291800033363061,0.291800033363061,,,,,,
754,1,DDP,,Zona_atropica,,,2031,,,,,,,,,,,,,,,0.2942665570714351,0.2942665570714351,,,,,,
754,1,DDP,,Zona_atropica,,,2032,,,,,,,,,,,,,,,0.2966583699420807,0.2966583699420807,,,,,,
754,1,DDP,,Zona_atropica,,,2033,,,,,,,,,,,,,,,0.2989726543225119,0.2989726543225119,,,,,,
754,1,DDP,,Zona_atropica,,,2034,,,,,,,,,,,,,,,0.30120790943903,0.30120790943903,,,,,,
754,1,DDP,,Zona_atropica,,,2035,,,,,,,,,,,,,,,0.3033617101977286,0.3033617101977286,,,,,,
754,1,DDP,,Zona_atropica,,,2036,,,,,,,,,,,,,,,0.3054325474385336,0.3054325474385336,,,,,,
754,1,DDP,,Zona_atropica,,,2037,,,,,,,,,,,,,,,0.30741774781270287,0.30741774781270287,,,,,,
754,1,DDP,,Zona_atropica,,,2038,,,,,,,,,,,,,,,0.30931613033078653,0.30931613033078653,,,,,,
754,1,DDP,,Zona_atropica,,,2039,,,,,,,,,,,,,,,0.3111256848014968,0.3111256848014968,,,,,,
754,1,DDP,,Zona_atropica,,,2040,,,,,,,,,,,,,,,0.312844961162299,0.312844961162299,,,,,,
754,1,DDP,,Zona_atropica,,,2041,,,,,,,,,,,,,,,0.3144734341522835,0.3144734341522835,,,,,,
754,1,DDP,,Zona_atropica,,,2042,,,,,,,,,,,,,,,0.3160100354307873,0.3160100354307873,,,,,,
754,1,DDP,,Zona_atropica,,,2043,,,,,,,,,,,,,,,0.3174530479617274,0.3174530479617274,,,,,,
754,1,DDP,,Zona_atropica,,,2044,,,,,,,,,,,,,,,0.31880197333785526,0.31880197333785526,,,,,,
754,1,DDP,,Zona_atropica,,,2045,,,,,,,,,,,,,,,0.3200551111838063,0.3200551111838063,,,,,,
754,1,DDP,,Zona_atropica,,,2046,,,,,,,,,,,,,,,0.32121190255561105,0.32121190255561105,,,,,,
754,1,DDP,,Zona_atropica,,,2047,,,,,,,,,,,,,,,0.3222725190587507,0.3222725190587507,,,,,,
754,1,DDP,,Zona_atropica,,,2048,,,,,,,,,,,,,,,0.32323496815664493,0.32323496815664493,,,,,,
754,1,DDP,,Zona_atropica,,,2049,,,,,,,,,,,,,,,0.32409961988787006,0.32409961988787006,,,,,,
754,1,DDP,,Zona_atropica,,,2050,,,,,,,,,,,,,,,0.3248669713044802,0.3248669713044802,,,,,,
754,1,DDP,,Zona_atropica,,,2051,,,,,,,,,,,,,,,0.32688509659820614,0.32688509659820614,,,,,,
754,1,DDP,,Zona_atropica,,,2052,,,,,,,,,,,,,,,0.3288396592786321,0.3288396592786321,,,,,,
754,1,DDP,,Zona_atropica,,,2053,,,,,,,,,,,,,,,0.33072934506409846,0.33072934506409846,,,,,,
754,1,DDP,,Zona_atropica,,,2054,,,,,,,,,,,,,,,0.33255287677934475,0.33255287677934475,,,,,,
754,1,DDP,,Zona_atropica,,,2055,,,,,,,,,,,,,,,0.33430901578581773,0.33430901578581773,,,,,,
754,1,DDP,,Zona_atropica,,,2056,,,,,,,,,,,,,,,0.33599656337602707,0.33599656337602707,,,,,,
754,1,DDP,,Zona_atropica,,,2057,,,,,,,,,,,,,,,0.3376143621297634,0.3376143621297634,,,,,,
754,1,DDP,,Zona_atropica,,,2058,,,,,,,,,,,,,,,0.3391612972300411,0.3391612972300411,,,,,,
754,1,DDP,,Zona_atropica,,,2059,,,,,,,,,,,,,,,0.3406362977366795,0.3406362977366795,,,,,,
754,1,DDP,,Zona_atropica,,,2060,,,,,,,,,,,,,,,0.3420383378154989,0.3420383378154989,,,,,,
754,1,DDP,,Zona_atropica,,,2061,,,,,,,,,,,,,,,0.3433664379211609,0.3433664379211609,,,,,,
754,1,DDP,,Zona_atropica,,,2062,,,,,,,,,,,,,,,0.34461966593175586,0.34461966593175586,,,,,,
754,1,DDP,,Zona_atropica,,,2063,,,,,,,,,,,,,,,0.34579713823330327,0.34579713823330327,,,,,,
754,1,DDP,,Zona_atropica,,,2064,,,,,,,,,,,,,,,0.3468980207524086,0.3468980207524086,,,,,,
754,1,DDP,,Zona_atropica,,,2065,,,,,,,,,,,,,,,0.3479215299353926,0.3479215299353926,,,,,,
754,1,DDP,,Zona_atropica,,,2066,,,,,,,,,,,,,,,0.3488669336722952,0.3488669336722952,,,,,,
754,1,DDP,,Zona_atropica,,,2067,,,,,,,,,,,,,,,0.3497335521642303,0.3497335521642303,,,,,,
754,1,DDP,,Zona_atropica,,,2068,,,,,,,,,,,,,,,0.3505207587326663,0.3505207587326663,,,,,,
754,1,DDP,,Zona_atropica,,,2069,,,,,,,,,,,,,,,0.35122798056928484,0.35122798056928484,,,,,,
754,1,DDP,,Zona_atropica,,,2070,,,,,,,,,,,,,,,0.3518546994251747,0.3518546994251747,,,,,,
754,1,DDP,,Otras_tierras,,,2018,,,,,,,,,,,,,,,0.1085904,0.1085904,,,,,,
754,1,DDP,,Otras_tierras,,,2019,,,,,,,,,,,,,,,0.109951874208827,0.109951874208827,,,,,,
754,1,DDP,,Otras_tierras,,,2020,,,,,,,,,,,,,,,0.1113304181772396,0.1113304181772396,,,,,,
754,1,DDP,,Otras_tierras,,,2021,,,,,,,,,,,,,,,0.1127262459208176,0.1127262459208176,,,,,,
754,1,DDP,,Otras_tierras,,,2022,,,,,,,,,,,,,,,0.1141381086972078,0.1141381086972078,,,,,,
754,1,DDP,,Otras_tierras,,,2023,,,,,,,,,,,,,,,0.1040108891722865,0.1040108891722865,,,,,,
754,1,DDP,,Otras_tierras,,,2024,,,,,,,,,,,,,,,0.10434575430639832,0.10434575430639832,,,,,,
754,1,DDP,,Otras_tierras,,,2025,,,,,,,,,,,,,,,0.10507643666794336,0.10507643666794336,,,,,,
754,1,DDP,,Otras_tierras,,,2026,,,,,,,,,,,,,,,0.10615915983180574,0.10615915983180574,,,,,,
754,1,DDP,,Otras_tierras,,,2027,,,,,,,,,,,,,,,0.10724884646468237,0.10724884646468237,,,,,,
754,1,DDP,,Otras_tierras,,,2028,,,,,,,,,,,,,,,0.10834537702441878,0.10834537702441878,,,,,,
754,1,DDP,,Otras_tierras,,,2029,,,,,,,,,,,,,,,0.10944862300963433,0.10944862300963433,,,,,,
754,1,DDP,,Otras_tierras,,,2030,,,,,,,,,,,,,,,0.11055844653889962,0.11055844653889962,,,,,,
754,1,DDP,,Otras_tierras,,,2031,,,,,,,,,,,,,,,0.11167469991007133,0.11167469991007133,,,,,,
754,1,DDP,,Otras_tierras,,,2032,,,,,,,,,,,,,,,0.11279722513875814,0.11279722513875814,,,,,,
754,1,DDP,,Otras_tierras,,,2033,,,,,,,,,,,,,,,0.11392585347482816,0.11392585347482816,,,,,,
754,1,DDP,,Otras_tierras,,,2034,,,,,,,,,,,,,,,0.11506040489580763,0.11506040489580763,,,,,,
754,1,DDP,,Otras_tierras,,,2035,,,,,,,,,,,,,,,0.11620068757594959,0.11620068757594959,,,,,,
754,1,DDP,,Otras_tierras,,,2036,,,,,,,,,,,,,,,0.1173464973296813,0.1173464973296813,,,,,,
754,1,DDP,,Otras_tierras,,,2037,,,,,,,,,,,,,,,0.11849761702806101,0.11849761702806101,,,,,,
754,1,DDP,,Otras_tierras,,,2038,,,,,,,,,,,,,,,0.11965381598679195,0.11965381598679195,,,,,,
754,1,DDP,,Otras_tierras,,,2039,,,,,,,,,,,,,,,0.12081484932425443,0.12081484932425443,,,,,,
754,1,DDP,,Otras_tierras,,,2040,,,,,,,,,,,,,,,0.12198045728792188,0.12198045728792188,,,,,,
754,1,DDP,,Otras_tierras,,,2041,,,,,,,,,,,,,,,0.12315036454742685,0.12315036454742685,,,,,,
754,1,DDP,,Otras_tierras,,,2042,,,,,,,,,,,,,,,0.12432427945243682,0.12432427945243682,,,,,,
754,1,DDP,,Otras_tierras,,,2043,,,,,,,,,,,,,,,0.1255018932533808,0.1255018932533808,,,,,,
754,1,DDP,,Otras_tierras,,,2044,,,,,,,,,,,,,,,0.12668287928295144,0.12668287928295144,,,,,,
754,1,DDP,,Otras_tierras,,,2045,,,,,,,,,,,,,,,0.12786689209616914,0.12786689209616914,,,,,,
754,1,DDP,,Otras_tierras,,,2046,,,,,,,,,,,,,,,0.1290535665666584,0.1290535665666584,,,,,,
754,1,DDP,,Otras_tierras,,,2047,,,,,,,,,,,,,,,0.13024251693663333,0.13024251693663333,,,,,,
754,1,DDP,,Otras_tierras,,,2048,,,,,,,,,,,,,,,0.1314333358179287,0.1314333358179287,,,,,,
754,1,DDP,,Otras_tierras,,,2049,,,,,,,,,,,,,,,0.13262559314123762,0.13262559314123762,,,,,,
754,1,DDP,,Otras_tierras,,,2050,,,,,,,,,,,,,,,0.13381883505053277,0.13381883505053277,,,,,,
754,1,DDP,,Otras_tierras,,,2051,,,,,,,,,,,,,,,0.13557229269370386,0.13557229269370386,,,,,,
754,1,DDP,,Otras_tierras,,,2052,,,,,,,,,,,,,,,0.13734897880825772,0.13734897880825772,,,,,,
754,1,DDP,,Otras_tierras,,,2053,,,,,,,,,,,,,,,0.13914920055871782,0.13914920055871782,,,,,,
754,1,DDP,,Otras_tierras,,,2054,,,,,,,,,,,,,,,0.14097326916469016,0.14097326916469016,,,,,,
754,1,DDP,,Otras_tierras,,,2055,,,,,,,,,,,,,,,0.1428214999534483,0.1428214999534483,,,,,,
754,1,DDP,,Otras_tierras,,,2056,,,,,,,,,,,,,,,0.1446942124131496,0.1446942124131496,,,,,,
754,1,DDP,,Otras_tierras,,,2057,,,,,,,,,,,,,,,0.1465917302466878,0.1465917302466878,,,,,,
754,1,DDP,,Otras_tierras,,,2058,,,,,,,,,,,,,,,0.14851438142618878,0.14851438142618878,,,,,,
754,1,DDP,,Otras_tierras,,,2059,,,,,,,,,,,,,,,0.1504624982481528,0.1504624982481528,,,,,,
754,1,DDP,,Otras_tierras,,,2060,,,,,,,,,,,,,,,0.15243641738925132,0.15243641738925132,,,,,,
754,1,DDP,,Otras_tierras,,,2061,,,,,,,,,,,,,,,0.15443647996278062,0.15443647996278062,,,,,,
754,1,DDP,,Otras_tierras,,,2062,,,,,,,,,,,,,,,0.15646303157578123,0.15646303157578123,,,,,,
754,1,DDP,,Otras_tierras,,,2063,,,,,,,,,,,,,,,0.15851642238682517,0.15851642238682517,,,,,,
754,1,DDP,,Otras_tierras,,,2064,,,,,,,,,,,,,,,0.16059700716447756,0.16059700716447756,,,,,,
754,1,DDP,,Otras_tierras,,,2065,,,,,,,,,,,,,,,0.16270514534643843,0.16270514534643843,,,,,,
754,1,DDP,,Otras_tierras,,,2066,,,,,,,,,,,,,,,0.16484120109936815,0.16484120109936815,,,,,,
754,1,DDP,,Otras_tierras,,,2067,,,,,,,,,,,,,,,0.16700554337940277,0.16700554337940277,,,,,,
754,1,DDP,,Otras_tierras,,,2068,,,,,,,,,,,,,,,0.16919854599336334,0.16919854599336334,,,,,,
754,1,DDP,,Otras_tierras,,,2069,,,,,,,,,,,,,,,0.1714205876606646,0.1714205876606646,,,,,,
754,1,DDP,,Otras_tierras,,,2070,,,,,,,,,,,,,,,0.17367205207592623,0.17367205207592623,,,,,,
754,1,DDP,,Bosque_nativo_sinproteger,,,2018,,,,,,,,,,,,,,,6.554446909999999,6.554446909999999,,,,,,
754,1,DDP,,Bosque_nativo_sinproteger,,,2019,,,,,,,,,,,,,,,6.496880948162,6.496880948162,,,,,,
754,1,DDP,,Bosque_nativo_sinproteger,,,2020,,,,,,,,,,,,,,,6.4395797897484535,6.4395797897484535,,,,,,
754,1,DDP,,Bosque_nativo_sinproteger,,,2021,,,,,,,,,,,,,,,6.3825422166636105,6.3825422166636105,,,,,,
754,1,DDP,,Bosque_nativo_sinproteger,,,2022,,,,,,,,,,,,,,,6.325767016414957,6.325767016414957,,,,,,
754,1,DDP,,Bosque_nativo_sinproteger,,,2023,,,,,,,,,,,,,,,6.153791561703098,6.153791561703098,,,,,,
754,1,DDP,,Bosque_nativo_sinproteger,,,2024,,,,,,,,,,,,,,,5.985806852425025,5.985806852425025,,,,,,
754,1,DDP,,Bosque_nativo_sinproteger,,,2025,,,,,,,,,,,,,,,5.8435747581638555,5.8435747581638555,,,,,,
754,1,DDP,,Bosque_nativo_sinproteger,,,2026,,,,,,,,,,,,,,,5.662164770662289,5.662164770662289,,,,,,
754,1,DDP,,Bosque_nativo_sinproteger,,,2027,,,,,,,,,,,,,,,5.482513371252621,5.482513371252621,,,,,,
754,1,DDP,,Bosque_nativo_sinproteger,,,2028,,,,,,,,,,,,,,,5.3046133061660985,5.3046133061660985,,,,,,
754,1,DDP,,Bosque_nativo_sinproteger,,,2029,,,,,,,,,,,,,,,5.128457909489145,5.128457909489145,,,,,,
754,1,DDP,,Bosque_nativo_sinproteger,,,2030,,,,,,,,,,,,,,,4.954041102968042,4.954041102968042,,,,,,
754,1,DDP,,Bosque_nativo_sinproteger,,,2031,,,,,,,,,,,,,,,4.781357396250554,4.781357396250554,,,,,,
754,1,DDP,,Bosque_nativo_sinproteger,,,2032,,,,,,,,,,,,,,,4.610401887572712,4.610401887572712,,,,,,
754,1,DDP,,Bosque_nativo_sinproteger,,,2033,,,,,,,,,,,,,,,4.441170264899733,4.441170264899733,,,,,,
754,1,DDP,,Bosque_nativo_sinproteger,,,2034,,,,,,,,,,,,,,,4.273658807530859,4.273658807530859,,,,,,
754,1,DDP,,Bosque_nativo_sinproteger,,,2035,,,,,,,,,,,,,,,4.1078643881788075,4.1078643881788075,,,,,,
754,1,DDP,,Bosque_nativo_sinproteger,,,2036,,,,,,,,,,,,,,,3.9437844755354026,3.9437844755354026,,,,,,
754,1,DDP,,Bosque_nativo_sinproteger,,,2037,,,,,,,,,,,,,,,3.781417137335952,3.781417137335952,,,,,,
754,1,DDP,,Bosque_nativo_sinproteger,,,2038,,,,,,,,,,,,,,,3.620761043935964,3.620761043935964,,,,,,
754,1,DDP,,Bosque_nativo_sinproteger,,,2039,,,,,,,,,,,,,,,3.4618154724148256,3.4618154724148256,,,,,,
754,1,DDP,,Bosque_nativo_sinproteger,,,2040,,,,,,,,,,,,,,,3.3045803112222516,3.3045803112222516,,,,,,
754,1,DDP,,Bosque_nativo_sinproteger,,,2041,,,,,,,,,,,,,,,3.1490560653845407,3.1490560653845407,,,,,,
754,1,DDP,,Bosque_nativo_sinproteger,,,2042,,,,,,,,,,,,,,,2.9952438622888815,2.9952438622888815,,,,,,
754,1,DDP,,Bosque_nativo_sinproteger,,,2043,,,,,,,,,,,,,,,2.843145458065387,2.843145458065387,,,,,,
754,1,DDP,,Bosque_nativo_sinproteger,,,2044,,,,,,,,,,,,,,,2.692763244587959,2.692763244587959,,,,,,
754,1,DDP,,Bosque_nativo_sinproteger,,,2045,,,,,,,,,,,,,,,2.544100257116615,2.544100257116615,,,,,,
754,1,DDP,,Bosque_nativo_sinproteger,,,2046,,,,,,,,,,,,,,,2.3971601826055515,2.3971601826055515,,,,,,
754,1,DDP,,Bosque_nativo_sinproteger,,,2047,,,,,,,,,,,,,,,2.251947368702981,2.251947368702981,,,,,,
754,1,DDP,,Bosque_nativo_sinproteger,,,2048,,,,,,,,,,,,,,,2.1084668334706156,2.1084668334706156,,,,,,
754,1,DDP,,Bosque_nativo_sinproteger,,,2049,,,,,,,,,,,,,,,1.9667242758526868,1.9667242758526868,,,,,,
754,1,DDP,,Bosque_nativo_sinproteger,,,2050,,,,,,,,,,,,,,,1.8267260869265107,1.8267260869265107,,,,,,
754,1,DDP,,Bosque_nativo_sinproteger,,,2051,,,,,,,,,,,,,,,1.8095451513611855,1.8095451513611855,,,,,,
754,1,DDP,,Bosque_nativo_sinproteger,,,2052,,,,,,,,,,,,,,,1.7932744971443528,1.7932744971443528,,,,,,
754,1,DDP,,Bosque_nativo_sinproteger,,,2053,,,,,,,,,,,,,,,1.7779109481466826,1.7779109481466826,,,,,,
754,1,DDP,,Bosque_nativo_sinproteger,,,2054,,,,,,,,,,,,,,,1.7634515787493652,1.7634515787493652,,,,,,
754,1,DDP,,Bosque_nativo_sinproteger,,,2055,,,,,,,,,,,,,,,1.7498937122577196,1.7498937122577196,,,,,,
754,1,DDP,,Bosque_nativo_sinproteger,,,2056,,,,,,,,,,,,,,,1.7372349194320262,1.7372349194320262,,,,,,
754,1,DDP,,Bosque_nativo_sinproteger,,,2057,,,,,,,,,,,,,,,1.725473017134404,1.725473017134404,,,,,,
754,1,DDP,,Bosque_nativo_sinproteger,,,2058,,,,,,,,,,,,,,,1.714606067090569,1.714606067090569,,,,,,
754,1,DDP,,Bosque_nativo_sinproteger,,,2059,,,,,,,,,,,,,,,1.704632374765425,1.704632374765425,,,,,,
754,1,DDP,,Bosque_nativo_sinproteger,,,2060,,,,,,,,,,,,,,,1.6955504883515073,1.6955504883515073,,,,,,
754,1,DDP,,Bosque_nativo_sinproteger,,,2061,,,,,,,,,,,,,,,1.6873591978693443,1.6873591978693443,,,,,,
754,1,DDP,,Bosque_nativo_sinproteger,,,2062,,,,,,,,,,,,,,,1.6800575343789337,1.6800575343789337,,,,,,
754,1,DDP,,Bosque_nativo_sinproteger,,,2063,,,,,,,,,,,,,,,1.673644769301531,1.673644769301531,,,,,,
754,1,DDP,,Bosque_nativo_sinproteger,,,2064,,,,,,,,,,,,,,,1.6681204138510872,1.6681204138510872,,,,,,
754,1,DDP,,Bosque_nativo_sinproteger,,,2065,,,,,,,,,,,,,,,1.6634842185746814,1.6634842185746814,,,,,,
754,1,DDP,,Bosque_nativo_sinproteger,,,2066,,,,,,,,,,,,,,,1.6597361730014277,1.6597361730014277,,,,,,
754,1,DDP,,Bosque_nativo_sinproteger,,,2067,,,,,,,,,,,,,,,1.6568765053993333,1.6568765053993333,,,,,,
754,1,DDP,,Bosque_nativo_sinproteger,,,2068,,,,,,,,,,,,,,,1.6549056826397213,1.6549056826397213,,,,,,
754,1,DDP,,Bosque_nativo_sinproteger,,,2069,,,,,,,,,,,,,,,1.6538244101688526,1.6538244101688526,,,,,,
754,1,DDP,,Bosque_nativo_sinproteger,,,2070,,,,,,,,,,,,,,,1.6536336320864677,1.6536336320864677,,,,,,
754,1,DDP,,Gallinas_campos,,,2018,,,,,,,,,,,,,,,3.196303,3.196303,,,,,,
754,1,DDP,,Gallinas_campos,,,2019,,,,,,,,,,,,,,,4.775794,4.775794,,,,,,
754,1,DDP,,Gallinas_campos,,,2020,,,,,,,,,,,,,,,3.759096,3.759096,,,,,,
754,1,DDP,,Gallinas_campos,,,2021,,,,,,,,,,,,,,,4.591351,4.591351,,,,,,
754,1,DDP,,Gallinas_campos,,,2022,,,,,,,,,,,,,,,4.653073716956363,4.653073716956363,,,,,,
754,1,DDP,,Gallinas_campos,,,2023,,,,,,,,,,,,,,,4.71427008308822,4.71427008308822,,,,,,
754,1,DDP,,Gallinas_campos,,,2024,,,,,,,,,,,,,,,4.774903628878982,4.774903628878982,,,,,,
754,1,DDP,,Gallinas_campos,,,2025,,,,,,,,,,,,,,,4.834962973770282,4.834962973770282,,,,,,
754,1,DDP,,Gallinas_campos,,,2026,,,,,,,,,,,,,,,4.894380869008129,4.894380869008129,,,,,,
754,1,DDP,,Gallinas_campos,,,2027,,,,,,,,,,,,,,,4.9531348121248415,4.9531348121248415,,,,,,
754,1,DDP,,Gallinas_campos,,,2028,,,,,,,,,,,,,,,5.011182643324647,5.011182643324647,,,,,,
754,1,DDP,,Gallinas_campos,,,2029,,,,,,,,,,,,,,,5.0685160858378255,5.0685160858378255,,,,,,
754,1,DDP,,Gallinas_campos,,,2030,,,,,,,,,,,,,,,5.1250707360499765,5.1250707360499765,,,,,,
754,1,DDP,,Gallinas_campos,,,2031,,,,,,,,,,,,,,,5.180816332021804,5.180816332021804,,,,,,
754,1,DDP,,Gallinas_campos,,,2032,,,,,,,,,,,,,,,5.235713817746182,5.235713817746182,,,,,,
754,1,DDP,,Gallinas_campos,,,2033,,,,,,,,,,,,,,,5.289717929638695,5.289717929638695,,,,,,
754,1,DDP,,Gallinas_campos,,,2034,,,,,,,,,,,,,,,5.342806423880715,5.342806423880715,,,,,,
754,1,DDP,,Gallinas_campos,,,2035,,,,,,,,,,,,,,,5.394940503114169,5.394940503114169,,,,,,
754,1,DDP,,Gallinas_campos,,,2036,,,,,,,,,,,,,,,5.446097406222324,5.446097406222324,,,,,,
754,1,DDP,,Gallinas_campos,,,2037,,,,,,,,,,,,,,,5.4962334215150825,5.4962334215150825,,,,,,
754,1,DDP,,Gallinas_campos,,,2038,,,,,,,,,,,,,,,5.545331219505842,5.545331219505842,,,,,,
754,1,DDP,,Gallinas_campos,,,2039,,,,,,,,,,,,,,,5.593358469062874,5.593358469062874,,,,,,
754,1,DDP,,Gallinas_campos,,,2040,,,,,,,,,,,,,,,5.640292667718497,5.640292667718497,,,,,,
754,1,DDP,,Gallinas_campos,,,2041,,,,,,,,,,,,,,,5.686127866544474,5.686127866544474,,,,,,
754,1,DDP,,Gallinas_campos,,,2042,,,,,,,,,,,,,,,5.730848287948523,5.730848287948523,,,,,,
754,1,DDP,,Gallinas_campos,,,2043,,,,,,,,,,,,,,,5.774426256481885,5.774426256481885,,,,,,
754,1,DDP,,Gallinas_campos,,,2044,,,,,,,,,,,,,,,5.816856081865377,5.816856081865377,,,,,,
754,1,DDP,,Gallinas_campos,,,2045,,,,,,,,,,,,,,,5.858110088650241,5.858110088650241,,,,,,
754,1,DDP,,Gallinas_campos,,,2046,,,,,,,,,,,,,,,5.898181293312025,5.898181293312025,,,,,,
754,1,DDP,,Gallinas_campos,,,2047,,,,,,,,,,,,,,,5.937076162077072,5.937076162077072,,,,,,
754,1,DDP,,Gallinas_campos,,,2048,,,,,,,,,,,,,,,5.974761329217442,5.974761329217442,,,,,,
754,1,DDP,,Gallinas_campos,,,2049,,,,,,,,,,,,,,,6.011246882046232,6.011246882046232,,,,,,
754,1,DDP,,Gallinas_campos,,,2050,,,,,,,,,,,,,,,6.046545494367081,6.046545494367081,,,,,,
754,1,DDP,,Gallinas_campos,,,2051,,,,,,,,,,,,,,,6.0806333616971155,6.0806333616971155,,,,,,
754,1,DDP,,Gallinas_campos,,,2052,,,,,,,,,,,,,,,6.11348738601201,6.11348738601201,,,,,,
754,1,DDP,,Gallinas_campos,,,2053,,,,,,,,,,,,,,,6.145085201727636,6.145085201727636,,,,,,
754,1,DDP,,Gallinas_campos,,,2054,,,,,,,,,,,,,,,6.175405200981516,6.175405200981516,,,,,,
754,1,DDP,,Gallinas_campos,,,2055,,,,,,,,,,,,,,,6.204426558174244,6.204426558174244,,,,,,
754,1,DDP,,Gallinas_campos,,,2056,,,,,,,,,,,,,,,6.23212925373198,6.23212925373198,,,,,,
754,1,DDP,,Gallinas_campos,,,2057,,,,,,,,,,,,,,,6.258494097052209,6.258494097052209,,,,,,
754,1,DDP,,Gallinas_campos,,,2058,,,,,,,,,,,,,,,6.283502748596042,6.283502748596042,,,,,,
754,1,DDP,,Gallinas_campos,,,2059,,,,,,,,,,,,,,,6.307137741091581,6.307137741091581,,,,,,
754,1,DDP,,Gallinas_campos,,,2060,,,,,,,,,,,,,,,6.329382499814117,6.329382499814117,,,,,,
754,1,DDP,,Gallinas_campos,,,2061,,,,,,,,,,,,,,,6.3502213619102905,6.3502213619102905,,,,,,
754,1,DDP,,Gallinas_campos,,,2062,,,,,,,,,,,,,,,6.369639594734748,6.369639594734748,,,,,,
754,1,DDP,,Gallinas_campos,,,2063,,,,,,,,,,,,,,,6.387623413169325,6.387623413169325,,,,,,
754,1,DDP,,Gallinas_campos,,,2064,,,,,,,,,,,,,,,6.404159995896315,6.404159995896315,,,,,,
754,1,DDP,,Gallinas_campos,,,2065,,,,,,,,,,,,,,,6.419237500598976,6.419237500598976,,,,,,
754,1,DDP,,Gallinas_campos,,,2066,,,,,,,,,,,,,,,6.432845078064154,6.432845078064154,,,,,,
754,1,DDP,,Gallinas_campos,,,2067,,,,,,,,,,,,,,,6.444972885163483,6.444972885163483,,,,,,
754,1,DDP,,Gallinas_campos,,,2068,,,,,,,,,,,,,,,6.455612096691549,6.455612096691549,,,,,,
754,1,DDP,,Gallinas_campos,,,2069,,,,,,,,,,,,,,,6.4647549160410795,6.4647549160410795,,,,,,
754,1,DDP,,Gallinas_campos,,,2070,,,,,,,,,,,,,,,6.472394584697146,6.472394584697146,,,,,,
754,1,DDP,,Gallinas_planteles,,,2018,,,,,,,,,,,,,,,9.759176,9.759176,,,,,,
754,1,DDP,,Gallinas_planteles,,,2019,,,,,,,,,,,,,,,11.336435,11.336435,,,,,,
754,1,DDP,,Gallinas_planteles,,,2020,,,,,,,,,,,,,,,13.972704,13.972704,,,,,,
754,1,DDP,,Gallinas_planteles,,,2021,,,,,,,,,,,,,,,16.613863,16.613863,,,,,,
754,1,DDP,,Gallinas_planteles,,,2022,,,,,,,,,,,,,,,16.83720744992352,16.83720744992352,,,,,,
754,1,DDP,,Gallinas_planteles,,,2023,,,,,,,,,,,,,,,17.05864729257822,17.05864729257822,,,,,,
754,1,DDP,,Gallinas_planteles,,,2024,,,,,,,,,,,,,,,17.27805056254646,17.27805056254646,,,,,,
754,1,DDP,,Gallinas_planteles,,,2025,,,,,,,,,,,,,,,17.495376079130537,17.495376079130537,,,,,,
754,1,DDP,,Gallinas_planteles,,,2026,,,,,,,,,,,,,,,17.710380501844014,17.710380501844014,,,,,,
754,1,DDP,,Gallinas_planteles,,,2027,,,,,,,,,,,,,,,17.922982405216434,17.922982405216434,,,,,,
754,1,DDP,,Gallinas_planteles,,,2028,,,,,,,,,,,,,,,18.133029233481295,18.133029233481295,,,,,,
754,1,DDP,,Gallinas_planteles,,,2029,,,,,,,,,,,,,,,18.340491037040273,18.340491037040273,,,,,,
754,1,DDP,,Gallinas_planteles,,,2030,,,,,,,,,,,,,,,18.54513477058136,18.54513477058136,,,,,,
754,1,DDP,,Gallinas_planteles,,,2031,,,,,,,,,,,,,,,18.746850930885657,18.746850930885657,,,,,,
754,1,DDP,,Gallinas_planteles,,,2032,,,,,,,,,,,,,,,18.945498193286046,18.945498193286046,,,,,,
754,1,DDP,,Gallinas_planteles,,,2033,,,,,,,,,,,,,,,19.140912770916657,19.140912770916657,,,,,,
754,1,DDP,,Gallinas_planteles,,,2034,,,,,,,,,,,,,,,19.33301417423198,19.33301417423198,,,,,,
754,1,DDP,,Gallinas_planteles,,,2035,,,,,,,,,,,,,,,19.52166201448984,19.52166201448984,,,,,,
754,1,DDP,,Gallinas_planteles,,,2036,,,,,,,,,,,,,,,19.70677393029483,19.70677393029483,,,,,,
754,1,DDP,,Gallinas_planteles,,,2037,,,,,,,,,,,,,,,19.888191750330765,19.888191750330765,,,,,,
754,1,DDP,,Gallinas_planteles,,,2038,,,,,,,,,,,,,,,20.065852767626144,20.065852767626144,,,,,,
754,1,DDP,,Gallinas_planteles,,,2039,,,,,,,,,,,,,,,20.239639991562484,20.239639991562484,,,,,,
754,1,DDP,,Gallinas_planteles,,,2040,,,,,,,,,,,,,,,20.40947199666933,20.40947199666933,,,,,,
754,1,DDP,,Gallinas_planteles,,,2041,,,,,,,,,,,,,,,20.575327256672878,20.575327256672878,,,,,,
754,1,DDP,,Gallinas_planteles,,,2042,,,,,,,,,,,,,,,20.737148680151314,20.737148680151314,,,,,,
754,1,DDP,,Gallinas_planteles,,,2043,,,,,,,,,,,,,,,20.894836123135217,20.894836123135217,,,,,,
754,1,DDP,,Gallinas_planteles,,,2044,,,,,,,,,,,,,,,21.048368995275737,21.048368995275737,,,,,,
754,1,DDP,,Gallinas_planteles,,,2045,,,,,,,,,,,,,,,21.19764715260346,21.19764715260346,,,,,,
754,1,DDP,,Gallinas_planteles,,,2046,,,,,,,,,,,,,,,21.342645325144794,21.342645325144794,,,,,,
754,1,DDP,,Gallinas_planteles,,,2047,,,,,,,,,,,,,,,21.483386911023434,21.483386911023434,,,,,,
754,1,DDP,,Gallinas_planteles,,,2048,,,,,,,,,,,,,,,21.61975117592111,21.61975117592111,,,,,,
754,1,DDP,,Gallinas_planteles,,,2049,,,,,,,,,,,,,,,21.751774620910783,21.751774620910783,,,,,,
754,1,DDP,,Gallinas_planteles,,,2050,,,,,,,,,,,,,,,21.879503106314903,21.879503106314903,,,,,,
754,1,DDP,,Gallinas_planteles,,,2051,,,,,,,,,,,,,,,22.002850495304198,22.002850495304198,,,,,,
754,1,DDP,,Gallinas_planteles,,,2052,,,,,,,,,,,,,,,22.121733207378774,22.121733207378774,,,,,,
754,1,DDP,,Gallinas_planteles,,,2053,,,,,,,,,,,,,,,22.236070312383085,22.236070312383085,,,,,,
754,1,DDP,,Gallinas_planteles,,,2054,,,,,,,,,,,,,,,22.345783621987177,22.345783621987177,,,,,,
754,1,DDP,,Gallinas_planteles,,,2055,,,,,,,,,,,,,,,22.450797778490145,22.450797778490145,,,,,,
754,1,DDP,,Gallinas_planteles,,,2056,,,,,,,,,,,,,,,22.551040340805013,22.551040340805013,,,,,,
754,1,DDP,,Gallinas_planteles,,,2057,,,,,,,,,,,,,,,22.64644186748828,22.64644186748828,,,,,,
754,1,DDP,,Gallinas_planteles,,,2058,,,,,,,,,,,,,,,22.736935996681186,22.736935996681186,,,,,,
754,1,DDP,,Gallinas_planteles,,,2059,,,,,,,,,,,,,,,22.822459522834365,22.822459522834365,,,,,,
754,1,DDP,,Gallinas_planteles,,,2060,,,,,,,,,,,,,,,22.902952470092,22.902952470092,,,,,,
754,1,DDP,,Gallinas_planteles,,,2061,,,,,,,,,,,,,,,22.97835816221654,22.97835816221654,,,,,,
754,1,DDP,,Gallinas_planteles,,,2062,,,,,,,,,,,,,,,23.048623288940163,23.048623288940163,,,,,,
754,1,DDP,,Gallinas_planteles,,,2063,,,,,,,,,,,,,,,23.11369796863443,23.11369796863443,,,,,,
754,1,DDP,,Gallinas_planteles,,,2064,,,,,,,,,,,,,,,23.173535807195314,23.173535807195314,,,,,,
754,1,DDP,,Gallinas_planteles,,,2065,,,,,,,,,,,,,,,23.22809395304648,23.22809395304648,,,,,,
754,1,DDP,,Gallinas_planteles,,,2066,,,,,,,,,,,,,,,23.27733314816973,23.27733314816973,,,,,,
754,1,DDP,,Gallinas_planteles,,,2067,,,,,,,,,,,,,,,23.321217775077734,23.321217775077734,,,,,,
754,1,DDP,,Gallinas_planteles,,,2068,,,,,,,,,,,,,,,23.359715899650507,23.359715899650507,,,,,,
754,1,DDP,,Gallinas_planteles,,,2069,,,,,,,,,,,,,,,23.39279930976375,23.39279930976375,,,,,,
754,1,DDP,,Gallinas_planteles,,,2070,,,,,,,,,,,,,,,23.420443549643746,23.420443549643746,,,,,,
754,1,DDP,,Pasturas,,,2018,,,,,,,,,,,,,,,5.118945,5.118945,,,,,,
754,1,DDP,,Pasturas,,,2019,,,,,,,,,,,,,,,5.139954555688213,5.139954555688213,,,,,,
754,1,DDP,,Pasturas,,,2020,,,,,,,,,,,,,,,5.188066752618312,5.188066752618312,,,,,,
754,1,DDP,,Pasturas,,,2021,,,,,,,,,,,,,,,5.208709230888434,5.208709230888434,,,,,,
754,1,DDP,,Pasturas,,,2022,,,,,,,,,,,,,,,5.253190093068515,5.253190093068515,,,,,,
754,1,DDP,,Pasturas,,,2023,,,,,,,,,,,,,,,5.20386236285751,5.20386236285751,,,,,,
754,1,DDP,,Pasturas,,,2024,,,,,,,,,,,,,,,5.178913613459926,5.178913613459926,,,,,,
754,1,DDP,,Pasturas,,,2025,,,,,,,,,,,,,,,5.162794901823666,5.162794901823666,,,,,,
754,1,DDP,,Pasturas,,,2026,,,,,,,,,,,,,,,5.169837036162606,5.169837036162606,,,,,,
754,1,DDP,,Pasturas,,,2027,,,,,,,,,,,,,,,5.172694556127516,5.172694556127516,,,,,,
754,1,DDP,,Pasturas,,,2028,,,,,,,,,,,,,,,5.173863995212107,5.173863995212107,,,,,,
754,1,DDP,,Pasturas,,,2029,,,,,,,,,,,,,,,5.171901813973143,5.171901813973143,,,,,,
754,1,DDP,,Pasturas,,,2030,,,,,,,,,,,,,,,5.169790654826844,5.169790654826844,,,,,,
754,1,DDP,,Pasturas,,,2031,,,,,,,,,,,,,,,5.163983094712753,5.163983094712753,,,,,,
754,1,DDP,,Pasturas,,,2032,,,,,,,,,,,,,,,5.15915236789286,5.15915236789286,,,,,,
754,1,DDP,,Pasturas,,,2033,,,,,,,,,,,,,,,5.154555626944486,5.154555626944486,,,,,,
754,1,DDP,,Pasturas,,,2034,,,,,,,,,,,,,,,5.147357587650278,5.147357587650278,,,,,,
754,1,DDP,,Pasturas,,,2035,,,,,,,,,,,,,,,5.139284648134586,5.139284648134586,,,,,,
754,1,DDP,,Pasturas,,,2036,,,,,,,,,,,,,,,5.129769945137936,5.129769945137936,,,,,,
754,1,DDP,,Pasturas,,,2037,,,,,,,,,,,,,,,5.118851332667024,5.118851332667024,,,,,,
754,1,DDP,,Pasturas,,,2038,,,,,,,,,,,,,,,5.107247436032351,5.107247436032351,,,,,,
754,1,DDP,,Pasturas,,,2039,,,,,,,,,,,,,,,5.095916516918028,5.095916516918028,,,,,,
754,1,DDP,,Pasturas,,,2040,,,,,,,,,,,,,,,5.0833660687408,5.0833660687408,,,,,,
754,1,DDP,,Pasturas,,,2041,,,,,,,,,,,,,,,5.070237833124349,5.070237833124349,,,,,,
754,1,DDP,,Pasturas,,,2042,,,,,,,,,,,,,,,5.056343772859899,5.056343772859899,,,,,,
754,1,DDP,,Pasturas,,,2043,,,,,,,,,,,,,,,5.0408334392415295,5.0408334392415295,,,,,,
754,1,DDP,,Pasturas,,,2044,,,,,,,,,,,,,,,5.025637618752755,5.025637618752755,,,,,,
754,1,DDP,,Pasturas,,,2045,,,,,,,,,,,,,,,5.00912109438685,5.00912109438685,,,,,,
754,1,DDP,,Pasturas,,,2046,,,,,,,,,,,,,,,4.99285447356803,4.99285447356803,,,,,,
754,1,DDP,,Pasturas,,,2047,,,,,,,,,,,,,,,4.974925581666308,4.974925581666308,,,,,,
754,1,DDP,,Pasturas,,,2048,,,,,,,,,,,,,,,4.956090285359527,4.956090285359527,,,,,,
754,1,DDP,,Pasturas,,,2049,,,,,,,,,,,,,,,4.9365651290647845,4.9365651290647845,,,,,,
754,1,DDP,,Pasturas,,,2050,,,,,,,,,,,,,,,4.916148410791956,4.916148410791956,,,,,,
754,1,DDP,,Pasturas,,,2051,,,,,,,,,,,,,,,4.914698796694418,4.914698796694418,,,,,,
754,1,DDP,,Pasturas,,,2052,,,,,,,,,,,,,,,4.912726660883186,4.912726660883186,,,,,,
754,1,DDP,,Pasturas,,,2053,,,,,,,,,,,,,,,4.910264931891996,4.910264931891996,,,,,,
754,1,DDP,,Pasturas,,,2054,,,,,,,,,,,,,,,4.907349329172578,4.907349329172578,,,,,,
754,1,DDP,,Pasturas,,,2055,,,,,,,,,,,,,,,4.903956912269505,4.903956912269505,,,,,,
754,1,DDP,,Pasturas,,,2056,,,,,,,,,,,,,,,4.9000663402867275,4.9000663402867275,,,,,,
754,1,DDP,,Pasturas,,,2057,,,,,,,,,,,,,,,4.895665087148286,4.895665087148286,,,,,,
754,1,DDP,,Pasturas,,,2058,,,,,,,,,,,,,,,4.890758299431841,4.890758299431841,,,,,,
754,1,DDP,,Pasturas,,,2059,,,,,,,,,,,,,,,4.8853408281786574,4.8853408281786574,,,,,,
754,1,DDP,,Pasturas,,,2060,,,,,,,,,,,,,,,4.879448086784609,4.879448086784609,,,,,,
754,1,DDP,,Pasturas,,,2061,,,,,,,,,,,,,,,4.873021532061103,4.873021532061103,,,,,,
754,1,DDP,,Pasturas,,,2062,,,,,,,,,,,,,,,4.866086742997871,4.866086742997871,,,,,,
754,1,DDP,,Pasturas,,,2063,,,,,,,,,,,,,,,4.858591374068857,4.858591374068857,,,,,,
754,1,DDP,,Pasturas,,,2064,,,,,,,,,,,,,,,4.850574219726478,4.850574219726478,,,,,,
754,1,DDP,,Pasturas,,,2065,,,,,,,,,,,,,,,4.842037301316362,4.842037301316362,,,,,,
754,1,DDP,,Pasturas,,,2066,,,,,,,,,,,,,,,4.832972955483367,4.832972955483367,,,,,,
754,1,DDP,,Pasturas,,,2067,,,,,,,,,,,,,,,4.823383835862158,4.823383835862158,,,,,,
754,1,DDP,,Pasturas,,,2068,,,,,,,,,,,,,,,4.813304843812793,4.813304843812793,,,,,,
754,1,DDP,,Pasturas,,,2069,,,,,,,,,,,,,,,4.802733336989239,4.802733336989239,,,,,,
754,1,DDP,,Pasturas,,,2070,,,,,,,,,,,,,,,4.79166770282577,4.79166770282577,,,,,,
754,1,DDP,,Vacuno_otras_especies,,,2018,,,,,,,,,,,,,,,0.335294,0.335294,,,,,,
754,1,DDP,,Vacuno_otras_especies,,,2019,,,,,,,,,,,,,,,0.369439,0.369439,,,,,,
754,1,DDP,,Vacuno_otras_especies,,,2020,,,,,,,,,,,,,,,0.285605,0.285605,,,,,,
754,1,DDP,,Vacuno_otras_especies,,,2021,,,,,,,,,,,,,,,0.366119,0.366119,,,,,,
754,1,DDP,,Vacuno_otras_especies,,,2022,,,,,,,,,,,,,,,0.3710408322470547,0.3710408322470547,,,,,,
754,1,DDP,,Vacuno_otras_especies,,,2023,,,,,,,,,,,,,,,0.3759206927438516,0.3759206927438516,,,,,,
754,1,DDP,,Vacuno_otras_especies,,,2024,,,,,,,,,,,,,,,0.3807556733740339,0.3807556733740339,,,,,,
754,1,DDP,,Vacuno_otras_especies,,,2025,,,,,,,,,,,,,,,0.3855448666402986,0.3855448666402986,,,,,,
754,1,DDP,,Vacuno_otras_especies,,,2026,,,,,,,,,,,,,,,0.3902829100585834,0.3902829100585834,,,,,,
754,1,DDP,,Vacuno_otras_especies,,,2027,,,,,,,,,,,,,,,0.3949680092592212,0.3949680092592212,,,,,,
754,1,DDP,,Vacuno_otras_especies,,,2028,,,,,,,,,,,,,,,0.3995968023772036,0.3995968023772036,,,,,,
754,1,DDP,,Vacuno_otras_especies,,,2029,,,,,,,,,,,,,,,0.4041686294144923,0.4041686294144923,,,,,,
754,1,DDP,,Vacuno_otras_especies,,,2030,,,,,,,,,,,,,,,0.4086783547613504,0.4086783547613504,,,,,,
754,1,DDP,,Vacuno_otras_especies,,,2031,,,,,,,,,,,,,,,0.41312356529995,0.41312356529995,,,,,,
754,1,DDP,,Vacuno_otras_especies,,,2032,,,,,,,,,,,,,,,0.417501146664547,0.417501146664547,,,,,,
754,1,DDP,,Vacuno_otras_especies,,,2033,,,,,,,,,,,,,,,0.4218074894908687,0.4218074894908687,,,,,,
754,1,DDP,,Vacuno_otras_especies,,,2034,,,,,,,,,,,,,,,0.4260408200341868,0.4260408200341868,,,,,,
754,1,DDP,,Vacuno_otras_especies,,,2035,,,,,,,,,,,,,,,0.430198044553696,0.430198044553696,,,,,,
754,1,DDP,,Vacuno_otras_especies,,,2036,,,,,,,,,,,,,,,0.4342773480547907,0.4342773480547907,,,,,,
754,1,DDP,,Vacuno_otras_especies,,,2037,,,,,,,,,,,,,,,0.4382752449228302,0.4382752449228302,,,,,,
754,1,DDP,,Vacuno_otras_especies,,,2038,,,,,,,,,,,,,,,0.4421903532869214,0.4421903532869214,,,,,,
754,1,DDP,,Vacuno_otras_especies,,,2039,,,,,,,,,,,,,,,0.4460200950297267,0.4460200950297267,,,,,,
754,1,DDP,,Vacuno_otras_especies,,,2040,,,,,,,,,,,,,,,0.4497626757815791,0.4497626757815791,,,,,,
754,1,DDP,,Vacuno_otras_especies,,,2041,,,,,,,,,,,,,,,0.4534176211688884,0.4534176211688884,,,,,,
754,1,DDP,,Vacuno_otras_especies,,,2042,,,,,,,,,,,,,,,0.4569836730703938,0.4569836730703938,,,,,,
754,1,DDP,,Vacuno_otras_especies,,,2043,,,,,,,,,,,,,,,0.4604586246176543,0.4604586246176543,,,,,,
754,1,DDP,,Vacuno_otras_especies,,,2044,,,,,,,,,,,,,,,0.4638420220620184,0.4638420220620184,,,,,,
754,1,DDP,,Vacuno_otras_especies,,,2045,,,,,,,,,,,,,,,0.4671316585350451,0.4671316585350451,,,,,,
754,1,DDP,,Vacuno_otras_especies,,,2046,,,,,,,,,,,,,,,0.4703269771633894,0.4703269771633894,,,,,,
754,1,DDP,,Vacuno_otras_especies,,,2047,,,,,,,,,,,,,,,0.473428493570519,0.473428493570519,,,,,,
754,1,DDP,,Vacuno_otras_especies,,,2048,,,,,,,,,,,,,,,0.4764335471393411,0.4764335471393411,,,,,,
754,1,DDP,,Vacuno_otras_especies,,,2049,,,,,,,,,,,,,,,0.4793429422424652,0.4793429422424652,,,,,,
754,1,DDP,,Vacuno_otras_especies,,,2050,,,,,,,,,,,,,,,0.4821576895018877,0.4821576895018877,,,,,,
754,1,DDP,,Vacuno_otras_especies,,,2051,,,,,,,,,,,,,,,0.4848758907239257,0.4848758907239257,,,,,,
754,1,DDP,,Vacuno_otras_especies,,,2052,,,,,,,,,,,,,,,0.4874957040486192,0.4874957040486192,,,,,,
754,1,DDP,,Vacuno_otras_especies,,,2053,,,,,,,,,,,,,,,0.4900153460215351,0.4900153460215351,,,,,,
754,1,DDP,,Vacuno_otras_especies,,,2054,,,,,,,,,,,,,,,0.4924330936097354,0.4924330936097354,,,,,,
754,1,DDP,,Vacuno_otras_especies,,,2055,,,,,,,,,,,,,,,0.4947472861587356,0.4947472861587356,,,,,,
754,1,DDP,,Vacuno_otras_especies,,,2056,,,,,,,,,,,,,,,0.4969563272873495,0.4969563272873495,,,,,,
754,1,DDP,,Vacuno_otras_especies,,,2057,,,,,,,,,,,,,,,0.4990586867174081,0.4990586867174081,,,,,,
754,1,DDP,,Vacuno_otras_especies,,,2058,,,,,,,,,,,,,,,0.5010529020354215,0.5010529020354215,,,,,,
754,1,DDP,,Vacuno_otras_especies,,,2059,,,,,,,,,,,,,,,0.5029375803833576,0.5029375803833576,,,,,,
754,1,DDP,,Vacuno_otras_especies,,,2060,,,,,,,,,,,,,,,0.5047114000758046,0.5047114000758046,,,,,,
754,1,DDP,,Vacuno_otras_especies,,,2061,,,,,,,,,,,,,,,0.5063731121409002,0.5063731121409002,,,,,,
754,1,DDP,,Vacuno_otras_especies,,,2062,,,,,,,,,,,,,,,0.5079215417825149,0.5079215417825149,,,,,,
754,1,DDP,,Vacuno_otras_especies,,,2063,,,,,,,,,,,,,,,0.5093555897613015,0.5093555897613015,,,,,,
754,1,DDP,,Vacuno_otras_especies,,,2064,,,,,,,,,,,,,,,0.510674233692341,0.510674233692341,,,,,,
754,1,DDP,,Vacuno_otras_especies,,,2065,,,,,,,,,,,,,,,0.5118765292572486,0.5118765292572486,,,,,,
754,1,DDP,,Vacuno_otras_especies,,,2066,,,,,,,,,,,,,,,0.5129616113287289,0.5129616113287289,,,,,,
754,1,DDP,,Vacuno_otras_especies,,,2067,,,,,,,,,,,,,,,0.5139286950057119,0.5139286950057119,,,,,,
754,1,DDP,,Vacuno_otras_especies,,,2068,,,,,,,,,,,,,,,0.5147770765573388,0.5147770765573388,,,,,,
754,1,DDP,,Vacuno_otras_especies,,,2069,,,,,,,,,,,,,,,0.5155061342742137,0.5155061342742137,,,,,,
754,1,DDP,,Vacuno_otras_especies,,,2070,,,,,,,,,,,,,,,0.5161153292254796,0.5161153292254796,,,,,,
754,1,DDP,,Cambio_de_uso,,,2018,,,,,,,,,,,,,,,1.0,1.0,,,,,,
754,1,DDP,,Cambio_de_uso,,,2019,,,,,,,,,,,,,,,1.0,1.0,,,,,,
754,1,DDP,,Cambio_de_uso,,,2020,,,,,,,,,,,,,,,1.0,1.0,,,,,,
754,1,DDP,,Cambio_de_uso,,,2021,,,,,,,,,,,,,,,1.0,1.0,,,,,,
754,1,DDP,,Cambio_de_uso,,,2022,,,,,,,,,,,,,,,1.0,1.0,,,,,,
754,1,DDP,,Cambio_de_uso,,,2023,,,,,,,,,,,,,,,1.0,1.0,,,,,,
754,1,DDP,,Cambio_de_uso,,,2024,,,,,,,,,,,,,,,1.0,1.0,,,,,,
754,1,DDP,,Cambio_de_uso,,,2025,,,,,,,,,,,,,,,1.0,1.0,,,,,,
754,1,DDP,,Cambio_de_uso,,,2026,,,,,,,,,,,,,,,1.0,1.0,,,,,,
754,1,DDP,,Cambio_de_uso,,,2027,,,,,,,,,,,,,,,1.0,1.0,,,,,,
754,1,DDP,,Cambio_de_uso,,,2028,,,,,,,,,,,,,,,1.0,1.0,,,,,,
754,1,DDP,,Cambio_de_uso,,,2029,,,,,,,,,,,,,,,1.0,1.0,,,,,,
754,1,DDP,,Cambio_de_uso,,,2030,,,,,,,,,,,,,,,1.0,1.0,,,,,,
754,1,DDP,,Cambio_de_uso,,,2031,,,,,,,,,,,,,,,1.0,1.0,,,,,,
754,1,DDP,,Cambio_de_uso,,,2032,,,,,,,,,,,,,,,1.0,1.0,,,,,,
754,1,DDP,,Cambio_de_uso,,,2033,,,,,,,,,,,,,,,1.0,1.0,,,,,,
754,1,DDP,,Cambio_de_uso,,,2034,,,,,,,,,,,,,,,1.0,1.0,,,,,,
754,1,DDP,,Cambio_de_uso,,,2035,,,,,,,,,,,,,,,1.0,1.0,,,,,,
754,1,DDP,,Cambio_de_uso,,,2036,,,,,,,,,,,,,,,1.0,1.0,,,,,,
754,1,DDP,,Cambio_de_uso,,,2037,,,,,,,,,,,,,,,1.0,1.0,,,,,,
754,1,DDP,,Cambio_de_uso,,,2038,,,,,,,,,,,,,,,1.0,1.0,,,,,,
754,1,DDP,,Cambio_de_uso,,,2039,,,,,,,,,,,,,,,1.0,1.0,,,,,,
754,1,DDP,,Cambio_de_uso,,,2040,,,,,,,,,,,,,,,1.0,1.0,,,,,,
754,1,DDP,,Cambio_de_uso,,,2041,,,,,,,,,,,,,,,1.0,1.0,,,,,,
754,1,DDP,,Cambio_de_uso,,,2042,,,,,,,,,,,,,,,1.0,1.0,,,,,,
754,1,DDP,,Cambio_de_uso,,,2043,,,,,,,,,,,,,,,1.0,1.0,,,,,,
754,1,DDP,,Cambio_de_uso,,,2044,,,,,,,,,,,,,,,1.0,1.0,,,,,,
754,1,DDP,,Cambio_de_uso,,,2045,,,,,,,,,,,,,,,1.0,1.0,,,,,,
754,1,DDP,,Cambio_de_uso,,,2046,,,,,,,,,,,,,,,1.0,1.0,,,,,,
754,1,DDP,,Cambio_de_uso,,,2047,,,,,,,,,,,,,,,1.0,1.0,,,,,,
754,1,DDP,,Cambio_de_uso,,,2048,,,,,,,,,,,,,,,1.0,1.0,,,,,,
754,1,DDP,,Cambio_de_uso,,,2049,,,,,,,,,,,,,,,1.0,1.0,,,,,,
754,1,DDP,,Cambio_de_uso,,,2050,,,,,,,,,,,,,,,1.0,1.0,,,,,,
754,1,DDP,,Cambio_de_uso,,,2051,,,,,,,,,,,,,,,1.0,1.0,,,,,,
754,1,DDP,,Cambio_de_uso,,,2052,,,,,,,,,,,,,,,1.0,1.0,,,,,,
754,1,DDP,,Cambio_de_uso,,,2053,,,,,,,,,,,,,,,1.0,1.0,,,,,,
754,1,DDP,,Cambio_de_uso,,,2054,,,,,,,,,,,,,,,1.0,1.0,,,,,,
754,1,DDP,,Cambio_de_uso,,,2055,,,,,,,,,,,,,,,1.0,1.0,,,,,,
754,1,DDP,,Cambio_de_uso,,,2056,,,,,,,,,,,,,,,1.0,1.0,,,,,,
754,1,DDP,,Cambio_de_uso,,,2057,,,,,,,,,,,,,,,1.0,1.0,,,,,,
754,1,DDP,,Cambio_de_uso,,,2058,,,,,,,,,,,,,,,1.0,1.0,,,,,,
754,1,DDP,,Cambio_de_uso,,,2059,,,,,,,,,,,,,,,1.0,1.0,,,,,,
754,1,DDP,,Cambio_de_uso,,,2060,,,,,,,,,,,,,,,1.0,1.0,,,,,,
754,1,DDP,,Cambio_de_uso,,,2061,,,,,,,,,,,,,,,1.0,1.0,,,,,,
754,1,DDP,,Cambio_de_uso,,,2062,,,,,,,,,,,,,,,1.0,1.0,,,,,,
754,1,DDP,,Cambio_de_uso,,,2063,,,,,,,,,,,,,,,1.0,1.0,,,,,,
754,1,DDP,,Cambio_de_uso,,,2064,,,,,,,,,,,,,,,1.0,1.0,,,,,,
754,1,DDP,,Cambio_de_uso,,,2065,,,,,,,,,,,,,,,1.0,1.0,,,,,,
754,1,DDP,,Cambio_de_uso,,,2066,,,,,,,,,,,,,,,1.0,1.0,,,,,,
754,1,DDP,,Cambio_de_uso,,,2067,,,,,,,,,,,,,,,1.0,1.0,,,,,,
754,1,DDP,,Cambio_de_uso,,,2068,,,,,,,,,,,,,,,1.0,1.0,,,,,,
754,1,DDP,,Cambio_de_uso,,,2069,,,,,,,,,,,,,,,1.0,1.0,,,,,,
754,1,DDP,,Cambio_de_uso,,,2070,,,,,,,,,,,,,,,1.0,1.0,,,,,,
